200
-1 361 548 476 305 269 390 743 307 548 287 464 211 204 819 278 88 752 671 536 374 310 385 248 177 663 815 499 585 229 528 524 765 97 765 191 202 442 441 277 525 769 309 365 491 633 376 692 668 114 815 348 537 609 633 513 258 386 662 328 747 489 604 658 484 412 166 499 399 154 520 414 260 310 423 55 95 760 288 626 577 411 265 689 684 276 460 475 546 343 856 253 138 431 559 755 62 583 481 750 640 518 697 896 403 493 292 677 667 694 103 316 574 387 630 232 200 462 692 54 639 492 852 503 553 640 364 376 754 558 337 405 949 466 479 681 479 570 552 438 643 130 477 338 532 646 467 132 435 564 139 397 368 479 410 256 534 761 579 227 593 912 715 531 146 640 330 175 207 703 376 762 227 406 456 467 595 325 300 792 287 718 465 264 546 585 288 399 284 777 739 457 184 294 733 244 357 707 569 547 
361 -1 427 173 557 410 611 416 248 710 200 343 149 203 759 102 339 807 610 241 414 142 110 198 451 372 813 484 483 558 188 709 544 457 769 228 251 612 188 101 376 597 633 681 776 542 629 535 437 474 786 446 799 348 604 437 152 295 588 418 780 160 750 347 442 132 368 771 237 286 749 83 545 655 448 325 304 506 499 333 426 486 603 423 710 85 648 193 594 177 862 504 328 370 519 471 369 685 571 599 405 565 403 869 521 647 68 545 570 381 259 83 352 184 509 243 418 213 495 414 470 519 887 232 358 731 368 577 634 227 272 47 938 286 785 659 683 333 235 422 669 431 125 48 182 763 710 250 103 495 491 409 268 318 325 107 826 707 883 376 799 914 457 659 387 384 466 324 394 576 532 451 158 692 681 413 288 359 98 716 301 618 604 213 858 568 595 44 357 578 709 240 187 468 813 271 145 648 313 265 
548 427 -1 301 488 337 474 409 248 460 595 91 446 370 332 485 465 429 187 276 222 551 317 325 479 288 400 146 57 595 365 487 246 621 361 564 350 412 249 383 56 221 631 650 666 114 525 144 192 615 364 285 648 219 198 63 350 166 162 279 389 341 469 328 109 302 409 643 193 394 568 363 524 692 197 493 570 282 419 280 46 258 639 256 324 441 453 269 264 264 449 467 416 121 130 326 600 377 300 201 184 248 309 445 315 411 424 130 142 347 505 494 150 244 86 606 417 231 166 592 102 207 487 242 111 398 200 434 215 349 215 447 517 143 708 250 493 176 317 149 292 503 396 468 397 448 559 430 358 88 598 189 190 110 139 417 716 281 779 708 574 497 257 389 442 218 328 379 388 159 364 380 382 608 518 103 302 239 361 288 262 192 372 301 774 181 581 408 283 240 291 194 416 371 453 304 286 224 206 251 
476 173 301 -1 590 422 621 266 236 680 373 237 282 277 627 269 427 719 488 68 375 316 92 243 512 201 700 400 357 632 76 690 373 572 661 388 304 597 64 204 244 435 697 737 805 413 653 380 266 581 664 427 813 175 496 331 219 229 462 403 683 41 708 184 352 64 422 793 157 355 749 89 596 735 393 429 445 332 521 162 285 446 680 249 616 236 637 31 523 154 750 544 397 291 417 300 502 628 523 444 235 497 234 744 494 619 214 399 435 220 387 256 190 118 372 412 463 71 331 530 317 449 786 65 207 665 326 582 487 87 238 170 817 163 828 549 676 167 76 352 579 508 95 221 103 706 720 346 72 383 586 357 212 195 248 235 858 580 919 541 783 798 283 618 451 211 460 376 433 430 522 289 249 728 685 325 122 337 178 580 297 480 575 238 900 469 652 135 356 410 592 111 292 479 735 294 125 524 143 91 
305 557 488 590 -1 170 89 828 354 260 567 441 434 354 645 516 249 504 523 625 267 571 518 364 128 718 599 367 496 147 662 227 735 291 550 477 307 166 531 456 498 695 148 161 219 520 74 622 667 263 618 203 245 649 469 430 407 388 527 212 514 621 319 736 384 534 191 213 447 274 215 570 60 218 294 287 395 763 72 691 533 242 175 716 466 491 168 572 341 437 629 56 236 377 426 789 362 327 262 662 648 323 749 688 195 217 496 588 552 767 370 552 589 472 543 524 139 540 654 299 591 325 607 582 553 382 300 93 638 677 358 604 726 490 238 500 178 600 658 339 432 174 637 558 680 372 164 324 585 454 220 299 391 482 390 458 270 591 329 530 288 683 729 266 182 667 160 233 163 604 143 823 399 137 151 385 681 269 464 635 294 593 208 358 310 424 100 580 237 725 553 513 381 120 472 298 470 550 614 621 
269 410 337 422 170 -1 202 658 186 311 465 278 311 216 558 389 184 484 416 455 121 454 356 212 144 549 546 244 357 257 496 303 581 311 495 388 165 207 362 311 337 555 299 326 383 393 230 479 505 296 548 79 394 481 372 285 258 219 412 64 477 455 360 566 245 369 103 371 277 156 339 410 190 355 165 224 335 602 99 521 378 141 302 550 414 357 239 403 276 271 586 133 140 218 306 623 332 321 213 527 484 248 581 628 138 249 356 452 427 598 286 421 423 304 404 438 84 370 501 295 440 226 583 412 389 376 138 167 515 509 188 455 680 321 407 416 273 432 488 196 373 178 476 420 516 391 302 216 424 323 270 152 221 315 224 322 435 501 496 485 389 642 565 276 127 501 65 112 63 472 127 654 260 306 271 237 511 102 313 537 125 474 212 200 479 323 249 427 67 578 473 343 257 58 469 139 306 449 445 451 
390 611 474 621 89 202 -1 842 386 171 642 442 500 411 585 581 327 423 477 647 263 640 558 413 213 727 526 338 471 231 695 137 718 380 480 554 361 89 559 510 493 666 211 201 193 485 57 596 661 353 552 200 192 656 419 411 459 402 485 220 439 655 230 751 365 570 259 174 469 337 139 612 148 284 276 367 478 755 114 704 520 216 251 717 397 552 79 599 283 472 553 137 305 374 390 790 449 249 206 629 646 272 756 616 159 135 554 558 514 780 447 615 591 503 516 603 206 563 638 388 574 286 526 603 553 301 306 40 597 706 383 656 650 501 234 442 89 606 683 326 366 260 679 618 716 286 99 393 626 425 310 293 411 487 398 517 245 534 308 617 203 605 725 186 257 670 161 294 222 570 110 831 457 138 71 372 700 285 514 581 325 550 138 402 300 378 172 629 265 702 492 532 446 144 388 342 508 498 625 639 
743 416 409 266 828 658 842 -1 480 863 609 404 545 542 655 518 690 826 559 209 580 549 358 504 766 121 764 551 449 888 227 884 292 838 739 643 564 799 307 469 366 398 948 983 1034 486 883 390 239 847 712 641 1030 192 593 467 485 441 531 623 779 259 877 91 507 330 677 1017 381 616 957 339 843 992 579 694 709 212 756 138 367 640 936 167 722 492 841 270 673 410 812 788 657 472 538 134 768 786 701 431 231 655 104 778 696 809 471 432 490 62 653 496 261 367 433 659 712 292 314 797 350 611 864 249 302 807 536 802 495 189 470 390 852 340 1064 635 882 240 190 529 696 768 292 460 238 858 938 612 317 494 850 553 436 356 444 498 1086 627 1149 792 975 847 188 794 708 192 681 632 681 454 735 63 515 963 899 487 150 560 444 604 536 514 766 496 1135 588 901 371 590 346 658 315 559 710 856 546 388 584 218 208 
307 248 248 236 354 186 386 480 -1 465 368 159 208 122 555 265 232 565 402 272 165 335 173 80 287 379 586 249 293 410 309 468 458 390 539 322 105 372 177 165 218 464 468 504 569 347 417 389 363 390 569 202 579 316 381 227 116 82 385 175 542 268 503 388 215 183 199 558 100 155 519 229 363 513 201 252 322 458 285 347 272 237 457 393 472 223 410 217 349 85 633 310 188 145 296 463 355 436 322 449 336 319 412 653 275 402 213 379 380 422 257 286 270 118 333 367 232 187 384 355 333 275 650 230 247 483 120 349 461 322 34 287 717 162 592 435 448 272 303 183 430 294 293 273 329 514 486 183 240 285 383 162 61 172 110 191 622 499 683 461 559 688 415 411 232 342 229 157 201 407 294 483 142 492 453 189 330 112 154 519 61 432 358 55 664 338 421 254 121 469 490 166 170 244 567 69 122 440 277 271 
548 710 460 680 260 311 171 863 465 -1 776 462 623 526 468 700 476 266 396 690 305 765 636 515 374 742 384 313 437 402 756 47 684 549 343 696 475 107 616 615 497 609 373 349 273 430 216 551 651 522 421 264 222 671 336 398 562 450 413 292 292 719 59 776 356 641 398 240 523 466 138 693 319 445 289 517 631 737 260 727 506 233 418 717 268 666 92 653 205 548 402 300 443 396 343 786 609 112 162 567 644 213 767 474 190 63 663 506 451 800 591 731 602 568 474 746 351 613 609 553 547 253 365 647 561 148 354 173 521 757 449 752 496 534 333 339 95 623 730 336 251 422 754 726 782 118 167 526 702 387 480 322 468 511 434 630 310 426 366 775 115 451 717 71 406 676 248 422 356 509 184 839 569 269 137 375 735 353 613 476 409 473 106 498 377 310 340 719 354 656 377 576 569 263 224 442 585 406 647 675 
287 200 595 373 567 465 642 609 368 776 -1 505 161 260 919 111 318 926 766 441 517 60 298 290 441 572 954 617 648 516 384 763 740 367 907 95 307 670 379 212 549 784 596 651 771 705 642 717 633 393 936 526 811 547 749 590 251 439 748 498 906 360 826 546 582 325 383 775 402 310 780 283 535 595 561 283 196 705 528 533 603 581 553 623 838 154 698 391 708 331 1001 512 337 512 663 671 260 779 665 782 601 677 603 1020 599 715 173 721 736 579 198 116 544 356 681 66 435 404 686 326 654 637 1015 430 544 831 482 617 809 424 400 219 1085 463 765 803 726 528 435 551 795 403 317 152 370 853 732 251 303 649 425 524 412 491 471 179 816 864 865 192 844 1056 656 740 386 582 530 355 423 752 592 649 227 685 712 556 488 457 234 880 397 787 677 314 833 706 571 242 436 771 857 424 211 513 921 351 313 805 510 464 
464 343 91 237 441 278 442 404 159 462 505 -1 355 280 417 395 384 482 267 231 179 462 236 234 412 286 472 163 143 532 309 481 308 541 429 473 263 395 178 292 62 305 577 602 636 200 488 229 227 537 443 242 627 214 263 95 258 77 245 229 447 279 483 315 115 224 334 616 106 309 553 286 468 632 175 408 481 324 369 266 113 236 578 275 379 351 437 206 288 174 521 411 336 68 181 348 514 397 300 290 207 264 314 526 292 406 335 221 231 341 415 406 149 159 178 515 351 166 230 510 175 217 551 190 112 430 141 402 306 302 127 367 595 76 671 318 477 164 273 126 341 431 328 382 339 474 535 342 285 152 524 150 99 48 56 326 688 364 751 617 572 572 288 395 368 227 285 300 320 250 333 388 290 570 496 89 273 175 271 376 182 282 363 211 740 233 527 328 216 314 366 126 325 321 497 219 199 305 186 213 
211 149 446 282 434 311 500 545 208 623 161 355 -1 98 763 81 197 764 610 348 355 142 191 129 317 481 794 456 496 415 323 613 619 308 745 119 148 518 264 79 406 649 492 543 648 552 509 578 514 325 777 367 679 439 589 434 96 284 593 339 744 287 670 467 423 220 242 647 259 162 639 208 413 509 399 178 163 597 385 442 460 420 459 519 676 65 549 289 546 188 840 379 198 354 505 578 223 619 505 641 483 516 514 861 441 560 81 576 585 502 110 118 420 223 533 160 295 288 556 264 516 475 853 323 412 671 320 471 662 357 242 194 925 325 652 643 580 409 356 390 633 290 268 131 324 694 594 111 230 493 343 362 258 349 315 47 697 707 751 270 698 895 549 582 255 473 375 206 278 605 439 572 66 562 571 397 404 295 106 726 235 636 521 154 723 546 458 189 276 643 698 297 54 363 759 190 182 648 399 365 
204 203 370 277 354 216 411 542 122 526 260 280 98 -1 676 173 149 666 522 334 257 240 188 46 250 459 699 362 416 362 337 519 568 296 651 201 51 423 238 102 337 583 434 480 572 470 427 509 468 304 686 268 596 406 498 350 60 204 507 240 647 296 572 456 333 213 164 568 200 84 551 228 342 463 302 152 201 558 298 422 391 321 409 486 579 141 455 273 448 139 745 300 127 267 414 552 241 520 406 570 438 418 493 770 342 463 142 501 503 491 135 205 373 183 456 249 214 258 498 256 451 378 756 300 356 572 224 380 584 363 157 250 832 268 582 551 488 368 353 296 536 235 297 206 347 595 509 71 248 407 309 266 180 285 233 106 623 619 679 338 605 800 512 484 185 436 278 120 192 530 343 558 45 488 482 309 394 197 114 641 138 555 423 69 654 453 393 230 177 585 607 254 50 271 661 91 154 561 365 343 
819 759 332 627 645 558 585 655 555 468 919 417 763 676 -1 811 731 251 153 590 445 879 649 635 697 549 131 320 275 786 684 513 374 870 140 877 643 497 580 708 385 264 791 786 739 217 642 268 420 854 69 480 690 500 186 329 668 479 171 495 201 666 435 600 342 634 657 707 523 673 606 695 699 863 396 767 863 454 595 560 342 420 820 489 200 767 522 595 304 591 167 652 681 409 262 530 878 355 383 225 438 322 553 123 453 460 752 233 191 604 801 823 448 575 255 923 641 560 342 851 320 333 233 564 421 326 459 558 159 660 521 779 197 475 797 145 550 475 628 383 220 736 723 799 716 376 628 723 689 270 825 423 507 442 448 740 778 57 834 1010 566 193 467 411 685 479 512 644 621 205 503 603 697 717 591 366 598 496 688 50 544 149 446 610 845 235 745 740 535 322 92 525 725 559 302 593 616 115 507 561 
278 102 485 269 516 389 581 518 265 700 111 395 81 173 811 -1 276 830 659 337 423 69 189 193 398 470 851 514 538 492 291 692 631 372 804 125 225 596 269 103 438 673 570 622 729 596 590 606 523 392 831 441 760 439 644 482 149 332 639 413 807 261 746 448 477 216 324 729 291 243 720 182 493 584 465 253 209 599 466 431 492 491 535 517 738 43 628 284 612 220 899 460 280 406 558 569 276 692 576 670 491 582 502 915 516 637 61 610 626 482 175 38 434 245 570 143 377 294 575 328 543 540 916 322 433 742 384 551 698 329 297 137 981 351 732 699 660 418 335 449 696 369 227 63 284 767 676 192 203 542 414 426 305 380 363 74 778 756 831 274 778 953 549 657 336 475 452 287 359 641 517 553 132 643 652 450 388 364 123 771 303 677 597 215 802 603 537 147 349 660 752 313 135 443 828 261 201 697 402 359 
88 339 465 427 249 184 327 690 232 476 318 384 197 149 731 276 -1 668 583 481 286 325 338 185 123 602 728 411 500 219 486 456 689 158 678 227 129 368 383 243 446 687 295 346 456 546 324 610 595 159 727 262 493 544 545 428 209 307 574 240 661 445 530 602 397 362 81 458 329 77 464 376 219 316 335 41 155 690 217 566 497 324 264 622 598 261 390 420 459 282 769 194 50 346 471 691 148 502 397 666 568 431 635 808 320 417 271 593 581 637 120 314 502 325 545 275 124 401 613 126 559 404 767 444 479 558 277 307 668 512 258 386 862 394 455 593 414 502 502 351 556 93 444 328 495 568 414 88 396 477 159 309 292 403 329 232 503 673 555 303 531 825 646 452 70 572 246 87 124 618 297 703 186 369 396 380 541 237 260 705 203 631 386 197 526 497 261 372 196 698 651 391 152 215 651 165 302 619 503 488 
752 807 429 719 504 484 423 826 565 266 926 482 764 666 251 830 668 -1 269 704 408 899 709 637 594 707 132 324 380 651 790 312 578 776 111 861 620 338 660 730 483 477 633 613 535 339 475 447 588 753 187 408 475 644 233 388 681 512 297 434 52 761 216 753 370 703 586 500 578 632 397 764 564 707 365 709 819 650 478 706 463 348 674 661 104 788 346 688 217 630 138 530 624 439 303 717 814 176 271 432 595 248 722 216 348 288 779 401 339 767 767 852 578 632 392 911 553 648 521 770 475 290 103 668 541 121 445 410 369 777 537 840 230 556 596 191 360 605 746 385 140 641 810 837 821 150 433 691 765 341 715 403 539 525 485 755 565 234 614 970 340 185 648 237 606 635 421 592 544 387 381 785 700 535 403 398 732 468 718 282 528 331 297 614 632 250 595 802 493 534 186 608 715 459 52 574 664 252 635 680 
671 610 187 488 523 416 477 559 402 396 766 267 610 522 153 659 583 269 -1 459 298 727 502 482 559 443 214 173 130 657 550 435 312 726 181 724 490 394 437 555 243 219 672 675 651 76 534 179 320 713 176 341 613 383 59 176 515 326 28 352 221 529 381 491 189 488 511 621 373 523 528 550 574 741 251 618 712 381 466 445 208 286 695 393 170 615 426 456 197 439 263 522 533 256 112 448 729 287 271 175 329 204 455 259 328 369 600 132 70 501 649 672 322 426 127 769 501 419 252 706 208 198 307 428 289 282 308 444 125 531 368 633 329 330 703 77 461 350 499 233 157 595 583 649 583 338 537 571 546 117 686 274 354 296 295 587 695 97 755 858 507 310 379 328 541 370 378 496 479 121 381 516 543 614 497 213 477 346 536 121 392 77 344 457 759 99 624 593 387 272 104 381 572 425 305 440 466 38 381 432 
536 241 276 68 625 455 647 209 272 690 441 231 348 334 590 337 481 704 459 -1 391 383 156 295 558 133 673 394 330 679 94 705 311 630 637 455 354 615 98 269 220 381 740 777 836 382 684 333 206 638 632 449 838 111 474 317 278 246 432 427 665 89 714 122 346 127 468 822 178 406 770 157 636 782 401 486 510 265 554 94 251 458 727 182 599 303 655 61 519 200 723 583 447 294 401 232 565 629 530 394 175 496 166 710 511 632 281 357 400 157 450 324 142 158 336 480 504 85 276 590 272 449 763 43 169 660 344 607 442 72 267 233 783 156 863 526 696 115 41 355 565 558 146 289 127 705 745 404 138 362 640 369 235 183 256 301 889 546 951 608 797 768 216 625 499 146 485 423 474 387 544 225 310 762 708 321 59 362 243 541 331 441 588 286 935 454 694 201 388 351 563 115 354 510 724 337 179 493 86 29 
374 414 222 375 267 121 263 580 165 305 517 179 355 257 445 423 286 408 298 391 -1 492 332 230 266 464 448 125 236 376 451 315 468 428 398 455 213 223 311 327 232 435 409 429 457 271 309 360 401 415 442 64 450 392 259 165 275 146 292 58 391 413 339 489 123 336 212 438 218 233 379 389 302 471 49 323 424 497 197 441 265 72 419 454 323 383 264 349 190 244 492 245 236 111 187 527 434 271 157 406 384 160 492 524 119 244 376 331 306 517 366 448 328 262 284 504 205 311 387 407 325 122 499 347 290 319 49 223 394 455 144 452 582 240 493 307 304 343 430 75 280 298 448 437 477 349 358 288 397 202 391 32 163 224 136 349 509 387 572 574 407 548 464 247 242 406 108 200 181 351 155 567 292 392 319 119 441 59 319 420 120 353 199 208 561 210 359 418 91 461 365 276 306 149 405 166 281 333 361 380 
310 142 551 316 571 454 640 549 335 765 60 462 142 240 879 69 325 899 727 383 492 -1 246 262 449 514 921 584 605 535 324 756 686 398 874 127 290 661 326 172 503 734 614 668 781 663 646 668 578 422 899 509 816 490 713 551 218 401 707 480 877 300 812 486 547 271 382 783 357 303 780 226 544 620 534 296 227 648 526 475 556 559 574 565 808 112 691 335 682 288 968 515 336 475 627 612 295 760 645 733 546 652 544 984 582 702 127 675 693 519 211 60 491 309 636 118 434 351 634 355 605 609 986 374 494 810 453 612 763 364 366 159 1050 415 779 768 722 473 375 519 765 416 257 94 310 835 734 248 245 610 450 496 374 445 432 143 828 825 879 250 840 1022 599 724 389 526 517 347 419 706 581 589 200 695 711 519 429 433 190 838 372 744 663 285 849 672 585 183 417 718 821 374 196 506 897 329 265 766 455 407 
385 110 317 92 518 356 558 358 173 636 298 236 191 188 649 189 338 709 502 156 332 246 -1 158 431 289 708 385 374 548 149 641 442 480 664 301 220 545 80 112 265 488 616 659 737 432 585 424 334 491 678 375 750 251 499 331 129 198 479 348 679 107 671 276 340 29 341 727 132 269 692 57 518 650 359 338 353 411 452 250 315 405 596 330 610 151 583 98 501 88 757 469 311 270 414 387 410 599 488 489 302 473 322 761 447 574 129 434 459 312 295 185 245 77 399 329 385 105 388 439 360 426 785 134 248 641 284 521 523 174 187 131 831 175 754 554 621 229 168 327 570 422 120 155 162 677 658 255 67 388 498 321 173 207 224 145 788 598 848 455 733 808 362 579 368 286 402 295 357 465 467 381 157 656 625 311 213 284 86 606 233 508 530 160 827 465 573 92 293 472 602 129 200 414 718 220 51 540 213 174 
248 198 325 243 364 212 413 504 80 515 290 234 129 46 635 193 185 637 482 295 230 262 158 -1 272 417 664 326 372 390 307 512 521 338 616 242 61 415 197 100 291 537 457 500 583 427 434 463 421 343 648 252 602 361 460 307 47 159 466 223 616 265 557 417 294 180 183 576 153 112 551 206 360 492 272 195 248 513 302 381 345 298 437 441 547 153 450 234 420 96 711 313 154 225 375 508 288 499 384 524 392 389 451 732 327 451 148 456 460 452 182 218 327 140 411 287 228 216 451 299 405 348 725 259 309 549 192 379 540 330 114 243 796 221 598 514 484 322 317 260 505 265 274 211 321 576 512 116 223 365 345 234 135 239 189 119 635 579 693 383 600 765 467 467 209 392 268 136 201 485 334 518 63 501 483 269 355 171 101 599 110 512 409 24 671 416 414 216 160 538 569 209 91 269 635 73 117 520 321 302 
177 451 479 512 128 144 213 766 287 374 441 412 317 250 697 398 123 594 559 558 266 449 431 272 -1 666 672 388 501 122 579 347 720 181 622 349 210 269 460 351 474 699 185 230 332 538 202 622 637 160 682 217 369 602 512 429 308 344 556 208 596 537 431 676 390 451 89 334 388 165 344 477 95 225 309 158 267 734 117 635 518 276 170 676 539 378 284 500 403 359 708 75 123 358 450 748 236 420 329 671 614 378 699 758 251 322 386 596 572 709 243 435 550 400 549 396 61 473 640 179 580 364 696 517 519 477 279 200 660 600 303 499 804 443 335 552 302 555 585 341 500 48 545 446 593 477 293 205 495 468 127 296 338 444 356 347 380 640 433 404 415 764 694 364 64 626 184 136 91 617 213 771 293 246 279 381 617 240 364 678 236 619 299 273 406 463 143 480 196 719 609 454 267 139 570 220 387 591 564 559 
663 372 288 201 718 549 727 121 379 742 572 286 481 459 549 470 602 707 443 133 464 514 289 417 666 -1 652 430 329 789 199 765 210 755 624 589 472 681 221 401 245 304 844 876 920 368 771 281 128 760 602 527 914 72 474 346 406 330 414 510 662 213 756 52 386 260 579 902 278 525 839 289 737 892 460 611 641 145 646 39 247 522 837 67 604 437 723 191 552 320 700 682 563 354 417 98 695 665 580 330 113 534 34 673 578 689 415 319 375 59 581 456 140 276 316 613 609 200 208 716 235 490 750 159 181 686 422 687 391 159 364 359 747 228 953 518 763 121 139 410 576 672 265 420 224 737 821 530 269 373 759 436 330 239 330 434 973 516 1035 742 855 739 101 673 611 72 568 536 578 344 619 104 439 851 782 367 86 449 375 498 431 403 647 404 1023 467 796 331 482 260 544 212 483 599 736 448 306 470 104 116 
815 813 400 700 599 546 526 764 586 384 954 472 794 699 131 851 728 132 214 673 448 921 708 664 672 652 -1 337 344 745 764 431 494 852 50 900 659 438 647 748 456 386 737 724 657 291 582 375 526 833 62 467 601 596 208 376 703 520 241 487 92 742 340 701 373 696 649 623 576 681 520 758 657 811 400 767 872 572 561 657 422 404 773 597 133 808 454 669 270 638 49 616 680 445 294 645 877 279 343 344 539 297 661 90 421 393 795 333 277 709 814 868 536 630 339 949 623 630 451 840 417 325 103 642 503 235 475 506 277 745 554 839 134 540 718 153 475 564 713 403 173 716 795 848 797 276 551 736 756 320 798 434 548 507 490 778 691 138 742 1022 469 101 578 341 673 580 490 646 609 311 463 717 728 649 517 401 690 506 732 174 562 251 391 640 758 248 696 800 539 444 109 592 749 533 185 610 668 182 595 646 
499 484 146 400 367 244 338 551 249 313 617 163 456 362 320 514 411 324 173 394 125 584 385 326 388 430 337 -1 133 492 473 340 382 553 290 564 325 269 338 412 185 329 515 526 527 153 392 258 338 540 324 172 504 359 136 85 366 188 167 180 295 441 325 467 47 379 338 502 253 353 423 439 412 582 79 446 544 427 304 417 193 125 532 403 226 471 308 369 125 307 384 357 361 114 62 473 558 236 153 294 330 103 453 407 178 265 460 221 185 489 483 533 290 307 178 612 329 328 303 533 240 60 403 354 249 266 139 300 273 465 217 515 469 239 572 188 348 312 436 66 185 423 488 515 502 311 417 404 441 87 515 102 215 210 160 440 576 262 638 692 427 439 404 243 368 363 212 324 306 236 231 526 390 476 376 74 432 175 397 294 226 230 226 302 635 90 465 477 215 364 245 289 413 259 335 275 340 208 339 374 
585 483 57 357 496 357 471 449 293 437 648 143 496 416 275 538 500 380 130 330 236 605 374 372 501 329 344 133 -1 612 420 468 250 652 307 613 391 402 306 436 112 199 642 656 660 58 525 126 219 644 307 294 636 263 147 72 400 212 105 295 337 398 439 373 112 359 438 634 248 431 553 420 536 706 201 530 613 300 429 325 83 256 655 289 275 494 440 325 233 317 393 480 450 154 93 354 639 345 282 170 219 223 346 388 311 393 478 95 88 388 549 548 198 299 47 657 440 288 172 626 110 189 433 298 162 360 225 433 169 402 259 504 460 200 705 196 480 225 371 160 246 530 452 523 452 412 550 472 415 49 624 205 238 167 182 469 709 224 771 754 552 441 283 365 470 257 337 413 413 118 363 414 431 608 509 121 352 266 414 233 298 140 357 348 769 139 592 464 310 231 234 251 463 383 407 343 341 167 256 304 
229 558 595 632 147 257 231 888 410 402 516 532 415 362 786 492 219 651 657 679 376 535 548 390 122 789 745 492 612 -1 697 365 838 174 696 420 328 313 581 461 593 812 80 136 269 644 191 736 758 143 763 319 324 724 606 542 422 466 658 317 662 656 462 798 500 570 211 282 510 279 329 591 87 103 414 239 323 855 191 757 636 371 47 798 612 480 311 621 483 480 776 135 236 475 553 870 271 475 405 782 736 463 822 834 332 364 491 707 677 832 323 531 672 521 660 461 181 596 758 200 697 458 754 639 641 530 396 241 765 720 425 606 873 565 251 640 313 678 706 451 577 127 660 547 709 518 274 308 610 576 99 408 460 565 477 451 307 731 350 433 410 830 816 414 181 748 279 256 212 726 284 893 403 188 277 494 739 358 476 772 359 722 355 394 317 558 69 590 316 835 695 577 371 232 619 342 507 686 686 681 
528 188 365 76 662 496 695 227 309 756 384 309 323 337 684 291 486 790 550 94 451 324 149 307 579 199 764 473 420 697 -1 766 397 625 727 416 369 673 140 250 309 473 764 806 879 474 727 427 296 637 725 503 888 200 563 401 277 305 524 479 752 41 784 164 425 128 489 867 233 418 825 115 665 799 468 484 486 343 594 163 343 522 745 260 686 267 713 104 597 225 814 615 461 365 486 294 547 703 599 488 266 572 226 804 571 695 246 452 494 196 433 269 237 192 430 432 532 144 369 582 366 524 852 122 262 739 402 657 537 40 313 165 877 234 900 615 752 210 62 427 650 571 67 233 32 781 795 402 93 450 645 433 289 265 323 276 931 640 991 564 859 860 295 694 517 233 536 443 503 482 598 265 303 800 760 398 113 413 228 635 370 535 651 306 972 539 721 144 430 441 655 184 343 553 807 364 193 585 180 123 
524 709 487 690 227 303 137 884 468 47 763 481 613 519 513 692 456 312 435 705 315 756 641 512 347 765 431 340 468 365 766 -1 717 518 390 680 468 97 626 612 520 646 330 303 227 465 175 585 679 490 468 266 178 692 376 424 559 461 451 293 339 728 100 796 380 648 381 193 533 454 93 698 285 402 306 496 610 767 238 747 533 246 378 742 314 660 65 665 241 553 449 272 427 413 376 813 584 157 186 605 670 245 790 521 195 75 658 541 488 821 574 724 624 576 507 729 332 626 640 525 578 280 411 662 584 196 364 149 561 770 455 752 543 550 286 382 51 644 744 355 295 396 760 722 791 164 120 512 708 418 447 336 478 529 448 624 264 470 321 751 92 498 744 107 385 700 243 409 340 546 177 863 563 223 92 397 752 357 611 520 410 513 118 496 331 346 300 721 352 691 422 590 559 250 270 438 590 447 667 692 
765 544 246 373 735 581 718 292 458 684 740 308 619 568 374 631 689 578 312 311 468 686 442 521 720 210 494 382 250 838 397 717 -1 847 477 737 563 652 361 543 246 110 878 897 909 256 771 135 107 845 436 531 886 199 362 307 529 382 286 525 527 400 681 261 353 415 643 884 368 613 803 462 770 937 443 710 767 81 665 238 203 502 883 143 482 591 691 351 478 434 538 713 642 363 341 160 809 585 532 149 139 471 200 495 559 643 570 182 243 252 703 625 199 396 210 770 658 336 80 813 144 439 597 312 212 591 442 679 216 361 430 543 567 300 953 389 730 212 335 396 467 739 457 592 427 645 800 637 446 299 832 436 397 285 364 579 958 355 1021 889 799 567 109 613 677 164 575 608 628 191 609 234 564 854 759 350 287 480 516 324 490 247 607 502 1017 376 827 508 523 54 395 322 606 617 617 524 437 326 231 283 
97 457 621 572 291 311 380 838 390 549 367 541 308 296 870 372 158 776 726 630 428 398 480 338 181 755 852 553 652 174 625 518 847 -1 802 273 286 448 534 374 603 843 249 307 443 696 353 766 753 31 859 390 499 699 684 580 352 465 720 375 777 586 608 752 546 507 215 457 486 234 497 511 235 232 474 143 171 847 298 719 654 451 198 779 719 373 457 569 582 435 889 249 205 501 615 846 107 602 510 821 726 556 789 936 432 500 389 747 731 788 198 409 660 478 699 305 229 554 771 43 716 537 878 596 637 658 427 376 818 655 416 502 985 551 421 727 469 659 648 498 679 136 575 433 629 657 441 226 532 626 75 454 450 561 486 353 480 812 519 259 575 945 803 544 185 728 362 241 248 771 394 855 323 362 438 532 690 387 397 847 360 780 480 352 483 635 242 497 343 855 785 546 281 319 751 323 451 760 659 639 
765 769 361 661 550 495 480 739 539 343 907 429 745 651 140 804 678 111 181 637 398 874 664 616 622 624 50 290 307 696 727 390 477 802 -1 851 610 391 606 702 418 373 690 678 617 257 536 352 500 782 80 416 563 565 165 334 656 474 209 437 61 703 303 672 328 654 598 583 532 631 480 716 609 764 350 717 822 553 511 627 388 353 725 572 84 761 409 629 220 593 94 567 630 399 250 624 827 235 293 329 510 247 635 137 371 347 749 307 248 682 764 822 502 587 308 900 573 590 428 790 389 276 126 604 468 195 426 458 264 710 507 796 184 499 676 111 431 530 678 356 122 666 755 803 759 241 508 686 714 278 748 385 502 466 444 730 652 125 705 972 434 149 556 295 622 551 439 596 559 289 414 694 680 604 474 356 657 456 686 171 513 230 343 592 719 201 648 757 489 431 82 552 701 483 162 561 623 154 562 611 
191 228 564 388 477 388 554 643 322 696 95 473 119 201 877 125 227 861 724 455 455 127 301 242 349 589 900 564 613 420 416 680 737 273 851 -1 241 588 378 193 525 768 500 556 677 669 551 697 631 298 888 455 718 552 700 549 215 401 708 428 846 384 747 570 535 330 298 682 378 232 691 304 442 500 502 190 101 712 442 550 579 513 457 632 778 152 614 399 644 307 946 421 253 467 616 688 168 707 595 760 599 614 622 972 524 635 174 694 701 605 106 155 538 341 651 50 348 403 675 232 635 577 955 435 531 761 425 531 780 453 356 262 1033 444 669 753 640 525 458 498 735 310 353 188 410 779 641 172 326 607 329 466 375 468 431 158 722 820 769 153 757 1001 663 664 297 587 453 275 340 724 513 675 182 591 624 510 509 395 220 841 338 753 600 266 737 655 476 272 368 761 809 414 151 432 852 290 299 762 513 475 
202 251 350 304 307 165 361 564 105 475 307 263 148 51 643 225 129 620 490 354 213 290 220 61 210 472 659 325 391 328 369 468 563 286 610 241 -1 372 256 149 324 569 396 439 526 443 378 493 467 288 649 219 548 414 461 322 100 185 477 191 604 327 522 475 300 241 121 520 200 52 500 266 299 431 260 146 222 561 248 438 377 273 376 493 537 192 404 294 403 154 704 254 93 238 380 561 250 472 357 552 439 373 506 732 292 412 192 481 477 510 159 256 373 197 434 291 169 273 490 250 438 335 713 316 352 524 185 329 561 391 136 297 793 265 538 513 437 372 378 259 494 204 335 256 382 546 459 81 284 377 286 225 167 277 211 157 577 585 634 367 554 760 516 434 147 442 227 75 143 508 292 575 96 442 432 278 414 154 156 611 98 529 373 67 611 415 353 273 128 575 570 261 95 220 613 49 178 528 374 359 
442 612 412 597 166 207 89 799 372 107 670 395 518 423 497 596 368 338 394 615 223 661 545 415 269 681 438 269 402 313 673 97 652 448 391 588 372 -1 533 515 439 591 299 289 259 410 146 525 603 422 463 170 235 609 335 349 462 369 404 197 351 634 162 710 303 553 291 232 440 360 157 601 226 373 221 410 523 695 154 661 459 159 337 664 308 563 41 572 198 457 465 198 335 327 315 736 503 162 124 552 592 190 708 528 104 52 562 484 437 737 484 628 542 481 445 639 244 534 573 449 509 212 441 571 502 216 271 73 517 678 360 655 562 462 309 355 82 560 653 271 278 318 664 626 697 208 148 419 612 353 382 247 384 443 358 528 307 447 369 669 187 518 669 100 299 619 146 315 248 493 80 782 467 221 107 316 664 261 514 494 313 469 50 399 368 297 258 624 255 631 404 499 464 156 306 341 494 413 581 603 
441 188 249 64 531 362 559 307 177 616 379 178 264 238 580 269 383 660 437 98 311 326 80 197 460 221 647 338 306 581 140 626 361 534 606 378 256 533 -1 185 194 408 643 681 745 364 593 346 254 541 613 364 751 175 440 273 184 165 412 340 625 104 644 219 291 56 370 732 92 308 686 115 540 684 329 391 422 334 461 184 241 382 629 255 557 230 573 40 461 102 696 487 349 228 359 316 474 565 459 411 222 435 255 695 430 555 208 359 389 254 360 266 165 60 326 408 408 25 307 494 282 387 729 62 170 602 262 520 448 146 176 200 766 106 769 494 613 149 126 288 519 460 150 234 166 643 658 309 109 327 542 293 149 140 184 220 798 531 859 531 719 746 285 554 401 209 398 325 377 390 459 320 218 668 622 263 157 274 158 535 237 436 511 188 841 411 597 161 295 392 539 55 262 418 674 240 85 474 135 105 
277 101 383 204 456 311 510 469 165 615 212 292 79 102 708 103 243 730 555 269 327 172 112 100 351 401 748 412 436 461 250 612 543 374 702 193 149 515 185 -1 338 577 534 581 674 493 528 508 437 387 727 352 697 360 541 379 53 229 536 324 706 212 658 389 375 141 266 669 190 185 649 136 444 560 366 235 240 519 398 363 392 397 507 440 637 59 550 210 514 119 796 402 228 303 455 499 298 598 483 572 405 484 435 811 427 552 48 510 524 424 183 121 344 149 469 228 317 209 482 331 446 440 815 244 338 646 285 477 597 282 195 148 878 254 684 596 584 332 279 347 595 334 201 111 255 675 609 155 157 438 399 327 201 280 260 35 725 653 781 346 700 850 470 568 287 394 369 222 293 540 435 494 58 590 581 347 326 269 27 668 209 575 510 119 757 500 495 129 261 568 649 221 93 368 731 174 106 594 320 285 
525 376 56 244 498 337 493 366 218 497 549 62 406 337 385 438 446 483 243 220 232 503 265 291 474 245 456 185 112 593 309 520 246 603 418 525 324 439 194 338 -1 246 636 659 687 169 541 172 169 600 420 296 674 174 254 101 310 139 218 286 444 285 511 282 140 248 397 666 147 371 597 309 528 693 218 470 538 265 426 232 54 281 639 224 379 395 480 213 308 219 506 470 398 121 181 296 574 420 334 235 153 289 270 501 338 444 377 171 194 303 473 445 105 194 133 565 412 175 168 572 114 244 543 186 64 446 199 453 260 293 188 394 572 89 725 306 521 127 262 168 345 493 340 418 341 494 583 401 303 141 586 201 157 58 118 373 738 336 801 672 609 553 232 427 431 180 340 363 382 202 383 343 343 624 543 123 250 235 315 341 244 242 402 268 793 234 586 354 277 252 347 139 381 378 505 281 237 280 155 197 
769 597 221 435 695 555 666 398 464 609 784 305 649 583 264 673 687 477 219 381 435 734 488 537 699 304 386 329 199 812 473 646 110 843 373 768 569 591 408 577 246 -1 842 855 851 181 721 77 180 837 328 494 821 273 275 270 554 383 198 494 426 468 599 356 312 464 631 824 389 614 736 519 736 906 401 713 785 191 629 324 192 454 854 239 386 631 628 408 405 461 429 680 638 343 276 268 819 505 468 44 207 403 301 385 507 576 611 107 158 353 719 674 246 429 152 806 637 384 104 813 132 380 489 370 240 502 420 629 109 441 432 603 457 323 899 293 666 268 412 360 377 725 526 643 505 558 739 647 506 241 819 403 403 299 358 613 898 249 960 917 723 457 210 539 664 244 537 601 609 100 560 343 588 804 698 317 370 460 552 214 483 146 544 514 960 300 792 566 505 58 292 360 626 582 519 524 472 226 295 351 
309 633 631 697 148 299 211 948 468 373 596 577 492 434 791 570 295 633 672 740 409 614 616 457 185 844 737 515 642 80 764 330 878 249 690 500 396 299 643 534 636 842 -1 57 196 668 158 768 804 218 761 348 258 777 617 574 493 516 676 352 650 723 431 857 530 636 274 214 567 349 278 662 108 73 441 318 403 901 213 814 674 390 55 848 607 556 287 683 487 543 764 165 306 515 574 921 349 460 407 809 783 471 876 827 343 346 566 735 700 890 402 609 721 583 690 541 235 655 797 279 734 474 736 699 688 512 436 233 787 785 479 680 861 617 172 646 279 730 769 483 575 202 730 623 778 492 224 383 680 602 177 441 514 614 523 527 230 738 271 509 360 816 864 398 248 799 304 321 266 752 291 949 476 124 238 528 799 401 548 783 413 741 347 458 237 572 50 663 363 870 698 634 446 260 596 403 572 698 740 740 
365 681 650 737 161 326 201 983 504 349 651 602 543 480 786 622 346 613 675 777 429 668 659 500 230 876 724 526 656 136 806 303 897 307 678 556 439 289 681 581 659 855 57 -1 141 678 143 782 828 275 752 365 207 808 618 591 538 546 681 373 634 764 404 891 545 678 317 164 601 396 239 706 141 106 455 371 460 925 233 847 694 400 110 876 596 606 269 721 484 582 747 194 353 538 582 949 406 444 406 820 809 471 907 814 349 331 615 747 708 923 456 660 749 621 703 597 273 692 816 336 753 480 714 735 714 493 461 231 793 824 513 728 843 648 115 643 253 759 807 501 567 253 774 674 821 467 188 433 723 613 234 461 547 642 550 576 173 735 214 566 320 798 890 383 294 827 321 364 303 762 296 981 523 82 211 547 835 429 594 781 447 747 339 499 181 575 86 710 393 886 693 668 496 281 573 442 613 698 772 775 
491 776 666 805 219 383 193 1034 569 273 771 636 648 572 739 729 456 535 651 836 457 781 737 583 332 920 657 527 660 269 879 227 909 443 617 677 526 259 745 674 687 851 196 141 -1 669 152 784 855 411 695 394 72 849 591 603 626 593 663 411 565 838 319 943 557 752 408 34 658 490 138 788 237 245 469 487 586 948 284 896 713 408 251 911 541 708 224 786 453 654 673 271 450 568 575 983 538 384 383 812 840 449 950 747 351 282 713 744 696 973 573 766 785 687 704 722 357 752 829 468 765 472 630 793 747 422 498 234 775 892 570 823 765 694 62 604 190 800 871 519 520 367 856 775 898 384 113 537 804 612 368 486 601 681 590 675 52 694 114 702 206 719 919 328 393 864 353 452 382 753 303 1024 617 86 153 566 891 475 683 744 508 727 308 577 109 555 203 799 449 890 647 722 597 326 488 516 688 667 817 830 
633 542 114 413 520 393 485 486 347 430 705 200 552 470 217 596 546 339 76 382 271 663 432 427 538 368 291 153 58 644 474 465 256 696 257 669 443 410 364 493 169 181 668 678 669 -1 541 121 249 685 250 324 639 307 109 120 456 268 49 329 293 453 425 415 149 417 480 642 306 480 555 478 565 735 230 578 665 318 457 369 131 278 685 321 237 552 446 381 224 375 340 510 496 204 95 380 688 329 286 143 255 221 382 331 328 394 536 76 34 427 601 606 245 358 52 713 477 345 187 671 136 199 384 353 213 336 269 449 122 454 313 562 403 258 718 149 484 273 423 198 214 569 509 582 507 390 557 524 473 69 663 242 294 225 237 526 716 167 778 808 545 385 310 359 512 295 365 458 452 84 381 446 486 624 516 166 400 309 472 175 347 85 362 402 778 120 618 522 353 225 181 308 518 412 371 394 399 110 304 355 
376 629 525 653 74 230 57 883 417 216 642 488 509 427 642 590 324 475 534 684 309 646 585 434 202 771 582 392 525 191 727 175 771 353 536 551 378 146 593 528 541 721 158 143 152 541 -1 650 710 323 609 245 170 700 477 463 478 442 542 260 493 686 274 792 417 600 266 141 506 347 144 638 118 231 327 361 468 805 132 745 570 268 202 763 453 565 129 634 341 502 607 131 310 421 446 836 432 303 263 685 694 330 800 672 213 189 569 613 571 822 445 626 637 535 570 599 213 600 690 366 626 342 578 641 600 354 349 92 654 740 418 676 703 543 183 500 123 650 719 376 424 246 705 632 746 334 91 398 653 479 279 340 449 531 440 531 204 592 266 600 221 659 774 241 257 716 203 306 235 626 161 875 472 83 86 422 739 323 534 639 356 607 196 427 252 435 125 651 297 756 550 570 456 174 438 366 536 556 667 678 
692 535 144 380 622 479 596 390 389 551 717 229 578 509 268 606 610 447 179 333 360 668 424 463 622 281 375 258 126 736 427 585 135 766 352 697 493 525 346 508 172 77 768 782 784 121 650 -1 152 760 322 420 757 234 227 194 482 307 152 418 398 416 546 332 237 403 554 758 318 538 673 460 662 831 327 637 710 202 554 293 117 382 779 223 349 563 563 351 345 390 422 605 561 266 210 271 743 451 403 64 170 340 286 391 437 513 544 47 109 336 645 609 191 361 80 736 560 323 76 737 64 312 475 315 176 455 343 558 111 399 356 545 465 254 830 257 601 217 368 284 332 648 475 579 459 510 673 572 449 171 742 328 328 228 282 543 832 237 894 844 666 458 203 480 587 212 463 524 532 64 489 342 515 734 632 241 333 383 484 217 406 124 478 440 893 242 717 507 428 106 270 295 553 508 484 448 404 197 247 303 
668 437 192 266 667 505 661 239 363 651 633 227 514 468 420 523 595 588 320 206 401 578 334 421 637 128 526 338 219 758 296 679 107 753 500 631 467 603 254 437 169 180 804 828 855 249 710 152 -1 753 475 465 839 95 358 254 425 294 292 455 541 295 657 180 300 307 556 832 268 518 760 355 696 859 385 613 665 97 595 144 145 447 805 72 486 484 644 243 451 331 573 638 551 290 312 135 710 563 492 202 32 438 135 544 504 603 463 193 251 184 601 518 94 291 196 663 577 229 79 718 113 399 625 204 117 579 367 621 262 262 339 436 618 201 894 397 685 105 233 335 462 652 353 484 326 631 749 538 339 267 744 370 304 194 281 472 905 388 968 784 766 611 65 580 590 63 509 518 546 216 551 196 460 793 709 288 190 402 410 369 402 275 563 403 961 358 754 401 442 145 419 217 503 547 620 431 331 345 123 177 
114 474 615 581 263 296 353 847 390 522 393 537 325 304 854 392 159 753 713 638 415 422 491 343 160 760 833 540 644 143 637 490 845 31 782 298 288 422 541 387 600 837 218 275 411 685 323 760 753 -1 841 374 467 703 669 571 362 462 708 360 756 597 581 760 536 517 206 425 488 236 467 524 206 203 461 152 197 848 275 725 649 434 167 781 699 390 430 577 563 440 869 224 202 494 602 850 135 578 489 813 726 538 794 918 412 475 405 738 720 795 217 430 660 484 691 333 212 560 768 66 712 521 856 602 636 635 418 350 808 665 415 519 965 552 390 711 440 661 657 487 660 118 589 452 643 631 411 235 545 616 44 443 449 560 481 368 449 797 488 291 545 924 804 520 173 731 344 236 234 762 372 861 334 331 409 523 698 378 408 833 355 769 456 356 452 620 211 512 333 851 768 550 294 299 727 321 458 746 662 646 
