200
-1 474 352 220 227 201 89 530 584 425 248 201 112 248 400 174 331 279 235 63 341 375 258 345 473 418 91 209 419 475 289 465 382 378 578 222 306 334 603 576 537 532 546 519 117 231 512 365 486 378 367 356 569 340 259 585 196 658 315 628 359 583 107 468 523 603 495 427 278 348 279 237 417 599 323 320 459 115 164 386 491 397 311 350 143 360 460 315 273 691 575 275 69 397 339 508 377 609 263 87 244 480 382 559 475 151 219 266 339 547 407 292 375 413 270 289 382 293 609 317 512 31 467 310 63 163 436 254 376 266 192 338 207 408 353 213 390 521 544 549 503 105 300 92 681 428 466 421 189 404 590 527 340 205 423 231 320 211 503 479 535 368 303 452 461 340 429 265 435 224 644 623 252 479 743 489 534 399 367 683 449 172 421 163 211 649 299 477 235 122 181 317 389 441 612 534 427 147 705 197 
474 -1 183 675 401 272 388 387 238 82 630 295 583 615 739 544 303 200 450 499 806 678 236 217 432 61 558 369 383 86 424 115 836 629 133 647 394 281 216 146 563 333 206 127 558 699 111 518 400 517 115 690 316 317 727 182 511 232 782 351 337 394 554 888 175 131 597 608 348 638 510 310 201 541 550 231 142 406 625 454 951 863 496 456 354 576 336 564 530 710 442 655 516 289 255 357 98 673 588 447 278 526 362 637 146 572 694 475 519 94 157 321 127 330 565 449 220 269 381 158 493 504 699 179 455 625 565 355 822 740 334 398 536 714 156 267 480 72 704 276 41 388 178 510 209 169 367 797 344 838 122 724 705 458 138 590 479 640 94 459 146 401 777 382 89 455 514 256 474 354 763 157 222 185 783 64 517 148 596 225 302 404 544 576 417 723 762 599 684 485 391 745 85 233 632 441 251 331 768 286 
352 183 -1 571 223 172 263 260 233 103 561 239 449 443 559 379 337 162 421 395 659 496 207 264 272 163 444 196 445 138 422 119 681 445 239 487 210 319 250 231 399 228 194 295 458 558 168 527 252 334 85 511 243 136 612 234 339 307 667 299 380 291 410 718 170 305 635 617 349 607 487 288 297 398 366 48 107 327 516 274 795 715 312 273 277 568 192 542 349 555 318 484 376 359 73 230 140 507 411 357 254 354 187 466 288 417 564 454 336 218 253 138 191 167 525 265 58 280 299 136 334 383 516 179 315 482 385 175 662 614 285 422 479 531 33 145 508 255 525 213 225 250 90 362 356 76 218 621 182 674 266 542 529 284 249 527 479 550 265 296 185 221 642 225 237 468 549 91 301 327 590 293 146 128 626 161 360 49 412 343 161 352 568 490 382 556 613 421 531 328 224 582 124 337 473 300 111 208 605 217 
220 675 571 -1 434 409 308 745 804 636 132 381 162 351 472 315 459 474 295 177 247 480 442 506 680 615 129 424 506 687 358 681 310 512 789 272 513 471 821 788 724 751 765 697 116 173 726 375 698 558 576 443 789 558 68 801 361 873 115 848 468 799 219 440 741 799 485 392 393 265 289 387 573 799 483 541 676 269 56 584 388 289 492 545 321 331 677 286 436 866 786 351 226 524 559 724 576 778 391 227 410 669 595 729 645 257 113 303 513 755 578 510 561 629 233 483 603 445 827 517 711 191 591 499 272 185 608 469 325 117 350 418 197 502 569 428 427 711 688 769 699 326 510 255 884 647 680 453 408 368 795 657 406 395 598 162 353 60 687 681 751 575 174 664 645 388 452 485 632 353 791 829 456 699 908 699 731 616 515 892 668 289 425 111 302 811 231 645 233 303 393 317 592 586 793 744 647 363 865 388 
227 401 223 434 -1 201 173 312 417 325 474 272 280 221 338 166 424 274 414 289 457 279 292 388 247 365 309 39 534 361 447 339 469 239 460 276 79 415 450 448 316 327 385 495 343 368 388 545 264 172 287 289 373 136 455 443 119 515 505 431 465 369 228 496 371 528 672 623 399 565 473 335 448 372 160 175 320 281 378 162 583 510 117 128 260 560 249 520 130 475 352 262 209 474 168 294 329 400 188 285 316 258 161 350 472 217 391 450 147 441 416 96 360 201 483 75 218 366 401 286 285 249 322 310 165 294 234 50 447 441 302 476 423 315 245 176 551 468 365 362 441 140 237 182 579 281 248 398 81 455 490 365 306 62 422 455 495 435 468 251 398 141 455 230 433 502 594 145 210 352 454 516 235 321 533 385 308 270 211 561 247 336 598 390 378 444 411 276 327 136 49 364 325 485 393 310 243 164 500 249 
201 272 172 409 201 -1 115 407 403 226 390 80 310 372 514 294 223 85 257 232 536 466 91 188 385 217 287 162 335 277 269 272 569 436 379 386 249 213 415 379 490 389 363 329 294 427 316 374 380 369 166 465 412 227 457 393 275 463 513 469 265 449 285 635 336 403 493 461 208 438 322 142 254 519 360 159 270 155 357 338 683 592 319 316 105 406 333 376 322 653 461 410 246 273 192 379 177 586 358 188 116 435 285 539 293 310 421 291 349 347 229 189 183 293 355 275 218 165 464 118 440 232 522 122 186 354 430 183 558 468 122 286 307 503 162 34 367 322 565 384 303 121 100 244 480 247 351 559 120 579 388 567 468 237 240 355 325 383 309 402 342 296 504 347 268 322 410 110 381 170 650 422 51 299 717 289 466 211 411 483 310 183 422 321 217 633 492 472 417 229 165 486 187 287 569 432 272 61 688 55 
89 388 263 308 173 115 -1 455 496 336 315 138 195 276 426 196 287 198 243 135 420 387 187 281 409 333 180 144 389 385 281 376 455 373 489 277 246 285 514 486 489 452 457 442 197 312 423 375 416 341 278 378 486 264 349 496 193 568 404 545 322 505 171 527 434 518 503 450 247 394 300 191 352 540 305 233 369 109 252 334 568 477 279 302 99 387 383 347 259 649 503 311 130 349 254 431 292 572 274 114 186 431 312 522 402 200 307 278 309 459 335 216 296 337 311 246 296 239 529 233 454 120 463 232 74 239 402 185 445 355 149 319 252 423 263 124 386 438 525 463 419 32 212 132 593 339 392 461 112 468 502 516 373 176 349 290 326 291 423 418 446 306 389 381 382 336 428 177 382 194 620 534 167 391 706 400 478 309 355 594 369 165 429 236 208 615 376 445 303 130 124 377 302 381 566 466 342 57 671 125 
530 387 260 745 312 407 455 -1 218 314 771 485 593 493 544 466 597 421 664 588 753 473 464 524 98 400 617 320 706 303 674 272 753 404 344 570 236 579 267 320 207 64 216 514 647 674 294 780 57 268 336 509 115 190 767 286 413 335 818 151 641 59 540 742 232 460 893 868 605 841 729 541 551 155 350 250 245 549 688 199 861 802 304 234 508 814 73 782 369 329 57 529 521 619 215 31 390 311 445 568 509 198 150 289 526 523 702 699 304 354 505 239 446 118 757 283 202 540 100 396 135 556 433 440 472 604 278 276 725 752 530 680 703 499 291 373 765 456 387 140 424 428 349 494 454 223 64 622 343 721 395 426 546 362 496 744 731 741 482 121 274 179 762 84 468 724 807 297 175 576 412 400 398 203 403 330 152 258 370 406 100 588 824 690 624 358 708 291 626 448 351 640 368 590 258 60 150 416 394 461 
584 238 233 804 417 403 496 218 -1 202 793 462 675 634 719 583 522 371 641 629 873 650 417 437 302 279 676 404 615 159 630 144 887 585 141 694 366 501 49 116 424 154 40 354 691 778 126 732 260 451 257 677 107 284 842 75 536 117 897 119 561 193 631 903 70 262 824 823 553 830 705 500 436 366 517 264 135 558 748 377 1000 927 463 400 507 781 211 761 519 540 257 674 601 521 253 199 292 529 592 590 465 408 290 506 384 631 790 671 474 166 390 321 345 241 750 426 204 476 163 331 351 615 632 371 542 702 478 368 864 841 508 616 708 680 242 378 701 288 599 78 261 480 308 583 238 157 238 792 404 869 193 634 706 478 374 758 687 783 324 330 91 335 864 263 327 670 739 319 373 543 630 190 369 104 614 173 370 192 550 187 189 578 765 723 603 575 827 499 743 543 435 780 267 470 475 277 174 441 610 443 
425 82 103 636 325 226 336 314 202 -1 607 269 530 543 662 476 320 174 442 459 748 599 218 235 351 86 513 296 415 51 428 58 774 548 153 582 313 299 199 152 482 265 164 204 520 643 92 529 322 434 61 614 258 235 684 172 439 239 739 302 359 328 496 818 132 202 622 620 351 632 506 301 244 465 470 152 76 375 584 371 888 804 416 373 322 579 258 562 452 632 371 584 459 322 173 284 90 592 513 412 266 444 280 555 211 509 643 472 438 123 196 241 144 248 554 369 138 273 322 131 413 456 618 169 398 568 482 278 757 692 314 413 517 635 81 212 498 155 621 219 124 330 125 449 260 91 288 723 276 771 169 642 631 385 184 569 485 607 172 378 123 318 724 302 153 467 536 185 392 344 681 199 182 121 705 64 438 65 515 257 224 385 562 545 406 642 702 517 623 421 321 678 64 281 553 365 171 278 688 255 
248 630 561 132 474 390 315 771 793 607 -1 338 249 448 583 394 373 435 198 185 380 581 394 436 720 569 181 454 398 659 255 659 443 602 755 380 553 389 803 759 785 766 753 629 136 300 699 250 731 623 546 549 797 580 198 779 432 846 232 855 372 821 298 570 726 746 353 259 308 134 171 323 497 847 559 541 660 234 146 635 519 421 556 598 286 200 699 156 510 936 818 457 287 433 567 747 534 852 480 205 352 727 626 802 575 345 242 194 582 719 511 532 507 652 107 537 603 374 843 478 760 229 686 451 311 291 679 498 457 249 296 313 97 608 551 416 305 655 776 771 648 343 486 319 838 637 708 575 427 499 752 751 518 451 532 43 236 75 625 726 728 615 307 696 586 273 326 486 684 281 878 788 426 689 985 665 782 601 598 855 683 226 296 85 220 889 362 719 353 362 428 441 554 502 859 780 654 360 945 352 
201 295 239 381 272 80 138 485 462 269 338 -1 313 415 563 334 153 96 182 209 542 521 60 144 466 234 272 234 262 321 190 322 583 499 417 413 326 148 467 420 569 463 421 321 265 432 361 295 460 443 209 515 482 307 437 441 327 508 492 538 193 524 302 663 392 418 413 383 129 369 248 63 216 599 426 234 327 112 334 416 693 598 389 393 61 330 411 303 384 732 540 450 262 211 269 456 197 664 409 154 47 514 365 616 274 337 414 216 420 381 206 269 180 372 288 348 291 100 537 140 520 228 587 117 212 364 505 260 576 457 46 207 248 557 221 114 287 330 637 451 317 160 153 269 504 309 430 600 192 602 417 635 512 298 223 299 246 345 307 482 392 375 500 427 265 242 330 189 460 91 725 452 93 361 796 327 546 270 477 518 387 116 342 281 143 711 501 547 434 268 230 512 216 243 648 512 345 110 765 24 
112 583 449 162 280 310 195 593 675 530 249 313 -1 198 337 152 436 390 315 126 228 331 371 456 523 528 75 277 515 578 375 566 271 355 682 137 357 442 699 677 562 605 638 632 123 118 614 433 543 395 473 300 648 411 174 684 199 757 225 706 460 649 56 368 618 713 559 479 379 375 342 346 528 638 321 411 556 219 112 423 379 285 329 384 254 412 528 364 273 704 631 209 74 504 423 575 487 616 233 180 355 506 442 567 588 97 115 339 351 653 519 365 487 480 312 323 470 402 680 428 551 85 438 422 133 56 446 320 268 165 300 431 253 358 454 318 469 632 530 632 614 199 406 98 788 522 528 340 271 300 697 503 272 236 536 252 395 185 615 522 634 418 194 510 573 421 505 358 471 326 633 729 361 572 747 594 569 497 355 787 523 268 489 171 301 650 187 483 131 145 245 220 497 551 631 587 509 252 705 309 
248 615 443 351 221 372 276 493 634 543 448 415 198 -1 152 80 563 457 484 299 264 133 458 555 404 572 269 247 661 581 537 560 259 162 681 89 269 562 669 670 404 525 603 697 318 209 609 612 437 243 499 107 577 349 337 664 104 736 373 631 596 552 154 274 592 744 742 669 518 572 523 467 624 494 155 395 542 360 308 297 369 309 190 259 372 601 445 554 124 528 517 41 180 626 389 484 533 438 50 335 462 355 353 391 664 104 258 514 198 661 601 316 553 402 503 212 439 515 591 481 413 244 240 494 207 166 278 271 232 299 423 584 442 162 462 360 639 678 338 573 653 255 440 156 799 502 433 187 271 235 710 306 97 159 612 449 569 382 673 394 619 315 289 410 634 588 678 358 335 464 441 737 419 542 562 605 426 491 171 782 452 419 668 368 459 465 221 308 146 146 223 148 534 655 463 469 459 313 518 399 
400 739 559 472 338 514 426 544 719 662 583 563 337 152 -1 231 714 598 635 448 307 70 603 701 447 702 412 371 813 694 689 669 269 140 788 203 358 711 760 774 399 589 695 831 461 305 717 762 487 275 625 49 645 443 441 761 239 830 463 693 748 602 301 204 689 865 891 816 670 712 673 617 768 500 201 510 648 512 438 347 349 331 256 319 523 748 513 700 209 481 553 128 331 775 495 544 665 393 156 487 611 366 428 356 803 252 364 665 245 774 743 422 691 478 649 298 543 664 645 618 434 394 157 635 358 292 277 384 234 392 574 736 588 52 582 498 790 806 267 649 779 402 572 309 909 607 494 80 404 208 823 219 65 283 752 590 720 513 805 428 721 384 362 468 768 740 829 483 370 616 361 846 559 639 496 720 438 604 174 884 530 571 819 509 611 405 280 287 239 296 355 174 662 801 435 506 550 458 450 547 
174 544 379 315 166 294 196 466 583 476 394 334 152 80 231 -1 483 379 409 230 291 201 378 475 386 499 213 183 581 517 460 498 303 208 619 110 231 481 615 609 411 489 551 621 260 208 547 539 412 245 428 184 537 302 317 607 53 680 361 594 517 524 97 344 536 675 670 600 439 511 453 387 545 492 168 333 482 282 265 281 418 344 180 241 292 533 409 487 121 551 497 116 111 545 332 452 459 463 89 261 382 357 318 414 587 60 243 441 199 596 523 262 476 363 439 184 383 435 560 406 407 175 295 416 127 143 293 215 283 291 343 506 376 234 395 284 563 605 381 528 581 175 367 82 735 443 403 266 200 295 644 358 177 106 534 390 495 336 598 381 561 286 296 381 558 513 603 291 326 385 483 673 342 487 594 539 423 428 204 722 411 342 596 311 383 497 245 330 161 66 155 202 462 575 479 451 410 234 553 319 
331 303 337 459 424 223 287 597 522 320 373 153 436 563 714 483 -1 177 174 314 659 674 139 86 595 248 378 385 112 364 128 379 708 653 437 552 471 22 513 449 708 563 484 264 354 550 402 215 583 593 272 666 570 438 524 481 479 536 574 619 43 628 438 800 452 394 302 305 65 346 220 96 127 727 579 351 393 217 424 560 812 713 541 539 192 274 527 270 538 871 655 596 398 67 389 567 230 808 561 257 107 655 498 761 208 478 520 187 571 398 153 407 179 494 284 498 395 59 631 202 654 351 741 159 357 491 654 406 705 556 141 95 276 710 309 254 178 303 788 534 306 312 248 412 492 391 550 746 343 735 418 788 660 452 175 329 178 408 267 615 437 515 606 552 233 152 216 320 601 110 874 453 206 436 937 358 680 350 630 523 497 173 242 348 157 856 622 696 565 417 383 649 255 129 787 633 449 264 909 174 
279 200 162 474 274 85 198 421 371 174 435 96 390 457 598 379 177 -1 270 299 618 547 46 117 419 141 359 235 288 225 262 229 654 513 320 472 307 160 373 324 535 390 331 244 357 509 266 366 406 433 114 548 402 264 528 346 359 412 583 455 220 454 369 720 301 326 472 457 188 459 334 130 174 550 435 174 236 206 425 391 766 674 390 376 154 411 350 390 401 697 478 496 329 210 212 391 102 638 442 246 94 484 323 593 207 395 498 300 419 284 144 237 98 317 380 343 219 119 461 43 478 309 596 37 271 437 492 245 643 543 139 259 343 584 137 100 345 241 630 368 226 207 71 329 410 224 373 645 197 664 321 637 553 317 155 396 320 440 225 439 297 343 582 375 183 307 387 148 429 172 710 356 39 274 765 230 505 183 485 421 321 211 406 376 232 686 574 533 502 315 244 572 119 210 613 456 274 147 739 86 
235 450 421 295 414 257 243 664 641 442 198 182 315 484 635 409 174 270 -1 190 518 610 224 243 636 390 243 382 211 493 63 499 573 608 581 447 483 191 642 588 728 645 601 434 206 415 533 132 635 584 384 591 665 480 363 614 424 677 410 720 175 706 336 682 571 557 262 209 110 189 65 142 299 770 545 415 506 134 270 573 669 569 522 543 159 149 590 121 497 889 718 508 303 235 449 636 360 814 497 148 176 671 536 764 379 383 374 36 552 543 317 437 323 549 114 489 473 183 719 311 687 242 698 275 286 370 646 418 577 402 135 123 103 644 403 290 155 465 767 634 462 275 334 327 653 491 607 651 343 613 571 755 574 418 339 154 85 240 433 649 566 539 456 601 395 106 194 367 620 98 862 607 275 542 948 494 712 451 593 676 567 78 187 185 39 858 487 688 445 352 366 535 383 303 806 687 527 257 914 204 
63 499 395 177 289 232 135 588 629 459 185 209 126 299 448 230 314 299 190 -1 344 429 270 344 535 440 64 270 389 509 249 503 393 437 611 257 368 322 645 611 601 587 590 529 62 236 548 314 546 442 398 406 621 397 228 624 257 695 284 680 336 640 147 494 565 625 443 370 255 285 224 228 415 662 385 368 500 101 126 450 497 398 375 414 147 302 517 256 335 755 634 320 119 382 390 565 401 673 319 58 244 543 442 622 481 195 208 217 402 578 413 349 389 470 209 353 431 287 664 341 575 54 525 325 127 182 500 313 393 248 185 305 146 461 392 251 346 539 606 599 525 160 333 148 708 472 525 460 245 426 618 587 385 269 431 167 273 155 517 541 574 430 294 512 475 297 383 312 499 204 706 652 278 524 807 521 597 439 428 715 504 143 370 101 175 712 307 541 257 184 242 345 415 434 676 595 478 187 768 212 
341 806 659 247 457 536 420 753 873 748 380 542 228 264 307 291 659 618 518 344 -1 348 600 684 668 754 281 469 728 793 581 778 65 407 897 183 522 666 903 891 665 780 840 860 312 110 827 617 698 507 694 302 829 593 186 892 343 965 180 886 678 813 252 201 823 938 731 639 598 512 527 571 756 758 419 616 765 444 250 560 152 56 454 522 483 577 700 530 387 775 780 235 290 727 620 742 713 685 315 402 583 618 609 642 816 243 144 534 462 871 748 553 715 654 477 470 671 629 850 654 678 313 459 650 351 181 537 506 89 131 527 640 432 354 669 539 663 858 568 820 839 418 628 298 1008 728 692 255 476 133 917 524 255 398 764 406 588 306 843 658 844 574 76 669 801 620 693 568 600 548 666 947 587 774 799 812 690 708 426 1002 703 486 668 339 513 704 46 562 130 331 438 135 721 777 718 733 701 476 753 538 
375 678 496 480 279 466 387 473 650 599 581 521 331 133 70 201 674 547 610 429 348 -1 556 654 376 644 403 315 777 629 660 604 320 70 722 209 291 669 691 707 333 519 626 775 451 324 651 740 416 205 566 46 574 376 459 693 194 761 488 622 710 531 286 272 621 802 871 800 634 705 653 578 719 433 133 447 582 482 440 276 410 380 188 249 486 732 443 686 148 428 482 129 310 732 430 473 608 338 113 462 568 297 359 297 749 237 380 642 175 709 691 358 637 408 636 232 477 621 574 563 365 375 113 584 326 295 209 322 286 415 536 704 574 36 521 447 764 746 220 579 718 361 515 283 843 541 423 149 350 267 758 180 93 229 699 582 696 515 748 358 654 315 393 397 711 713 804 424 299 581 321 780 507 571 451 656 370 540 103 817 460 542 797 502 583 356 314 223 257 260 302 213 603 754 375 435 481 413 405 502 
258 236 207 442 292 91 187 464 417 218 394 60 371 458 603 378 139 46 224 270 600 556 -1 98 457 175 332 253 251 269 215 274 639 528 361 464 334 125 418 367 569 435 377 261 326 490 310 320 446 457 160 554 448 299 498 390 364 455 553 501 182 498 356 714 347 357 428 411 142 413 288 83 166 589 451 214 282 172 395 421 750 656 410 403 122 364 392 344 414 732 521 495 315 182 252 434 140 669 447 214 48 517 359 623 216 387 474 254 439 324 149 268 119 357 335 365 263 79 506 87 515 287 613 57 261 421 518 270 630 517 97 216 301 593 183 117 301 269 654 415 257 203 116 319 445 271 414 645 211 655 358 657 555 328 164 354 273 404 247 476 342 376 560 414 205 261 343 181 462 126 737 393 67 320 798 272 541 230 502 461 364 168 361 340 187 717 558 560 489 312 256 564 160 198 648 497 318 145 771 62 
345 217 264 506 388 188 281 524 437 235 436 144 456 555 701 475 86 117 243 344 684 654 98 -1 532 161 409 349 182 279 208 294 727 625 351 558 424 64 427 363 651 486 400 193 394 574 316 301 515 549 191 652 489 379 567 395 462 450 620 537 123 551 447 808 368 314 386 391 134 425 297 118 71 661 548 286 310 243 465 508 836 740 505 493 201 358 456 350 511 812 582 591 406 95 324 493 145 754 546 286 101 601 437 709 140 481 552 263 534 312 74 353 93 428 357 459 323 61 551 128 592 371 710 87 356 508 609 362 721 593 159 181 339 691 233 212 264 223 747 452 222 300 180 413 411 311 481 742 308 747 334 752 652 426 96 393 262 461 190 553 352 460 639 486 152 238 301 265 545 155 827 369 154 354 880 271 618 271 599 439 425 217 328 398 216 803 644 650 579 409 354 657 171 100 728 565 374 243 855 156 
473 432 272 680 247 385 409 98 302 351 720 466 523 404 447 386 595 419 636 535 668 376 457 532 -1 430 556 266 707 353 655 322 663 306 414 485 167 580 351 393 131 152 292 556 591 594 355 759 43 172 357 413 208 158 696 364 332 420 744 249 639 154 468 646 301 523 879 844 593 803 699 526 570 133 256 245 294 512 625 107 769 714 214 146 477 786 98 750 280 283 112 438 454 627 207 105 412 241 355 524 497 105 100 209 558 445 627 672 210 417 526 198 464 105 719 202 218 536 198 404 61 497 336 445 412 527 180 223 634 676 507 670 662 401 306 351 753 504 297 225 472 379 351 425 531 262 68 525 297 628 462 332 451 287 521 698 710 683 524 28 342 105 681 49 503 708 795 277 77 556 336 473 389 261 354 382 87 288 272 488 131 558 807 637 597 291 623 197 542 378 292 550 394 610 201 65 180 379 336 441 
418 61 163 615 365 217 333 400 279 86 569 234 528 572 702 499 248 141 390 440 754 644 175 161 430 -1 500 330 335 119 365 140 786 599 191 599 369 226 265 202 560 351 243 133 498 645 155 462 404 495 80 653 343 299 669 233 469 289 724 385 284 415 502 843 211 185 546 552 289 578 450 249 159 549 520 206 162 346 566 438 900 810 468 435 294 517 340 505 495 713 457 612 463 241 237 369 40 669 549 387 217 517 351 629 127 523 637 415 493 153 112 295 69 325 504 420 213 210 408 100 492 448 675 118 403 572 548 323 772 683 273 343 475 680 131 216 426 106 688 304 85 336 131 459 270 176 370 757 301 791 183 704 665 419 98 529 421 580 104 456 191 385 721 381 73 399 462 219 464 293 754 218 166 207 785 110 518 143 568 286 306 343 490 516 356 718 709 585 634 438 349 698 41 195 632 449 253 278 766 227 
91 558 444 129 309 287 180 617 676 513 181 272 75 269 412 213 378 359 243 64 281 403 332 409 556 500 -1 296 449 564 305 555 332 420 666 213 388 386 694 665 609 622 637 593 48 173 602 358 572 445 454 374 660 429 170 676 251 748 225 719 398 671 117 438 614 686 484 404 317 302 267 293 480 678 378 412 550 165 73 463 433 335 378 425 210 336 549 288 329 758 660 284 107 446 430 596 460 672 299 123 308 552 468 622 545 165 143 266 403 635 477 381 451 501 236 364 474 351 699 400 591 61 506 387 144 128 500 341 334 185 250 363 177 431 443 303 396 600 594 640 585 196 388 139 766 519 553 415 279 369 676 570 347 276 495 179 322 127 579 559 626 450 230 538 537 349 431 356 512 267 696 709 336 571 804 577 611 489 417 771 539 205 414 99 233 708 246 539 202 184 266 293 473 499 682 619 518 236 764 273 
209 369 196 424 39 162 144 320 404 296 454 234 277 247 371 183 385 235 382 270 469 315 253 349 266 330 296 -1 496 335 412 315 486 277 436 293 102 376 433 426 346 328 370 460 327 374 364 511 277 209 254 322 370 133 451 424 142 497 503 428 426 375 229 521 353 498 637 591 362 539 442 297 409 395 199 150 299 251 368 191 601 524 156 161 225 529 252 490 167 507 365 288 204 435 151 300 293 434 218 259 277 289 172 385 435 226 391 418 186 414 378 87 322 205 456 113 201 327 403 248 309 235 361 271 152 299 271 44 466 441 266 439 397 351 215 136 515 435 403 355 408 113 200 181 553 260 256 428 42 477 463 404 336 89 384 432 461 420 433 274 377 161 461 242 397 466 558 112 238 316 491 490 196 304 567 357 333 245 250 538 245 303 563 371 344 479 423 313 340 139 32 385 291 445 424 325 233 128 534 211 
419 383 445 506 534 335 389 706 615 415 398 262 515 661 813 581 112 288 211 389 728 777 251 182 707 335 449 496 -1 455 148 473 781 760 514 640 584 127 599 529 821 668 578 310 416 623 490 175 693 704 374 765 671 551 574 565 582 612 620 718 69 733 526 883 546 449 216 250 142 332 227 200 183 838 687 462 491 303 482 672 879 779 652 652 290 245 636 261 645 984 763 691 488 94 500 675 326 921 663 336 218 768 610 874 257 569 585 204 682 475 226 519 271 605 295 609 503 172 734 309 766 434 848 265 454 571 765 519 783 614 240 87 310 812 415 366 118 364 899 634 375 417 357 506 549 494 660 840 453 816 486 897 756 559 245 355 165 450 324 727 526 627 668 663 300 127 138 432 713 196 986 519 318 535 1050 444 792 453 738 589 606 248 176 397 215 968 695 808 646 517 492 734 351 159 899 744 556 372 1022 285 
475 86 138 687 361 277 385 303 159 51 659 321 578 581 694 517 364 225 493 509 793 629 269 279 353 119 564 335 455 -1 476 31 817 575 104 625 339 343 149 101 485 247 123 212 571 690 40 576 320 455 112 647 230 256 734 121 477 187 789 268 402 307 542 856 92 175 665 667 399 682 556 351 277 457 498 186 59 426 634 387 932 849 443 395 374 628 256 611 485 628 357 622 506 361 199 274 135 595 549 463 316 451 294 562 231 553 692 521 463 80 231 271 185 256 605 397 155 320 295 182 414 506 640 218 445 614 498 312 799 740 365 459 569 664 124 261 543 153 635 190 121 378 176 495 218 94 287 758 318 812 129 659 667 422 215 621 533 659 180 381 73 335 772 304 173 513 580 226 403 394 688 155 233 99 702 28 438 90 541 209 222 436 607 596 456 645 748 530 667 464 361 720 111 313 552 358 173 328 688 306 
289 424 422 358 447 269 281 674 630 428 255 190 375 537 689 460 128 262 63 249 581 660 215 208 655 365 305 412 148 476 -1 486 636 653 557 506 510 149 626 567 755 649 590 393 269 478 516 105 650 619 373 644 664 497 426 596 471 655 472 717 118 712 393 743 559 522 225 195 77 217 92 133 255 789 587 423 496 178 334 600 732 632 559 573 187 152 601 142 540 917 730 563 358 181 459 645 341 846 546 202 168 699 555 797 336 439 438 61 589 518 280 457 297 562 158 522 477 156 721 299 709 299 743 259 334 431 681 444 639 466 148 60 163 695 399 304 104 430 806 631 431 313 332 380 619 487 620 708 371 675 542 798 629 458 302 211 57 302 395 671 550 562 520 617 360 54 147 379 646 99 900 578 276 536 979 474 735 446 636 648 575 118 152 248 77 891 550 724 506 400 400 595 365 252 834 702 532 284 946 214 
465 115 119 681 339 272 376 272 144 58 659 322 566 560 669 498 379 229 499 503 778 604 274 294 322 140 555 315 473 31 486 -1 800 548 121 606 312 357 144 112 454 217 105 242 566 676 49 587 288 426 114 623 203 229 725 121 456 192 780 245 418 279 528 835 73 205 681 679 409 688 563 358 299 426 472 164 27 425 627 358 915 834 416 366 372 637 224 619 460 597 327 601 493 380 174 242 149 564 526 460 323 420 264 530 258 536 680 529 436 105 252 247 202 225 609 371 127 332 268 188 382 497 611 227 432 600 468 289 781 730 368 472 570 638 112 252 557 184 605 164 152 366 172 480 240 64 255 734 301 792 154 629 644 400 238 622 543 655 210 350 70 306 759 273 200 525 595 210 372 401 657 177 232 69 670 60 406 69 514 224 190 439 621 593 461 613 732 500 650 447 343 700 123 336 520 326 142 319 657 306 
382 836 681 310 469 569 455 753 887 774 443 583 271 259 269 303 708 654 573 393 65 320 639 727 663 786 332 486 781 817 636 800 -1 384 920 193 527 713 919 912 647 784 855 898 367 158 849 676 696 496 722 273 835 603 251 911 351 983 245 890 729 812 284 136 840 968 793 702 648 576 586 617 799 744 408 636 785 490 309 555 114 62 449 518 526 639 704 592 383 747 775 224 324 775 636 744 745 657 308 450 626 604 612 617 856 264 203 592 453 896 788 566 752 660 538 472 687 674 851 687 667 357 425 688 383 219 520 519 34 196 572 695 491 319 694 570 722 892 535 829 871 449 658 326 1034 747 693 206 498 72 943 488 227 408 804 468 647 368 879 651 864 575 141 669 838 677 752 590 591 597 630 973 621 790 765 838 677 730 408 1024 710 537 729 398 566 673 86 541 152 353 457 113 752 823 695 727 713 508 719 577 
378 629 445 512 239 436 373 404 585 548 602 499 355 162 140 208 653 513 608 437 407 70 528 625 306 599 420 277 760 575 653 548 384 -1 665 249 236 646 628 648 264 451 563 732 468 369 594 740 347 136 520 112 507 319 499 632 183 699 533 553 692 461 303 343 560 749 870 805 619 719 656 559 687 364 79 397 525 475 467 209 478 442 132 186 472 738 376 693 115 370 412 174 319 708 376 405 565 279 122 461 546 227 296 235 711 257 420 641 112 653 655 307 599 345 646 180 420 598 505 525 294 383 90 549 321 327 139 276 351 460 520 692 583 95 472 414 758 699 176 514 670 343 475 289 786 484 356 220 317 335 703 149 157 201 661 598 693 540 703 287 595 251 444 329 669 707 799 381 229 567 279 723 474 511 400 602 299 487 35 756 396 535 796 519 577 304 369 156 303 256 271 273 558 723 311 365 420 389 356 479 
578 133 239 789 460 379 489 344 141 153 755 417 682 681 788 619 437 320 581 611 897 722 361 351 414 191 666 436 514 104 557 121 920 665 -1 727 430 415 101 25 544 281 128 224 672 794 72 652 375 538 212 742 244 346 837 67 578 98 892 260 470 330 646 956 113 121 729 742 481 770 641 439 331 498 589 286 140 525 737 467 1035 953 534 480 472 709 316 697 580 673 391 723 611 420 294 319 221 652 647 563 406 518 373 624 265 656 796 607 552 39 289 367 260 329 695 490 245 401 304 276 470 609 723 306 549 718 576 410 902 844 459 532 663 756 228 364 613 159 707 208 139 482 278 599 121 181 346 855 422 914 52 736 765 522 269 716 612 759 199 443 72 417 876 368 213 589 646 330 474 483 750 59 333 156 747 90 492 190 629 104 285 530 677 696 546 700 851 604 771 568 464 821 200 359 602 403 247 431 739 404 
222 647 487 272 276 386 277 570 694 582 380 413 137 89 203 110 552 472 447 257 183 209 464 558 485 599 213 293 640 625 506 606 193 249 727 -1 338 554 725 718 492 596 661 716 260 120 656 569 514 329 532 171 646 411 251 717 159 790 284 702 581 629 114 250 646 779 696 617 500 510 478 457 629 581 242 442 591 337 235 378 308 234 272 339 361 549 516 501 206 616 597 79 153 618 443 558 559 526 138 305 459 442 425 480 679 77 172 474 283 704 612 372 570 471 449 286 493 510 666 503 498 206 321 508 202 89 366 326 174 211 411 558 390 230 501 383 603 706 423 638 683 265 469 144 842 553 508 203 306 192 751 388 137 216 626 388 530 310 695 477 670 390 201 485 655 554 640 398 419 446 526 780 437 597 650 646 512 537 260 831 520 393 625 307 429 553 138 397 57 161 263 99 563 656 552 550 520 325 605 402 
306 394 210 513 79 249 246 236 366 313 553 326 357 269 358 231 471 307 483 368 522 291 334 424 167 369 388 102 584 339 510 312 527 236 430 338 -1 460 404 415 245 258 338 502 423 438 359 611 185 127 289 313 308 85 532 403 178 473 582 364 514 294 304 536 330 513 736 692 456 641 544 390 477 294 159 163 290 353 457 90 638 572 103 69 325 630 178 592 153 407 273 308 287 515 140 221 338 337 226 361 366 188 87 290 488 287 465 519 125 417 439 74 379 133 558 60 185 412 329 307 208 329 305 340 244 367 185 66 502 515 362 534 499 325 239 217 612 465 324 303 436 215 253 259 551 249 172 427 139 504 467 335 340 125 441 533 561 515 473 173 363 62 526 153 441 564 655 160 136 413 403 489 270 280 469 366 231 251 202 526 183 404 662 469 445 384 476 226 392 212 125 417 328 515 324 230 193 226 439 302 
334 281 319 471 415 213 285 579 501 299 389 148 442 562 711 481 22 160 191 322 666 669 125 64 580 226 386 376 127 343 149 357 713 646 415 554 460 -1 491 427 694 544 463 244 364 557 381 237 566 582 252 663 550 424 535 459 475 514 587 599 61 609 440 803 431 373 323 327 81 366 240 97 108 711 572 335 372 223 435 547 819 721 533 528 192 296 509 291 532 857 637 596 400 64 373 549 208 795 558 263 101 642 483 749 188 479 529 207 562 376 131 393 157 478 303 489 377 48 611 183 638 356 734 140 356 496 643 395 710 566 142 117 292 706 290 242 200 282 779 513 284 309 230 412 471 371 533 746 334 739 396 780 658 445 154 345 200 422 246 600 416 501 615 536 212 174 237 306 587 119 863 431 192 415 924 336 665 330 623 502 479 183 264 361 171 843 628 685 569 415 376 651 234 115 773 617 430 257 896 167 
603 216 250 821 450 415 514 267 49 199 803 467 699 669 760 615 513 373 642 645 903 691 418 427 351 265 694 433 599 149 626 144 919 628 101 725 404 491 -1 77 474 203 65 323 707 805 110 725 309 495 258 717 156 320 863 35 569 70 918 162 549 242 657 940 80 220 812 817 549 832 705 500 418 416 558 288 144 568 767 422 1033 957 503 442 516 778 258 761 558 590 307 710 625 505 282 248 285 578 629 603 465 456 332 556 359 660 814 671 517 132 373 353 333 283 753 464 232 470 210 330 401 634 677 368 565 729 524 400 897 864 512 608 715 723 253 393 692 257 648 127 234 501 316 609 188 176 285 832 429 904 151 682 744 512 355 766 683 798 295 379 76 377 890 310 304 663 727 340 419 543 679 143 376 128 663 155 419 205 593 138 233 583 756 736 605 625 856 547 774 572 464 814 261 450 525 327 211 458 659 450 
576 146 231 788 448 379 486 320 116 152 759 420 677 670 774 609 449 324 588 611 891 707 367 363 393 202 665 426 529 101 567 112 912 648 25 718 415 427 77 -1 521 257 104 246 673 788 63 664 353 520 213 728 219 330 835 43 567 88 890 235 483 306 640 944 92 146 744 754 490 778 650 447 347 474 574 276 128 527 736 448 1027 946 518 463 475 719 295 705 566 649 366 711 605 435 281 296 228 629 634 565 413 497 355 602 284 649 792 615 535 56 304 355 271 310 702 475 232 411 279 280 448 607 705 313 544 712 556 398 893 841 464 544 668 740 223 362 626 180 687 183 158 478 278 593 139 168 325 841 414 903 77 717 752 511 284 720 623 760 219 421 53 399 871 347 230 601 661 322 454 490 728 80 334 138 722 94 469 182 613 112 265 535 691 697 553 677 844 583 763 560 455 812 206 377 579 380 228 428 715 407 
537 563 399 724 316 490 489 207 424 482 785 569 562 404 399 411 708 535 728 601 665 333 569 651 131 560 609 346 821 485 755 454 647 264 544 492 245 694 474 521 -1 270 419 687 650 610 486 856 168 166 484 377 322 272 728 491 362 542 771 349 752 247 505 604 430 654 981 937 698 881 788 632 694 102 249 366 426 597 672 155 743 705 232 188 570 875 230 836 291 163 183 429 502 746 329 226 539 109 354 601 606 57 213 82 687 472 653 764 212 548 651 301 590 234 799 247 347 649 292 525 73 555 258 564 473 553 127 310 615 698 607 776 739 348 432 456 856 635 186 346 604 456 471 471 658 394 199 479 385 600 592 232 422 333 648 768 806 737 655 104 471 194 693 181 632 809 899 388 109 657 206 602 502 392 229 514 55 418 239 612 263 649 907 699 690 159 624 112 550 424 365 535 522 734 79 148 312 471 206 544 
532 333 228 751 327 389 452 64 154 265 766 463 605 525 589 489 563 390 645 587 780 519 435 486 152 351 622 328 668 247 649 217 784 451 281 596 258 544 203 257 270 -1 152 459 648 694 234 755 109 314 295 551 56 194 779 223 437 271 831 106 606 64 554 782 170 398 863 844 578 827 710 515 507 217 391 229 191 538 695 242 894 830 340 272 493 793 80 765 403 391 111 563 532 579 199 47 346 375 478 561 482 257 171 352 475 543 717 679 345 293 460 241 403 126 743 312 172 508 77 361 197 560 487 404 479 622 332 284 758 768 509 650 692 546 254 356 736 399 447 76 368 428 318 508 390 176 95 666 343 757 332 484 585 382 449 737 707 742 427 179 212 210 782 121 416 697 777 282 227 553 475 336 372 147 465 272 216 215 416 342 83 572 796 688 605 422 734 349 650 463 360 673 323 545 322 124 117 406 458 440 
546 206 194 765 385 363 457 216 40 164 753 421 638 603 695 551 484 331 601 590 840 626 377 400 292 243 637 370 578 123 590 105 855 563 128 661 338 463 65 104 419 152 -1 326 652 743 95 692 251 431 217 651 117 254 805 72 504 135 859 145 523 202 595 874 32 248 786 784 514 790 665 460 401 369 493 227 94 518 710 358 968 894 438 377 467 741 196 721 492 544 262 644 564 484 219 193 254 526 563 551 425 397 267 500 353 596 754 631 451 144 355 288 307 219 710 399 169 437 180 291 345 577 614 331 505 667 462 335 832 804 468 578 668 657 201 339 663 262 588 79 233 442 268 547 239 117 225 766 367 839 180 620 679 447 339 718 648 744 296 320 63 312 828 249 295 631 701 281 358 503 625 184 328 66 618 141 366 152 528 196 169 538 726 684 563 573 793 486 710 509 401 749 229 436 475 275 145 402 611 403 
519 127 295 697 495 329 442 514 354 204 629 321 632 697 831 621 264 244 434 529 860 775 261 193 556 133 593 460 310 212 393 242 898 732 224 716 502 244 323 246 687 459 326 -1 583 751 231 471 526 629 213 782 440 432 756 288 595 317 810 471 284 520 613 964 297 139 526 555 324 610 484 310 137 668 652 339 269 429 653 570 1010 917 601 568 382 535 462 535 626 836 569 736 573 223 369 484 166 797 676 472 287 647 482 759 56 639 735 451 626 190 119 428 146 452 547 553 341 255 505 215 617 548 808 210 516 680 680 455 887 778 347 351 532 811 264 336 422 66 821 400 93 451 259 573 238 295 492 883 428 909 185 837 791 548 98 586 440 653 32 583 263 517 821 507 63 410 448 351 595 349 884 215 279 312 909 188 643 269 700 282 427 409 484 590 409 846 818 717 746 558 477 816 174 151 757 567 376 391 893 322 
117 558 458 116 343 294 197 647 691 520 136 265 123 318 461 260 354 357 206 62 312 451 326 394 591 498 48 327 416 571 269 566 367 468 672 260 423 364 707 673 650 648 652 583 -1 210 610 314 604 487 460 422 683 457 173 687 296 757 227 742 369 700 165 480 628 683 438 356 290 253 222 276 463 715 423 431 562 153 71 501 463 363 420 464 204 289 577 241 374 801 692 332 151 421 452 625 460 716 347 111 295 593 500 666 532 213 169 225 446 639 464 409 445 530 188 403 493 334 725 400 628 94 554 382 178 174 543 371 372 202 235 328 130 480 454 314 355 595 641 661 582 220 394 183 768 534 583 462 305 409 678 617 396 316 484 130 280 94 571 595 636 485 253 569 530 310 388 374 550 244 743 712 339 587 849 582 649 502 463 776 564 181 369 51 202 753 281 583 246 226 298 337 475 478 723 652 540 250 809 271 
231 699 558 173 368 427 312 674 778 643 300 432 118 209 305 208 550 509 415 236 110 324 490 574 594 645 173 374 623 690 478 676 158 369 794 120 438 557 805 788 610 694 743 751 210 -1 725 522 621 445 588 283 741 503 136 792 262 865 164 799 571 732 148 273 724 830 641 554 490 434 430 462 646 697 361 517 665 334 157 489 262 166 385 449 373 489 615 441 321 737 706 196 183 618 524 659 605 646 257 293 473 559 525 600 706 151 60 435 400 766 638 460 606 568 387 393 573 519 767 545 613 203 438 541 245 75 485 413 162 91 417 536 336 341 566 433 565 750 542 729 731 312 522 196 903 629 611 280 376 201 811 505 241 312 655 319 490 225 734 589 743 495 87 590 692 520 597 466 533 440 644 843 479 677 769 708 628 607 380 899 615 379 575 244 407 673 72 517 67 234 342 144 614 668 671 660 608 368 725 428 
512 111 168 726 388 316 423 294 126 92 699 361 614 609 717 547 402 266 533 548 827 651 310 316 355 155 602 364 490 40 516 49 849 594 72 656 359 381 110 63 486 234 95 231 610 725 -1 615 318 469 152 671 209 275 772 80 506 147 827 240 439 291 577 884 66 168 702 706 439 723 596 391 310 450 518 214 69 466 673 400 964 883 463 411 414 668 256 652 508 623 346 650 542 396 222 267 175 596 575 503 357 456 306 565 258 586 728 562 482 62 265 295 223 263 646 419 174 360 273 223 413 544 655 258 481 649 510 338 830 777 406 497 609 685 159 299 581 167 644 169 138 414 215 529 192 110 287 783 351 842 109 670 692 450 248 661 573 699 200 383 35 349 808 307 200 552 617 259 410 435 691 129 273 94 697 47 436 119 559 174 223 477 645 636 497 644 781 539 700 497 392 750 151 344 549 352 180 365 686 347 
365 518 527 375 545 374 375 780 732 529 250 295 433 612 762 539 215 366 132 314 617 740 320 301 759 462 358 511 175 576 105 587 676 740 652 569 611 237 725 664 856 755 692 471 314 522 615 -1 755 716 476 719 769 602 444 694 556 751 482 822 187 817 461 794 661 606 130 91 178 159 91 239 334 893 678 529 599 266 367 701 763 663 654 673 286 69 707 95 630 1018 835 634 431 247 564 750 440 945 628 279 273 800 659 895 414 510 473 98 684 613 367 561 393 667 143 620 582 255 827 402 812 368 830 361 418 487 777 545 685 491 252 120 185 773 504 409 60 516 899 735 521 407 437 457 705 591 725 773 471 723 633 887 700 550 388 213 49 315 478 774 649 665 548 722 447 63 76 485 747 204 995 668 382 639 1078 571 838 550 725 738 681 209 56 278 166 989 591 820 560 484 497 651 465 321 935 807 637 384 1045 319 
486 400 252 698 264 380 416 57 260 322 731 460 543 437 487 412 583 406 635 546 698 416 446 515 43 404 572 277 693 320 650 288 696 347 375 514 185 566 309 353 168 109 251 526 604 621 318 755 -1 211 334 451 165 155 718 323 359 378 767 207 626 116 489 684 262 486 872 842 585 807 699 519 549 146 293 231 260 515 642 142 803 746 247 177 477 785 64 752 313 309 88 472 473 610 194 62 389 277 388 531 488 148 104 248 531 470 651 671 246 380 504 200 443 88 723 228 194 524 158 386 95 511 378 428 427 552 223 232 668 700 503 661 667 442 284 346 745 472 339 182 440 387 335 445 490 231 34 565 304 663 424 375 488 310 497 706 706 697 494 70 303 126 708 34 475 701 788 270 119 551 374 433 379 224 382 348 118 261 312 446 98 558 802 648 596 326 653 240 571 398 306 583 369 588 232 51 150 381 368 435 
378 517 334 558 172 369 341 268 451 434 623 443 395 243 275 245 593 433 584 442 507 205 457 549 172 495 445 209 704 455 619 426 496 136 538 329 127 582 495 520 166 314 431 629 487 445 469 716 211 -1 415 240 370 199 561 501 196 566 604 417 635 326 339 474 430 630 844 792 571 725 641 507 604 251 88 289 401 450 506 73 599 550 67 60 432 727 241 686 125 313 281 273 338 640 261 268 465 231 192 449 485 113 164 181 615 305 487 620 45 530 567 202 507 212 645 96 299 534 369 435 171 394 185 467 314 387 61 187 466 533 475 648 584 232 364 340 723 589 197 378 558 308 381 306 659 361 219 353 251 457 579 208 279 172 569 610 667 573 598 155 467 120 530 193 568 674 766 287 96 524 282 597 395 382 365 483 183 370 101 626 261 506 769 538 549 273 464 104 387 261 219 383 455 642 236 233 291 336 329 420 
