200
-1 356 344 456 233 243 528 551 300 145 551 483 599 217 71 627 604 534 191 422 310 264 506 217 297 134 437 409 476 223 593 639 208 549 475 565 308 127 372 501 271 388 271 651 657 582 425 216 395 524 334 74 558 454 310 661 101 349 286 281 351 537 235 357 87 156 505 701 813 400 150 618 118 324 243 297 263 601 312 371 182 122 265 382 574 354 545 262 391 709 691 428 328 300 301 286 670 155 152 620 548 100 45 689 447 316 348 86 159 465 301 695 362 279 481 546 727 65 384 140 161 232 363 627 154 379 243 323 752 553 216 489 264 144 238 350 600 406 208 272 591 515 61 201 644 352 747 171 827 650 486 368 460 86 222 304 721 475 385 180 452 436 263 413 450 592 212 426 374 394 188 665 742 237 294 322 747 437 393 456 425 398 836 686 609 386 579 779 481 369 128 354 710 314 449 808 754 123 508 462 
356 -1 127 158 465 125 722 527 102 362 555 629 308 216 427 271 492 276 343 440 423 438 272 455 335 311 542 65 602 509 299 326 334 314 206 474 138 471 337 549 463 79 363 473 302 515 411 139 550 472 566 410 202 648 218 537 258 152 140 74 549 578 219 332 306 200 361 358 479 505 422 471 260 291 156 224 556 416 521 84 454 421 224 245 245 121 372 372 485 495 360 357 474 67 479 278 376 257 455 355 262 455 313 419 99 481 395 357 216 216 418 339 196 445 408 212 383 356 581 476 403 277 544 273 238 285 286 337 469 416 257 519 315 212 388 375 276 61 221 511 239 427 311 165 306 501 394 370 583 375 479 484 306 322 488 184 371 127 434 277 501 311 320 58 623 449 188 141 378 178 186 443 389 451 432 103 484 323 295 404 486 226 496 334 373 549 230 435 125 598 304 438 411 587 296 452 546 389 170 138 
344 127 -1 113 386 187 791 640 204 401 664 709 428 143 415 327 616 402 398 541 500 346 177 499 224 255 629 184 686 539 248 294 249 442 333 595 245 437 442 649 521 207 439 601 345 634 285 163 624 588 618 413 257 715 321 662 244 270 58 135 611 680 296 209 325 212 485 448 470 590 451 597 228 390 101 111 585 543 578 54 389 373 312 362 236 242 499 273 370 622 461 470 370 160 383 368 493 204 475 284 385 434 299 541 147 548 486 314 185 126 314 394 313 509 525 319 393 368 644 481 440 351 611 344 278 397 190 431 587 541 175 621 395 209 297 256 385 119 287 558 320 546 287 147 307 574 426 415 706 497 587 565 430 283 525 70 393 230 528 333 599 185 217 148 695 575 251 269 478 62 232 570 460 501 503 33 606 442 167 517 581 101 497 409 500 443 257 442 195 652 341 524 525 625 173 494 673 336 182 257 
456 158 113 -1 493 268 876 682 260 499 712 786 395 256 527 233 635 390 489 598 578 447 123 596 315 368 700 180 760 641 144 184 357 434 328 623 297 551 496 708 611 220 518 601 244 666 339 259 705 626 712 522 170 801 377 675 355 308 172 210 700 736 372 280 429 315 506 373 357 662 553 607 341 450 214 209 688 545 669 91 500 486 381 400 122 276 508 372 448 607 396 512 462 220 480 435 451 318 580 197 361 547 411 507 95 633 553 428 297 72 407 296 352 596 562 273 280 475 732 591 539 430 696 259 373 442 295 496 542 559 285 677 471 316 400 333 335 105 369 654 246 578 399 255 194 655 318 511 673 464 636 641 453 397 625 175 282 193 593 422 660 211 316 133 778 588 335 272 537 93 323 555 370 595 586 134 570 476 217 560 645 137 383 324 485 531 153 329 137 745 439 596 477 725 185 388 656 449 82 238 
233 465 386 493 -1 397 739 782 457 379 784 709 760 251 242 712 824 708 424 654 544 66 484 441 196 161 670 530 705 424 596 651 136 733 641 787 482 177 595 735 500 526 503 857 732 809 286 351 623 752 546 283 642 670 512 880 251 524 337 406 572 771 439 260 313 314 714 822 833 633 373 831 227 542 310 283 452 803 533 435 60 116 471 582 613 517 749 131 192 907 826 648 118 436 79 505 831 211 360 595 710 219 234 863 528 547 580 154 260 465 127 780 551 510 704 677 771 298 603 317 391 453 588 726 358 590 198 549 921 766 212 723 491 290 95 220 740 493 412 488 698 736 212 307 685 582 811 404 1015 821 717 601 663 179 435 318 775 592 618 402 686 367 181 513 671 805 400 581 603 403 368 858 844 464 528 383 926 649 326 681 659 378 865 791 795 156 642 816 574 579 356 588 869 509 393 879 954 111 567 599 
243 125 187 268 397 -1 608 463 61 237 483 523 366 178 311 392 461 310 221 356 313 387 363 331 319 235 441 169 499 383 413 447 284 336 244 433 87 366 262 463 342 145 253 471 425 467 425 48 439 416 444 289 325 533 144 513 156 128 154 57 431 495 108 341 183 90 336 458 604 402 297 454 172 207 133 232 430 415 401 178 372 329 126 202 368 120 363 335 466 513 449 298 436 60 430 182 438 188 330 461 315 343 203 466 224 365 299 264 138 308 384 458 161 328 355 303 508 233 464 354 278 164 428 388 112 227 257 244 525 392 219 437 208 110 338 371 359 185 101 388 350 381 209 98 431 389 517 245 618 424 406 378 281 229 363 203 496 234 341 154 412 360 293 182 511 429 66 188 294 250 61 463 500 328 319 154 528 280 330 343 393 284 622 444 398 510 356 561 248 477 179 336 477 462 355 573 562 303 294 219 
528 722 791 876 739 608 -1 377 620 403 336 114 758 712 498 940 514 682 393 338 300 785 969 311 822 660 208 734 152 315 1020 1049 736 659 675 474 589 566 424 270 272 691 358 622 980 444 950 628 172 416 194 460 889 76 515 551 588 597 745 666 182 278 503 876 488 586 534 926 1189 232 377 567 621 447 707 794 291 612 219 786 679 624 498 532 965 627 579 790 916 705 888 449 849 656 816 448 806 665 381 1070 724 521 555 777 817 243 342 612 641 916 827 992 565 281 444 796 1083 468 148 423 372 445 180 916 514 487 762 396 840 534 728 301 407 599 764 876 812 783 506 255 876 464 581 654 1019 221 1070 383 825 762 355 243 542 613 306 784 1062 779 315 458 283 937 787 769 99 551 542 677 377 853 559 692 998 298 290 759 803 498 898 419 277 877 1198 948 685 896 936 1135 822 160 458 293 839 234 942 1107 722 642 889 734 
551 527 640 682 782 463 377 -1 435 411 44 266 427 632 571 659 137 363 359 128 254 800 799 394 771 641 193 505 229 458 809 820 712 326 386 101 395 656 201 109 332 463 280 247 700 66 886 506 267 59 383 524 629 344 320 175 545 375 617 505 330 101 367 802 469 501 201 602 921 202 444 192 578 257 595 695 477 248 347 610 733 673 340 282 732 406 232 769 907 329 556 170 860 480 841 290 458 615 479 875 409 609 548 417 597 291 203 628 570 743 817 695 330 307 121 504 812 489 331 537 415 334 306 625 435 242 706 235 474 175 666 86 291 524 760 826 497 577 389 390 588 116 572 552 767 265 780 387 447 412 64 225 238 607 428 666 784 524 170 382 123 821 740 551 305 181 416 420 180 700 449 324 680 364 279 607 432 207 793 122 147 741 920 639 332 927 685 859 581 383 425 209 486 450 813 800 344 670 662 471 
300 102 204 260 457 61 620 435 -1 274 460 526 305 230 366 348 418 250 247 340 320 445 369 362 369 295 439 123 499 421 401 429 341 278 183 394 40 425 239 449 363 91 261 419 384 431 466 106 447 384 468 340 285 546 118 467 217 73 187 72 449 479 118 383 233 150 289 402 575 402 337 406 233 190 178 272 467 362 422 178 433 390 121 160 345 59 311 389 518 456 391 266 491 44 488 175 377 247 373 457 254 399 262 406 197 379 292 324 197 313 439 412 113 345 321 246 475 284 479 403 314 176 443 339 158 193 309 235 464 346 272 420 212 171 395 417 300 163 126 416 300 344 269 154 403 398 477 278 559 363 383 381 234 290 398 237 459 185 332 183 400 387 345 150 520 382 99 127 278 264 112 406 449 354 330 171 468 240 362 313 385 305 589 392 340 566 323 527 210 499 220 335 416 493 378 529 506 364 269 163 
145 362 401 499 379 237 403 411 274 -1 408 345 534 309 161 622 478 461 55 282 165 408 576 98 422 264 292 398 334 146 643 681 341 465 415 436 262 246 249 355 134 364 131 539 658 448 549 240 255 390 219 115 559 327 228 535 184 293 349 292 221 392 165 474 85 188 395 665 841 254 64 500 218 211 308 391 193 494 184 408 326 266 184 291 605 311 440 397 531 606 644 306 472 295 446 178 602 262 104 684 485 200 158 608 461 175 208 230 238 527 440 686 288 135 354 511 745 80 255 150 40 127 228 613 125 273 360 194 674 437 325 345 140 197 378 477 554 422 149 157 573 389 185 256 668 209 751 25 729 574 346 222 359 220 126 383 732 459 242 92 307 534 387 418 316 474 176 382 241 460 177 567 719 105 149 370 660 327 494 326 280 478 859 663 519 532 593 798 483 254 60 209 642 226 541 803 647 269 531 430 
551 555 664 712 784 483 336 44 460 408 -1 227 470 647 566 698 181 405 360 132 246 806 827 381 785 649 163 537 191 441 842 855 721 369 424 146 420 651 221 74 317 494 281 292 739 109 902 524 239 100 356 519 666 307 343 214 554 403 638 529 304 58 383 819 472 514 242 645 960 180 435 237 588 276 614 713 456 293 324 637 734 674 358 312 767 435 275 779 917 373 599 199 867 505 846 305 502 626 468 906 451 603 552 462 629 273 205 631 583 771 827 736 360 295 158 544 851 488 301 526 408 344 279 666 445 270 719 246 519 219 679 65 299 537 768 840 539 607 403 370 628 158 577 569 804 244 821 384 489 456 77 207 276 613 412 687 824 560 166 389 104 843 753 582 268 226 432 454 192 725 464 368 723 351 268 631 477 241 813 152 131 765 960 681 377 932 721 898 616 353 429 200 531 425 837 842 386 673 695 507 
483 629 709 786 709 523 114 266 526 345 227 -1 645 646 468 834 401 570 321 225 209 747 886 268 766 609 95 635 37 298 928 954 686 545 566 360 493 546 316 157 212 591 270 508 875 332 893 548 89 301 179 425 787 84 416 440 527 496 667 579 139 170 415 816 428 514 420 815 1087 126 336 453 561 345 633 725 291 497 177 699 651 592 405 425 868 527 465 742 874 591 776 336 812 566 782 352 691 605 352 983 613 498 503 663 721 170 238 570 575 831 784 884 461 210 330 688 981 419 113 404 321 358 121 809 440 379 703 295 725 419 667 186 315 530 721 822 701 689 422 225 769 349 530 580 919 138 964 321 712 648 240 145 430 564 278 710 958 677 206 380 168 867 732 673 51 437 458 573 269 772 479 578 887 246 208 676 688 386 830 305 164 801 1094 839 570 866 836 1031 723 158 392 191 725 243 869 998 609 605 793 630 
599 308 428 395 760 366 758 427 305 534 470 645 -1 519 660 259 319 77 488 419 490 741 515 596 644 599 550 244 608 666 471 459 636 101 123 332 290 726 341 506 568 235 453 239 296 379 713 409 596 370 668 627 260 699 306 336 522 250 448 355 629 519 373 637 521 455 229 174 514 528 597 270 538 342 459 532 708 197 619 375 738 695 350 249 380 246 195 678 794 219 131 309 781 324 783 364 72 548 638 544 51 696 565 113 301 559 427 630 500 467 725 277 245 541 320 125 408 570 650 681 568 407 613 218 446 284 593 386 161 254 561 471 412 477 691 683 79 312 397 634 191 312 574 452 387 560 363 527 279 69 416 525 215 596 637 491 376 204 445 444 478 598 627 281 663 263 387 179 385 463 411 171 253 576 514 410 177 260 592 341 480 515 506 215 111 856 316 448 258 688 496 475 111 715 576 374 266 669 333 171 
217 216 143 256 251 178 712 632 230 309 647 646 519 -1 284 463 639 475 325 516 443 222 289 404 141 111 578 281 629 430 383 433 118 506 405 610 264 296 430 617 441 283 386 649 486 642 255 130 557 588 526 290 393 636 319 691 127 303 88 165 530 651 264 173 225 135 515 571 612 538 346 633 99 374 59 82 474 592 493 186 248 229 291 381 379 288 541 160 287 686 576 472 263 198 264 342 589 63 362 405 470 297 174 627 278 477 449 173 71 251 209 532 339 436 530 428 537 255 564 357 343 306 535 475 209 403 78 401 680 571 42 595 352 116 172 194 492 242 243 464 447 558 155 81 451 507 569 329 785 583 572 509 460 143 422 88 536 342 492 269 565 226 114 262 623 608 215 342 455 181 183 635 593 414 439 134 691 458 185 515 542 181 639 540 568 338 398 585 323 562 254 477 625 521 235 635 736 192 324 352 
71 427 415 527 242 311 498 571 366 161 566 468 660 284 -1 698 638 592 215 443 320 287 573 201 347 189 436 479 467 183 663 710 255 604 536 596 370 85 408 508 263 455 292 694 728 609 472 287 383 551 304 47 629 428 363 695 173 409 357 352 331 544 289 411 138 226 548 768 884 401 135 657 187 364 314 362 216 646 292 442 183 126 316 433 646 418 591 302 420 757 756 464 351 369 318 328 731 220 117 689 609 39 116 745 519 310 369 127 230 534 334 766 418 277 514 613 799 92 361 81 159 273 347 697 213 423 299 354 810 593 277 502 297 216 272 397 665 478 263 246 661 549 129 273 716 346 819 183 877 708 507 369 507 143 192 372 793 545 401 224 463 497 314 485 429 631 273 490 402 463 254 715 811 227 299 393 802 480 453 487 436 464 908 755 662 399 651 850 552 338 170 365 770 271 512 879 800 147 580 529 
627 271 327 233 712 392 940 659 348 622 698 834 259 463 698 -1 570 300 593 616 644 672 320 708 546 571 740 224 801 769 238 211 576 343 274 574 365 740 518 718 703 259 592 498 41 621 570 411 768 599 809 680 71 871 428 593 529 346 375 345 782 738 463 513 575 471 458 154 262 709 685 525 528 493 408 435 815 453 761 277 711 686 455 409 150 319 438 599 682 474 193 509 693 331 708 496 284 517 720 309 255 726 584 350 185 711 597 623 482 292 637 68 375 681 540 154 153 625 810 746 662 517 772 43 503 455 517 543 362 497 500 684 543 483 624 566 179 224 474 760 70 543 581 432 132 722 131 626 503 316 632 696 422 588 745 396 125 164 628 531 679 438 543 213 840 515 447 262 565 325 453 429 137 699 661 329 403 461 450 552 674 370 262 95 370 763 86 200 146 837 568 646 295 839 409 181 517 652 151 205 
604 492 616 635 824 461 514 137 418 478 181 401 319 639 638 570 -1 269 423 217 344 831 758 486 780 671 321 455 363 556 748 751 735 226 313 45 379 722 231 243 431 417 349 111 609 71 884 508 391 104 499 593 552 476 320 56 575 347 605 490 449 238 386 800 517 520 130 490 831 320 523 57 605 282 593 689 582 124 458 577 782 725 356 259 665 373 132 790 925 192 441 176 887 460 874 319 337 636 563 818 314 678 591 289 543 397 279 671 587 703 839 596 304 403 123 417 722 549 455 619 492 373 425 532 466 237 717 284 341 76 678 215 341 545 787 832 396 532 413 495 499 89 612 558 689 378 682 458 310 290 168 336 185 645 524 656 692 457 262 424 244 801 753 502 437 55 431 363 238 671 465 191 570 457 372 585 297 180 779 151 262 717 825 535 213 958 609 766 517 505 476 305 360 564 788 693 208 715 600 405 
534 276 402 390 708 310 682 363 250 461 405 570 77 475 592 300 269 -1 413 344 412 694 513 519 607 546 474 219 534 590 487 484 589 45 70 274 228 661 264 435 491 197 376 212 340 321 687 356 519 304 590 557 283 622 233 297 463 186 413 309 552 450 303 608 454 397 162 245 562 451 523 228 482 265 417 499 631 159 541 353 682 635 278 173 400 190 138 635 757 220 206 233 738 276 737 288 141 497 564 559 46 629 503 156 294 482 350 571 448 462 684 332 174 463 250 147 453 501 573 609 493 333 535 264 380 207 552 308 218 197 518 400 336 420 644 650 134 295 328 557 229 246 514 403 419 482 417 452 310 115 345 448 139 538 561 459 424 199 369 373 404 582 587 263 587 215 322 135 308 446 349 167 320 500 436 379 217 184 570 268 405 496 558 276 97 813 341 498 259 611 425 398 181 638 563 437 270 612 341 152 
191 343 398 489 424 221 393 359 247 55 360 321 488 325 215 593 423 413 -1 231 123 449 576 115 448 297 257 370 305 180 634 668 373 415 371 381 228 299 194 311 122 333 79 484 630 394 574 235 232 336 223 169 532 317 182 480 208 254 351 278 212 347 130 495 115 194 340 625 822 217 111 444 243 158 314 404 225 440 180 398 374 314 142 241 588 276 386 430 567 552 602 251 511 275 488 126 555 286 153 680 440 255 195 557 442 152 156 272 254 524 476 655 244 112 299 473 722 129 246 203 80 81 213 580 121 220 384 139 624 381 347 298 85 209 414 504 512 404 122 168 540 334 221 261 649 182 723 39 675 524 295 186 306 256 153 391 707 428 193 66 262 546 414 396 300 418 155 344 186 460 166 513 683 107 114 366 608 273 508 272 235 484 837 627 468 574 570 775 458 256 73 164 594 246 550 772 592 313 513 395 
422 440 541 598 654 356 338 128 340 282 132 225 419 516 443 616 217 344 231 -1 129 674 709 272 653 516 130 431 189 340 734 753 589 320 343 172 301 528 102 109 214 387 151 309 657 170 771 395 185 116 284 396 574 283 222 271 421 292 511 405 235 139 253 688 341 382 197 589 874 113 317 257 455 150 485 584 364 284 240 518 605 545 230 209 666 325 245 647 784 389 550 110 735 384 714 175 467 494 353 795 387 481 421 443 522 180 74 500 451 653 694 662 252 187 112 466 765 360 246 412 287 212 213 588 313 162 587 114 507 208 547 80 167 405 635 708 476 495 272 277 549 140 446 438 710 162 744 259 515 425 64 121 204 481 308 559 741 465 45 257 63 716 621 474 245 235 302 358 62 603 333 366 663 242 156 507 475 160 685 83 60 640 878 615 349 800 626 815 515 293 298 87 502 347 712 775 417 543 591 415 
310 423 500 578 544 313 300 254 320 165 246 209 490 443 320 644 344 412 123 129 -1 571 676 142 570 420 135 434 187 211 721 749 496 401 390 299 289 405 150 190 87 392 60 426 684 300 695 339 127 245 178 273 591 227 217 399 331 299 459 369 140 226 206 615 238 309 296 648 889 94 190 378 366 153 425 519 240 393 129 490 491 431 198 245 665 328 345 554 690 502 616 198 634 357 610 149 549 408 225 774 449 357 317 537 517 69 69 393 373 622 599 700 270 59 227 507 785 245 166 283 162 148 128 624 234 205 506 105 603 322 468 181 107 327 538 626 532 483 213 154 583 260 344 373 719 78 775 139 629 511 191 66 280 380 180 502 765 482 84 174 143 660 537 469 200 354 248 383 115 562 270 473 714 113 27 466 578 238 624 196 115 592 900 662 442 696 637 837 523 198 197 45 586 232 660 816 536 434 589 439 
264 438 346 447 66 387 785 800 445 408 806 747 741 222 287 672 831 694 449 674 571 -1 427 480 137 160 701 504 741 471 541 597 104 723 625 797 474 233 606 761 536 505 526 856 689 822 220 339 659 765 591 325 603 714 513 886 256 515 303 386 613 797 445 198 334 312 715 790 778 663 412 834 226 552 282 237 503 800 574 398 118 163 475 581 565 504 747 75 133 900 798 657 64 418 43 515 812 199 404 536 692 270 254 848 492 581 600 178 249 413 60 739 546 543 714 650 722 329 645 366 426 466 626 689 367 594 155 565 903 769 180 746 508 287 50 155 715 459 418 531 664 745 228 291 636 616 765 434 1004 804 736 631 663 192 478 275 728 563 640 417 711 305 130 482 712 808 401 563 619 355 367 850 807 501 557 348 911 653 267 693 685 324 811 755 785 127 599 765 539 625 377 613 848 559 333 835 949 143 524 575 
506 272 177 123 484 363 969 799 369 576 827 886 515 289 573 320 758 513 576 709 676 427 -1 675 289 393 804 303 862 711 117 174 358 558 452 744 408 579 608 819 699 341 616 724 317 786 265 341 801 745 795 578 272 893 487 799 410 424 227 308 789 848 471 233 499 388 628 472 352 765 624 731 387 559 269 215 757 669 755 191 506 506 485 517 173 393 632 353 392 729 502 629 425 326 452 541 567 353 645 115 483 586 462 626 219 726 659 459 350 56 375 373 469 687 680 391 310 538 822 645 615 527 788 355 456 558 295 603 657 681 302 789 571 381 388 286 451 226 463 734 351 698 445 321 231 751 368 592 791 584 751 741 575 432 699 201 325 315 700 510 769 132 303 255 873 711 428 395 647 116 409 678 453 678 681 210 688 595 162 677 753 111 388 415 608 485 233 347 257 829 517 699 591 799 101 440 778 468 185 361 
217 455 499 596 441 331 311 394 362 98 381 268 596 404 201 708 486 519 115 272 142 480 675 -1 510 348 238 485 265 72 740 777 424 517 482 441 344 282 276 316 64 449 148 563 745 442 638 337 182 387 122 157 647 237 294 541 278 369 447 388 133 351 246 565 179 286 426 739 935 206 68 517 310 255 406 486 112 526 94 504 383 324 256 346 699 391 474 479 608 637 714 330 544 388 514 231 660 354 89 782 550 233 243 658 554 111 207 303 334 625 518 770 355 86 367 588 836 156 166 146 61 194 146 696 222 317 450 220 724 459 417 316 183 295 455 564 625 516 235 59 655 400 269 354 762 146 838 85 763 627 333 175 401 301 41 481 822 544 226 178 276 630 475 510 232 493 267 458 251 558 272 603 797 29 115 468 704 362 590 336 249 576 951 742 565 597 684 889 572 157 158 185 699 131 638 888 673 337 625 511 
297 335 224 315 196 319 822 771 369 422 785 766 644 141 347 546 780 607 448 653 570 137 289 510 -1 163 705 400 753 520 403 460 92 641 537 751 404 323 570 751 556 411 516 788 559 782 128 271 676 729 630 370 478 747 461 832 240 442 195 300 641 786 404 67 337 270 656 673 640 665 445 774 205 514 191 113 560 731 603 279 227 245 432 522 430 424 680 65 150 822 685 613 147 333 166 481 712 162 450 399 597 345 267 755 371 596 583 220 201 277 91 611 479 556 671 542 586 353 675 428 450 441 650 567 341 544 65 538 805 712 105 730 487 248 101 56 607 343 381 567 545 699 240 222 500 629 631 445 917 710 710 635 601 210 519 155 593 453 626 399 699 171 34 370 738 749 355 472 593 222 322 771 682 525 563 235 819 599 130 655 675 188 674 632 702 218 468 629 420 665 375 607 746 612 197 702 872 209 395 473 
134 311 255 368 161 235 660 641 295 264 649 609 599 111 189 571 671 546 297 516 420 160 393 348 163 -1 553 375 597 357 492 543 77 571 479 636 320 186 446 607 397 367 371 698 594 662 291 190 519 605 467 208 500 585 354 726 96 362 198 247 481 643 284 223 182 154 556 670 723 514 282 674 66 391 162 178 397 643 442 295 142 118 315 423 490 355 589 134 270 745 670 496 218 276 202 355 671 54 287 509 548 194 106 701 385 439 444 65 98 360 178 639 390 399 553 521 648 191 514 268 289 307 490 580 207 434 110 406 759 610 91 590 349 129 119 216 582 347 258 404 549 585 79 148 562 473 679 288 853 659 578 483 505 47 356 197 647 439 484 259 556 308 129 363 578 648 242 420 460 290 208 697 698 365 409 242 764 493 264 533 531 282 751 643 633 287 509 697 427 502 223 460 708 449 325 745 794 81 434 441 
437 542 629 700 670 441 208 193 439 292 163 95 550 578 436 740 321 474 257 130 135 701 804 238 705 553 -1 543 61 288 841 864 630 451 470 277 404 519 221 90 173 500 192 424 780 257 830 471 75 218 193 390 694 156 325 366 465 404 590 496 141 119 333 750 371 443 327 719 994 40 301 370 500 253 558 653 297 408 166 615 615 554 319 330 778 435 373 687 823 506 680 241 765 480 739 264 597 543 327 897 517 470 449 571 631 126 147 522 508 748 732 789 368 159 238 592 887 372 137 384 279 278 116 714 369 284 641 204 634 330 603 107 233 462 670 761 605 601 344 214 674 260 476 507 827 91 869 267 630 555 154 70 335 511 261 635 864 583 111 308 78 793 671 583 117 351 378 478 174 691 403 489 792 210 144 595 599 290 758 211 69 723 1000 743 478 824 743 937 631 190 331 104 632 262 793 903 529 561 702 536 
409 65 184 180 530 169 734 505 123 398 537 635 244 281 479 224 455 219 370 431 434 504 303 485 400 375 543 -1 605 544 304 321 400 261 152 442 145 529 328 540 484 43 377 424 260 486 470 195 561 448 590 458 161 662 219 495 316 139 205 130 568 566 241 393 351 253 325 296 455 509 460 428 321 290 221 288 591 368 543 133 517 483 237 225 234 108 329 438 549 439 295 337 540 109 545 285 311 321 495 369 200 509 368 356 91 497 396 417 278 248 484 289 179 464 384 146 353 402 597 522 438 297 560 219 278 270 352 340 404 378 323 508 328 268 453 438 210 77 250 539 182 398 369 227 285 513 353 402 521 312 463 491 273 382 522 246 336 66 433 307 494 362 385 47 634 408 222 92 373 226 229 387 332 477 447 165 421 297 351 385 483 277 467 276 317 614 203 405 88 619 343 443 346 617 344 406 490 452 160 73 
476 602 686 760 705 499 152 229 499 334 191 37 608 629 467 801 363 534 305 189 187 741 862 265 753 597 61 605 -1 304 901 925 674 508 531 322 464 547 282 120 205 561 247 471 842 295 879 526 83 264 192 422 755 116 386 404 513 465 646 554 145 136 390 800 416 496 383 779 1055 97 332 415 548 314 612 706 303 459 179 674 648 589 378 391 839 497 427 731 865 553 739 300 805 539 777 324 654 591 352 956 577 498 492 625 692 159 208 562 558 807 774 850 429 198 292 653 948 411 127 407 314 334 123 775 421 345 689 265 687 381 652 148 290 513 712 809 665 661 400 229 735 311 519 561 888 124 930 309 674 610 202 121 394 554 281 690 925 645 173 361 131 847 719 644 78 399 435 540 235 749 458 540 852 240 190 653 650 350 811 268 129 779 1062 804 532 861 805 999 692 177 378 163 687 259 848 963 572 599 763 597 
223 509 539 641 424 383 315 458 421 146 441 298 666 430 183 769 556 590 180 340 211 471 711 72 520 357 288 544 304 -1 785 824 430 589 551 511 407 252 349 373 126 510 221 635 805 510 648 382 222 456 123 150 706 247 362 610 303 435 484 438 159 406 308 580 213 326 499 806 987 262 87 589 332 328 441 512 47 598 124 551 364 309 323 417 750 455 547 481 603 710 782 402 534 442 501 302 732 374 70 822 620 206 258 730 608 167 278 303 363 664 516 832 424 153 438 653 892 174 185 108 106 261 180 758 271 390 465 293 797 531 436 377 255 330 453 573 693 568 294 74 718 472 282 391 815 198 898 144 836 699 399 234 473 309 31 512 879 605 294 237 337 655 486 565 253 564 322 524 323 595 322 676 863 99 184 510 777 435 613 407 311 608 1005 807 638 580 740 944 629 155 204 252 771 91 665 949 745 329 677 575 
593 299 248 144 596 413 1020 809 401 643 842 928 471 383 663 238 748 487 634 734 721 541 117 740 403 492 841 304 901 785 -1 57 466 533 435 741 436 678 631 843 756 348 661 698 224 787 381 403 848 752 857 662 211 945 515 783 493 441 306 355 844 870 516 349 572 458 622 392 237 804 697 714 476 588 349 318 832 646 814 235 614 609 523 530 91 409 617 467 509 690 431 642 542 363 568 577 512 446 723 73 449 680 548 575 213 777 693 556 434 132 491 278 483 740 688 347 196 616 876 730 683 574 841 279 518 574 402 636 596 672 403 812 614 457 500 403 398 239 514 799 287 700 534 396 124 799 258 655 736 536 768 783 574 527 769 295 214 291 732 567 797 249 414 260 921 698 479 390 674 202 468 641 360 740 730 274 633 602 279 690 783 218 271 331 575 602 158 230 231 890 583 737 529 869 218 329 737 570 148 343 
639 326 294 184 651 447 1049 820 429 681 855 954 459 433 710 211 751 484 668 753 749 597 174 777 460 543 864 321 925 824 57 -1 520 530 438 747 461 729 650 861 789 365 690 693 188 793 438 442 876 762 891 706 201 975 538 781 538 461 353 389 876 886 546 406 613 499 628 362 181 828 737 712 523 611 396 371 872 643 847 273 668 660 550 545 87 429 618 523 566 678 404 656 599 393 624 602 493 496 764 106 443 728 594 558 233 808 717 606 480 186 548 239 501 772 699 339 141 659 907 774 721 604 871 253 555 591 456 659 573 675 455 829 642 500 556 460 383 265 547 835 269 708 581 439 82 827 207 692 714 522 782 809 582 576 807 346 164 296 754 601 816 307 470 281 949 698 513 400 694 253 504 631 320 775 759 317 613 613 336 703 804 273 214 298 567 659 143 173 239 923 621 762 506 907 275 277 724 622 161 349 
208 334 249 357 136 284 736 712 341 341 721 686 636 118 255 576 735 589 373 589 496 104 358 424 92 77 630 400 674 430 466 520 -1 619 521 702 371 232 514 682 474 401 446 755 595 730 217 235 596 674 542 280 506 662 415 789 168 412 202 281 557 717 349 158 259 214 616 689 702 590 358 735 133 459 178 149 469 699 518 299 148 155 379 482 478 400 646 57 195 797 695 562 152 313 147 423 707 99 360 472 587 252 183 743 393 516 517 128 148 334 105 644 444 476 620 546 636 268 591 336 365 378 567 591 276 497 63 477 798 671 77 664 422 190 54 142 611 358 324 480 563 650 156 187 550 550 675 365 900 699 649 559 562 123 431 182 639 460 558 332 631 255 61 380 655 709 304 458 532 269 269 747 708 441 486 248 806 555 211 601 606 248 732 655 681 225 506 683 439 578 299 536 743 522 276 743 846 118 431 471 
549 314 442 434 733 336 659 326 278 465 369 545 101 506 604 343 226 45 415 320 401 723 558 517 641 571 451 261 508 589 533 530 619 -1 109 233 251 677 250 405 483 235 370 166 383 281 725 384 501 268 579 567 329 602 241 251 485 209 449 341 538 417 315 645 467 420 128 275 604 431 526 183 507 261 450 536 628 113 530 394 704 656 287 174 445 219 96 667 792 181 232 212 769 308 766 289 148 524 568 604 88 642 521 142 339 469 335 593 475 506 716 372 187 455 219 192 496 512 557 615 495 338 520 306 395 199 584 299 208 155 549 370 334 443 674 686 172 338 341 550 273 211 534 432 464 467 457 455 282 110 314 430 120 560 558 496 466 245 349 381 378 623 620 306 566 171 340 172 291 487 369 129 353 495 426 417 197 164 610 241 381 538 599 313 61 844 387 540 305 597 435 382 185 630 605 474 231 635 387 196 
475 206 333 328 641 244 675 386 183 415 424 566 123 405 536 274 313 70 371 343 390 625 452 482 537 479 470 152 531 551 435 438 521 109 -1 308 167 602 250 444 461 127 345 273 315 355 617 289 506 327 564 504 243 610 189 349 400 126 342 239 531 463 251 538 398 333 189 258 536 442 478 280 416 236 347 429 594 216 515 284 617 572 230 144 352 124 182 566 687 289 231 235 668 207 668 252 195 429 519 505 72 572 442 222 233 459 334 507 380 398 614 319 127 436 266 122 427 447 555 559 450 290 517 245 323 188 482 285 280 237 448 409 301 354 575 580 143 229 274 525 205 271 451 334 381 464 401 409 380 179 357 434 148 474 523 389 400 144 360 324 406 514 517 198 576 263 263 64 297 378 287 237 324 466 411 309 285 186 501 277 402 428 537 273 167 743 299 475 204 588 374 383 234 607 496 432 339 548 287 92 
565 474 595 623 787 433 474 101 394 436 146 360 332 610 596 574 45 274 381 172 299 797 744 441 751 636 277 442 322 511 741 747 702 233 308 -1 354 680 192 203 385 403 306 148 614 47 858 479 346 60 454 551 550 433 290 100 540 325 581 466 403 202 352 774 478 487 118 506 836 275 480 93 571 245 566 664 536 147 412 559 744 686 322 234 660 353 137 757 894 230 458 140 853 437 839 282 358 603 518 809 320 636 553 316 532 352 234 633 555 688 807 605 281 358 83 419 727 508 410 576 449 334 380 538 430 206 687 242 372 77 647 173 300 512 753 803 405 518 378 449 503 51 575 529 689 332 691 415 352 312 124 291 169 609 479 631 698 451 217 386 200 780 722 489 394 79 398 352 195 652 432 222 585 412 326 564 331 153 756 109 217 697 832 546 232 924 607 772 510 460 436 259 385 519 769 707 251 677 593 398 
308 138 245 297 482 87 589 395 40 262 420 493 290 264 370 365 379 228 228 301 289 474 408 344 404 320 404 145 464 407 436 461 371 251 167 354 -1 435 200 410 339 105 232 385 402 391 505 135 416 343 445 341 306 516 79 429 235 42 227 112 422 440 98 421 233 168 251 404 601 367 326 369 255 152 214 310 452 328 397 217 453 407 92 120 376 49 276 421 552 426 387 225 523 85 517 141 362 274 364 494 239 406 275 385 228 351 256 343 224 352 471 426 75 318 280 248 498 284 451 399 301 152 414 351 157 152 343 199 446 308 305 381 182 192 425 454 296 197 114 395 311 304 285 185 430 368 495 262 533 344 343 348 196 310 382 277 481 200 295 169 362 427 379 180 489 345 97 121 239 305 120 377 456 333 301 212 445 200 402 272 347 346 613 400 313 597 349 551 234 474 213 301 402 474 418 543 475 384 300 168 
127 471 437 551 177 366 566 656 425 246 651 546 726 296 85 740 722 661 299 528 405 233 579 282 323 186 519 529 547 252 678 729 232 677 602 680 435 -1 490 593 346 510 377 774 768 694 439 333 464 636 376 132 670 500 437 778 213 476 379 399 407 629 362 390 211 276 628 823 907 485 218 739 213 445 339 364 277 725 369 473 117 78 391 508 673 480 670 267 367 835 815 547 293 420 256 408 798 233 194 695 675 48 162 816 557 393 454 122 259 546 288 809 489 361 598 669 830 173 436 144 243 353 425 744 281 502 289 437 879 675 277 587 380 260 232 365 725 517 335 321 710 632 160 308 744 428 856 269 953 777 592 453 585 154 268 383 826 595 486 303 548 486 294 528 505 713 339 552 486 476 314 791 860 309 384 421 874 560 443 571 521 468 934 804 736 331 685 879 595 408 248 451 837 334 506 919 879 114 612 585 
372 337 442 496 595 262 424 201 239 249 221 316 341 430 408 518 231 264 194 102 150 606 608 276 570 446 221 328 282 349 631 650 514 250 250 192 200 490 -1 212 234 285 128 291 559 215 684 304 256 159 328 363 474 360 121 288 350 189 416 307 288 240 166 600 286 301 150 504 774 192 301 250 382 56 394 493 383 250 280 417 551 494 139 109 563 222 198 571 708 361 469 57 665 283 649 91 398 416 341 692 303 447 361 386 419 219 85 441 370 552 620 568 149 206 109 372 666 317 309 396 269 142 271 493 239 63 505 56 453 187 465 181 110 325 564 624 389 393 190 302 453 142 383 350 608 218 648 231 487 360 144 184 130 417 317 465 643 364 109 193 166 621 540 371 326 224 215 258 46 503 248 327 574 251 176 409 429 88 592 86 156 543 779 524 292 734 525 716 413 347 244 134 436 381 615 682 400 485 488 315 
501 549 649 708 735 463 270 109 449 355 74 157 506 617 508 718 243 435 311 109 190 761 819 316 751 607 90 540 120 373 843 861 682 405 444 203 410 593 212 -1 252 496 236 352 759 175 872 500 165 146 283 461 680 235 331 284 514 401 617 513 231 36 357 790 426 482 277 680 978 111 375 297 549 259 589 688 385 344 253 628 682 621 337 316 774 434 317 739 877 434 637 209 823 493 800 281 546 590 405 904 480 545 506 512 631 206 167 583 550 762 786 762 360 232 185 566 869 436 227 463 349 311 206 689 409 270 685 219 572 267 646 35 264 503 725 806 570 605 374 300 650 198 532 541 816 174 845 330 554 501 90 141 298 568 345 665 844 571 124 351 51 822 718 583 196 282 406 464 171 711 435 424 756 287 209 615 534 257 790 167 76 748 981 711 422 886 733 918 623 279 384 147 577 352 819 872 452 624 700 520 
271 463 521 611 500 342 272 332 363 134 317 212 568 441 263 703 431 491 122 214 87 536 699 64 556 397 173 484 205 126 756 789 474 483 461 385 339 346 234 252 -1 445 115 514 741 383 683 357 123 330 105 218 646 195 278 485 318 357 473 400 90 286 244 607 218 314 382 720 939 141 128 466 352 226 435 522 152 480 58 520 444 384 248 319 708 383 431 530 662 590 691 284 600 395 572 210 629 396 153 803 525 297 291 621 560 47 156 358 370 647 571 762 336 28 315 573 838 207 124 211 110 187 94 686 243 284 494 183 687 410 458 252 161 327 508 611 604 524 242 67 646 348 318 382 767 82 834 111 717 593 272 110 363 352 95 511 820 539 168 189 212 665 521 514 182 442 276 446 202 582 289 560 783 36 60 489 664 322 626 284 186 605 952 729 527 656 687 890 573 135 186 126 668 147 670 879 624 394 632 500 
388 79 207 220 526 145 691 463 91 364 494 591 235 283 455 259 417 197 333 387 392 505 341 449 411 367 500 43 561 510 348 365 401 235 127 403 105 510 285 496 445 -1 336 394 297 446 490 180 518 406 550 431 200 619 175 460 299 95 216 120 527 522 203 410 324 234 287 313 497 465 427 394 309 246 224 302 556 337 503 161 509 470 197 182 278 64 295 443 561 416 305 294 545 91 547 242 306 315 464 411 187 488 348 344 134 455 353 404 268 285 490 322 136 424 342 158 394 375 556 494 403 257 518 248 249 226 358 296 397 341 326 464 287 252 455 452 216 115 215 500 209 357 352 219 328 470 390 366 506 300 420 448 234 369 486 262 375 95 389 272 451 390 392 88 591 373 190 62 329 255 202 364 358 439 406 182 408 256 374 342 439 304 508 301 294 620 245 446 131 579 311 400 342 580 374 439 467 441 203 74 
271 363 439 518 503 253 358 280 261 131 281 270 453 386 292 592 349 376 79 151 60 526 616 148 516 371 192 377 247 221 661 690 446 370 345 306 232 377 128 236 115 336 -1 418 631 316 639 279 187 258 219 246 537 285 164 405 278 245 399 309 190 271 146 559 191 251 278 604 833 152 174 375 313 110 366 461 258 378 170 430 453 393 140 203 607 273 327 503 641 490 575 183 588 298 566 95 515 354 214 714 409 331 272 510 458 119 77 350 317 562 550 649 221 90 226 458 730 208 219 270 143 88 182 573 177 170 451 72 577 314 412 220 49 270 489 572 489 424 153 181 532 261 297 315 662 137 723 109 616 481 215 125 253 333 189 443 711 428 114 117 185 601 483 411 259 349 188 332 110 502 211 455 668 125 69 406 556 214 565 197 160 532 845 614 417 652 581 782 466 245 148 90 554 262 601 766 528 392 531 387 
651 473 601 601 857 471 622 247 419 539 292 508 239 649 694 498 111 212 484 309 426 856 724 563 788 698 424 424 471 635 698 693 755 166 273 148 385 774 291 352 514 394 418 -1 535 183 881 520 491 207 592 651 492 581 345 102 606 346 601 489 544 349 419 799 564 544 146 399 753 419 592 55 632 329 597 688 666 57 548 555 821 767 388 275 610 365 109 806 937 82 348 234 907 456 899 366 240 657 632 771 249 734 631 184 505 486 357 708 607 672 856 515 310 485 199 354 647 602 554 687 560 421 521 457 502 272 728 347 232 104 690 322 399 569 809 836 319 502 447 581 429 168 649 570 624 471 600 522 206 195 270 430 194 679 604 651 615 411 351 471 346 785 764 471 542 73 456 333 312 650 490 83 479 536 454 574 186 213 768 230 361 699 743 450 127 981 550 687 472 602 525 392 258 654 768 604 109 752 553 362 
657 302 345 244 732 425 980 700 384 658 739 875 296 486 728 41 609 340 630 657 684 689 317 745 559 594 780 260 842 805 224 188 595 383 315 614 402 768 559 759 741 297 631 535 -1 662 575 441 808 640 847 712 99 911 467 631 558 385 397 377 821 779 500 522 608 502 499 174 222 749 720 564 554 533 432 451 851 491 799 299 734 711 493 450 144 358 478 615 691 508 219 550 706 365 724 535 315 541 755 292 295 755 613 382 211 750 637 649 509 296 651 55 415 720 581 195 113 658 850 779 698 554 812 78 537 496 535 583 389 537 520 725 582 512 641 576 216 251 510 798 111 583 609 459 106 762 93 662 531 350 673 736 463 614 782 414 84 202 668 567 720 441 559 244 880 554 482 302 606 337 486 465 136 736 700 352 433 502 457 593 714 378 221 109 408 775 91 159 177 875 602 686 324 877 411 151 551 676 164 245 
582 515 634 666 809 467 444 66 431 448 109 332 379 642 609 621 71 321 394 170 300 822 786 442 782 662 257 486 295 510 787 793 730 281 355 47 391 694 215 175 383 446 316 183 662 -1 892 512 330 57 442 563 597 410 323 109 565 365 617 503 391 167 380 808 497 516 165 553 884 262 487 128 597 270 600 699 532 190 404 600 763 705 351 272 706 394 184 786 923 264 505 169 880 475 864 306 403 631 524 854 367 648 575 358 577 346 241 655 584 730 835 653 320 357 111 467 775 523 394 582 457 356 366 586 455 240 718 260 413 125 678 150 318 540 780 836 453 561 405 445 550 88 597 561 736 323 738 426 380 357 111 282 213 632 479 668 745 497 216 407 183 818 753 533 371 121 428 396 208 692 461 262 632 413 327 603 369 192 793 128 204 736 880 594 278 949 654 820 556 445 454 257 429 509 808 754 277 698 638 444 
425 411 285 339 286 425 950 886 466 549 902 893 713 255 472 570 884 687 574 771 695 220 265 638 128 291 830 470 879 648 381 438 217 725 617 858 505 439 684 872 683 490 639 881 575 892 -1 380 804 841 758 498 510 875 569 934 366 539 280 394 770 907 519 83 465 389 756 712 610 790 573 872 331 628 292 194 686 823 731 337 332 362 545 625 434 516 776 172 133 906 733 723 187 426 225 597 776 288 577 354 670 467 395 826 418 723 704 346 322 279 159 630 579 682 781 599 576 482 803 553 578 561 778 599 462 652 189 657 869 812 227 850 607 369 207 75 665 401 499 695 585 807 369 333 496 755 633 572 991 781 827 760 700 338 647 230 591 511 747 522 820 134 162 431 866 848 470 553 710 253 438 854 707 653 688 308 890 704 122 767 797 203 648 663 784 230 486 612 467 793 501 730 807 739 165 705 957 329 421 542 
216 139 163 259 351 48 628 506 106 240 524 548 409 130 287 411 508 356 235 395 339 339 341 337 271 190 471 195 526 382 403 442 235 384 289 479 135 333 304 500 357 180 279 520 441 512 380 -1 462 460 455 272 342 552 189 561 120 176 119 65 448 533 142 296 172 60 384 490 607 431 294 503 129 248 90 189 429 464 415 168 329 290 165 250 369 166 412 286 417 561 485 343 387 88 382 219 481 140 323 446 358 315 173 512 233 385 333 224 91 289 335 478 210 346 401 337 516 220 481 339 280 192 447 411 115 273 208 281 569 440 170 475 238 73 290 323 396 192 127 396 376 428 174 49 436 412 532 253 665 469 448 405 330 189 365 165 507 261 376 169 448 323 244 197 532 478 93 230 333 225 69 511 527 338 341 131 574 328 290 387 428 252 628 471 446 461 366 568 265 489 179 367 519 466 321 592 610 261 298 254 
395 550 624 705 623 439 172 267 447 255 239 89 596 557 383 768 391 519 232 185 127 659 801 182 676 519 75 561 83 222 848 876 596 501 506 346 416 464 256 165 123 518 187 491 808 330 804 462 -1 286 119 339 717 103 342 438 437 424 581 496 67 193 333 726 339 426 382 761 1016 72 249 437 472 275 545 636 225 470 97 617 565 506 326 362 792 454 430 653 785 572 725 289 723 485 695 275 649 515 269 900 560 415 413 628 644 80 172 481 486 748 694 821 393 121 297 626 911 330 63 323 233 275 43 745 352 318 614 224 693 393 577 181 234 441 632 732 646 611 338 147 705 323 440 493 846 50 898 231 697 608 223 72 381 474 198 622 890 607 151 293 147 779 642 596 73 417 373 505 211 687 393 551 831 158 121 591 661 336 741 268 129 714 1025 780 533 779 763 962 649 115 303 122 685 188 781 937 597 517 716 562 
524 472 588 626 752 416 416 59 384 390 100 301 370 588 551 599 104 304 336 116 245 765 745 387 729 605 218 448 264 456 752 762 674 268 327 60 343 636 159 146 330 406 258 207 640 57 841 460 286 -1 395 505 570 374 271 155 509 320 568 455 344 151 325 757 440 461 142 544 862 216 430 152 541 215 549 648 480 198 354 556 706 647 297 227 674 351 175 731 868 289 499 118 824 428 807 250 403 576 468 818 350 590 517 366 540 294 184 597 530 688 780 636 276 303 64 445 753 465 350 526 400 299 320 566 398 190 664 202 426 121 624 115 260 485 724 782 439 521 350 392 529 57 540 508 708 274 721 368 412 358 64 232 179 575 424 618 725 466 161 349 140 771 699 494 335 135 373 362 150 647 407 277 622 358 272 556 387 150 744 73 157 690 861 580 278 893 626 799 523 400 396 203 433 460 762 742 311 641 604 413 
