200
-1 641 212 318 996 601 651 485 698 594 653 939 736 330 177 57 233 428 219 354 258 724 343 962 787 825 698 708 518 319 376 289 212 676 647 291 202 277 189 656 420 297 789 594 477 260 878 616 73 341 631 433 373 768 137 801 406 393 906 417 452 851 569 467 409 533 193 772 305 797 474 869 452 469 752 363 717 268 430 732 825 437 776 82 437 713 136 416 467 679 766 364 216 804 614 367 710 489 392 682 557 500 618 772 154 636 468 908 230 369 562 666 385 304 533 471 71 608 632 263 1034 153 479 277 675 408 543 564 850 435 585 852 582 429 557 620 526 403 558 591 511 303 167 944 530 862 225 276 158 560 329 396 112 133 291 375 47 582 261 510 134 354 711 556 534 742 757 397 112 456 506 685 655 512 764 835 152 815 991 621 742 131 489 814 550 561 503 196 156 485 813 811 530 452 348 368 832 598 646 628 
641 -1 460 361 383 481 121 259 510 49 425 383 95 334 605 655 610 237 488 294 394 124 300 433 361 185 75 95 582 409 384 401 514 181 329 615 678 433 455 501 403 519 148 292 429 558 271 222 599 315 79 213 364 206 638 162 235 456 387 453 204 271 86 213 256 229 459 267 336 321 423 435 665 540 206 576 455 373 578 357 379 357 343 626 323 175 602 509 174 273 405 392 575 198 632 275 489 229 645 130 315 313 307 166 487 699 310 275 659 301 271 291 491 593 167 233 570 760 238 511 492 495 466 637 172 406 253 173 209 282 335 224 345 315 438 78 531 334 397 150 193 580 551 354 687 343 556 492 580 548 451 377 563 514 724 444 598 213 571 322 523 454 242 139 280 111 436 505 530 468 153 383 218 130 159 257 510 230 430 544 293 564 595 437 630 93 645 490 701 286 271 203 353 361 431 532 407 283 330 125 
212 460 -1 232 835 570 498 376 659 411 593 800 554 127 149 205 336 229 229 213 69 560 164 834 680 638 526 514 543 111 322 229 70 536 555 208 224 69 123 622 217 144 604 382 279 144 718 493 210 217 436 247 306 563 177 623 233 203 778 401 301 700 400 330 275 323 149 562 155 676 439 657 528 486 606 418 655 112 472 520 613 372 564 242 224 566 258 245 289 566 678 156 299 642 637 210 661 366 473 480 470 288 406 573 102 679 255 734 215 252 350 454 209 380 390 264 152 681 420 294 903 140 461 384 468 368 434 358 669 225 503 681 372 341 517 456 529 190 502 447 306 190 238 792 595 732 121 105 121 563 137 187 200 86 290 358 184 372 333 429 167 164 500 406 322 568 681 409 115 268 312 475 528 339 601 629 60 661 852 609 530 105 525 725 587 371 557 202 240 273 605 611 460 242 323 212 730 497 434 426 
318 361 232 -1 684 339 342 167 426 323 363 621 453 200 367 352 249 232 126 83 177 419 148 644 471 544 403 446 334 285 93 39 302 360 336 440 436 268 137 390 372 369 507 447 435 376 568 297 258 55 380 201 74 535 373 509 158 389 587 181 157 537 278 158 105 357 125 566 101 479 209 705 358 276 437 250 426 128 282 581 652 140 603 279 326 399 245 445 207 361 458 313 213 496 421 114 429 172 318 443 247 379 474 518 181 472 347 607 438 60 409 502 409 245 223 291 252 494 450 154 716 166 236 281 455 140 225 356 559 290 278 550 466 115 285 320 308 299 270 278 309 421 193 630 409 543 352 328 333 341 334 330 217 223 514 143 271 395 214 203 184 358 512 249 389 447 456 207 222 445 270 561 337 235 458 598 243 503 673 381 558 299 325 506 382 305 367 134 430 347 593 557 230 369 110 428 518 282 506 395 
996 383 835 684 -1 608 344 527 570 432 517 136 303 713 983 1018 906 620 807 642 766 274 670 188 328 256 311 374 760 792 663 720 893 326 438 998 1056 814 806 592 782 903 272 637 800 940 117 402 942 654 437 590 652 427 1012 233 602 837 201 692 543 151 434 529 587 600 803 500 695 273 635 638 879 743 250 826 495 736 799 638 598 610 591 964 704 286 928 888 546 368 396 775 879 192 762 633 539 513 883 437 502 684 642 365 844 827 688 124 1041 628 629 604 872 866 463 615 925 915 570 808 189 843 669 919 481 660 479 542 204 665 494 161 693 592 597 379 704 716 561 406 573 963 875 71 868 208 937 874 956 702 835 759 902 877 1107 706 949 569 861 541 866 837 524 439 646 271 440 745 888 842 536 691 362 496 233 410 879 181 130 660 558 936 788 385 794 476 835 818 1074 662 461 356 547 738 709 914 329 449 653 474 
601 481 570 339 608 -1 376 252 97 476 93 491 531 525 697 650 405 513 385 386 516 442 464 479 288 604 465 574 157 619 248 343 640 337 177 778 762 606 462 54 692 708 574 707 750 715 520 265 528 368 546 467 264 687 694 548 431 719 432 184 364 467 411 325 342 614 441 747 433 336 132 912 287 163 390 278 139 466 223 815 856 202 815 532 630 376 477 777 438 253 229 639 399 479 159 410 114 284 310 608 166 667 730 640 503 227 642 593 769 337 671 739 743 338 328 564 552 307 681 339 546 475 123 392 643 204 231 585 588 585 146 544 743 244 55 403 106 611 88 330 559 760 435 537 261 406 689 668 663 95 670 651 489 547 845 227 558 633 361 175 476 692 713 348 662 493 197 211 536 769 499 819 288 423 460 733 574 456 534 62 765 626 191 265 185 492 232 412 743 633 752 672 138 677 258 765 309 200 761 584 
651 121 498 342 344 376 -1 196 394 144 311 303 154 383 647 675 575 302 467 298 428 80 333 344 243 234 89 204 495 472 334 379 561 60 213 677 722 487 462 390 489 583 201 407 524 615 226 111 598 310 199 262 319 317 673 184 265 537 291 385 200 202 106 185 242 332 459 384 352 208 342 553 592 460 110 517 336 395 506 479 497 292 463 621 409 70 587 594 215 152 284 465 545 154 533 291 372 175 581 250 217 412 423 264 500 600 403 266 709 284 381 411 571 545 119 318 581 670 357 475 410 499 383 595 293 343 166 281 231 363 230 210 457 261 339 53 441 411 297 66 286 645 534 295 603 245 607 551 619 453 520 456 558 534 779 387 605 326 532 238 522 528 363 95 386 122 315 439 544 560 231 503 97 166 116 358 539 164 355 439 414 596 513 317 539 184 563 476 735 381 381 295 261 452 382 609 291 175 448 245 
485 259 376 167 527 252 196 -1 315 239 236 455 335 296 521 518 381 264 282 163 309 276 233 477 307 423 274 355 326 393 138 198 446 200 180 579 594 391 302 290 452 496 387 454 505 514 413 130 423 159 309 216 125 461 534 378 186 486 420 194 112 377 176 72 104 361 292 511 221 312 165 671 406 281 277 322 291 263 319 566 615 99 572 442 383 241 402 545 185 195 302 405 352 346 387 177 308 32 389 374 102 416 478 426 345 450 392 461 591 124 418 489 513 349 92 312 419 503 431 281 549 333 208 399 402 149 58 334 426 337 135 405 490 65 200 193 278 369 165 130 306 554 349 468 428 376 496 457 489 300 445 411 382 385 666 191 438 382 337 77 351 463 470 120 409 314 308 247 388 529 246 567 171 173 311 516 400 345 507 311 522 459 336 349 375 246 386 296 593 381 525 463 114 431 186 542 355 120 509 341 
698 510 659 426 570 97 394 315 -1 514 85 443 544 603 789 746 502 580 480 465 601 448 541 421 242 608 480 598 236 699 338 435 728 345 181 867 855 689 554 43 766 793 581 760 821 803 497 287 625 450 582 532 352 712 788 549 501 797 380 281 427 441 451 387 415 670 534 777 515 300 226 945 367 255 380 372 75 551 313 859 889 286 852 629 699 376 575 855 498 249 174 716 497 469 200 486 31 343 398 640 215 731 782 658 596 259 708 575 861 416 726 785 822 433 375 626 648 353 727 436 483 569 220 486 679 296 278 635 583 652 185 532 801 323 143 432 194 683 158 362 615 847 532 499 326 362 779 753 755 171 751 725 586 639 937 323 655 684 457 241 572 771 750 390 720 500 132 308 630 843 553 870 298 474 457 751 665 438 480 107 802 719 273 198 250 537 305 507 838 696 776 686 205 747 352 847 249 229 812 623 
594 49 411 323 432 476 144 239 514 -1 428 427 143 285 555 607 572 188 447 251 345 167 252 475 387 231 122 123 566 360 354 362 464 204 336 566 628 383 409 501 357 470 195 263 386 508 319 229 554 274 70 164 333 222 588 211 189 409 426 429 167 315 64 183 219 189 415 273 290 352 405 436 641 521 243 548 464 326 554 345 379 334 339 582 277 208 559 463 127 289 424 343 536 245 622 230 496 207 617 135 309 271 280 195 440 687 266 324 610 263 237 273 444 560 150 186 523 743 216 475 536 450 448 602 167 380 245 137 258 235 333 273 313 289 429 92 517 286 389 152 148 531 510 401 668 381 506 442 531 537 402 330 519 466 675 416 551 182 536 309 478 406 237 127 242 161 452 479 482 424 104 362 233 87 205 280 461 274 475 538 289 515 575 459 614 45 625 448 651 243 285 234 342 317 400 485 435 284 306 109 
653 425 593 363 517 93 311 236 85 428 -1 398 463 529 729 698 476 499 434 391 532 368 466 387 195 530 398 515 250 625 281 376 663 264 99 801 798 619 496 81 688 723 502 676 741 736 432 202 582 379 496 451 291 628 732 472 422 721 339 243 346 378 366 305 338 586 478 692 445 244 181 860 378 248 307 357 64 483 309 773 804 223 767 590 619 298 538 779 415 171 138 640 464 396 246 410 72 261 397 555 134 648 697 576 539 312 626 507 801 345 642 699 748 413 290 544 598 397 642 398 454 516 191 468 594 245 195 550 509 572 101 461 717 252 104 347 196 605 95 277 531 779 491 445 354 313 714 684 696 188 678 647 541 582 877 280 608 599 429 166 522 697 664 304 637 421 111 282 576 765 469 784 216 390 381 669 605 370 441 144 717 661 282 178 278 452 324 458 786 613 692 605 133 666 304 774 218 143 727 538 
939 383 800 621 136 491 303 455 443 427 398 -1 328 687 950 968 823 603 737 593 730 259 636 62 203 319 308 408 647 775 583 654 864 264 332 981 1024 790 752 468 784 887 320 667 812 919 138 324 879 601 453 566 577 488 973 273 568 835 65 597 498 113 408 475 533 612 745 565 650 158 537 719 771 636 193 729 368 694 695 695 673 526 657 898 704 234 856 890 519 271 269 765 799 190 639 590 411 449 781 472 408 696 677 422 793 702 693 206 1013 570 651 647 869 775 411 612 871 793 604 727 109 786 566 830 520 572 400 555 269 660 393 206 722 516 487 351 592 710 456 353 575 948 804 72 752 86 911 855 920 586 822 755 838 830 1083 617 892 591 776 452 805 829 575 394 663 282 310 648 836 851 527 739 284 469 224 488 838 153 52 538 617 896 677 251 676 472 722 752 1034 669 535 425 450 744 626 909 196 357 694 496 
736 95 554 453 303 531 154 335 544 143 463 328 -1 427 696 750 699 328 579 388 489 100 395 385 358 91 65 79 648 497 467 492 606 199 364 701 769 523 550 542 480 605 54 340 497 646 200 266 694 409 134 307 449 177 731 71 331 535 347 529 296 216 174 300 347 296 554 252 431 306 492 419 740 611 186 657 481 468 653 371 366 434 341 721 402 173 695 585 269 296 414 476 665 138 688 370 520 308 724 143 372 381 348 116 582 755 385 186 749 392 328 319 570 679 244 315 665 823 276 600 435 590 534 725 191 484 316 239 115 365 385 141 396 396 494 141 594 417 452 210 272 665 644 285 755 309 646 580 673 607 536 458 657 609 812 525 693 268 659 388 618 537 249 216 343 51 451 582 625 539 243 411 246 225 113 207 604 179 370 593 295 658 664 437 693 182 715 583 794 359 237 142 414 435 515 613 398 330 365 172 
330 334 127 200 713 525 383 296 603 285 529 687 427 -1 270 331 394 101 265 139 72 439 62 725 586 511 402 386 534 97 291 219 180 427 474 295 343 103 175 572 172 204 477 280 235 232 597 396 309 157 308 123 268 438 303 497 121 194 671 381 199 583 281 235 191 206 194 444 99 573 401 553 549 477 493 438 586 89 479 420 506 324 456 341 133 453 340 252 168 470 593 114 354 521 621 118 600 277 503 354 397 194 305 446 186 672 160 609 327 188 243 347 219 418 286 141 262 692 306 323 793 213 433 437 345 337 348 234 543 112 431 557 284 281 470 338 507 102 446 340 181 265 303 674 606 624 224 169 245 538 150 130 285 197 396 343 293 254 376 363 244 168 383 296 218 444 603 406 220 246 185 385 426 218 480 505 183 543 738 574 418 232 525 639 582 244 565 248 366 169 483 484 398 171 310 246 636 412 336 299 
177 605 149 367 983 697 647 521 789 555 729 950 696 270 -1 132 389 368 322 361 219 708 314 983 828 778 673 650 646 209 451 354 90 686 699 113 74 175 234 750 286 137 745 480 331 91 866 642 226 362 573 393 438 687 52 767 382 244 928 517 451 850 549 479 423 441 255 675 303 825 564 745 603 591 756 502 792 259 565 609 708 506 661 249 329 716 293 253 437 713 822 246 361 790 742 359 794 514 544 611 612 386 501 706 193 775 358 880 72 397 455 554 227 451 540 392 169 760 531 384 1053 225 580 436 592 493 580 485 812 346 644 828 455 481 645 605 641 300 635 597 437 127 300 941 678 882 63 135 34 675 193 276 243 150 148 473 185 489 403 569 234 211 613 556 426 714 822 514 166 301 453 553 677 487 749 752 124 810 1002 729 635 72 622 869 685 514 645 293 104 382 722 742 597 328 440 200 876 642 523 557 
57 655 205 352 1018 650 675 518 746 607 698 968 750 331 132 -1 290 432 265 376 262 744 354 994 823 837 716 715 572 303 418 326 186 704 686 243 146 262 216 704 398 262 802 581 450 220 901 647 127 367 638 443 412 768 85 817 420 364 938 465 474 877 587 493 435 528 226 767 323 830 521 853 509 522 779 418 762 283 485 717 813 478 764 139 424 739 192 381 481 713 806 347 271 826 668 385 756 519 449 685 596 486 604 777 175 692 455 926 176 398 551 654 352 360 559 469 100 665 624 314 1066 185 528 334 674 453 577 563 865 430 625 871 564 466 603 640 578 392 602 617 511 259 219 970 587 893 188 248 121 612 304 379 162 141 234 423 91 577 316 550 175 327 705 580 523 759 799 449 131 425 513 666 686 528 785 835 147 839 1021 672 733 106 544 854 606 570 559 239 100 475 810 815 572 434 394 330 869 634 630 630 
233 610 336 249 906 405 575 381 502 572 476 823 699 394 389 290 -1 463 131 327 331 655 367 833 642 790 645 696 295 439 243 210 380 580 499 498 430 403 222 458 545 470 754 671 609 450 794 504 165 301 629 443 256 783 361 752 401 539 777 234 406 755 525 399 353 588 200 810 313 668 297 940 219 252 656 137 537 304 204 810 889 297 839 151 527 622 98 580 456 551 606 481 39 727 388 355 519 400 159 691 415 588 697 767 233 404 554 842 453 309 633 734 545 73 460 520 220 375 686 100 905 195 285 48 700 250 427 596 801 504 434 786 678 315 372 562 314 493 386 509 546 498 97 845 297 738 415 436 359 345 473 509 146 260 521 206 206 631 47 371 170 500 754 488 610 689 586 194 233 603 515 779 545 485 691 847 297 726 873 411 796 321 262 650 321 554 270 145 390 562 840 807 376 559 197 543 680 465 729 642 
428 237 229 232 620 513 302 264 580 188 499 603 328 101 368 432 463 -1 331 150 170 349 95 646 524 410 309 284 552 172 307 264 278 353 429 379 440 195 259 554 194 284 376 215 242 320 505 337 401 177 207 48 282 340 404 398 83 237 593 398 152 496 195 193 172 125 273 352 150 503 403 477 590 497 411 482 551 168 512 349 426 322 376 432 120 372 423 295 90 411 542 162 423 430 630 119 571 237 551 253 365 155 241 345 279 688 128 512 422 193 176 272 270 474 224 59 359 721 223 379 711 299 441 502 248 350 306 138 443 72 397 461 237 273 459 252 516 111 428 270 85 345 381 585 637 547 318 254 346 544 218 157 373 295 487 368 390 168 437 340 331 226 293 226 158 349 558 434 317 270 85 329 361 136 389 407 284 455 654 568 334 334 549 585 602 145 594 320 467 120 388 383 377 167 339 307 574 367 274 199 
219 488 229 126 807 385 467 282 480 447 434 737 579 265 322 265 131 331 -1 198 208 545 236 754 573 671 530 570 323 321 158 88 286 481 431 419 381 289 105 439 424 372 634 540 489 362 692 412 149 173 501 311 160 654 312 636 270 425 698 200 284 658 405 284 232 456 80 679 181 588 255 808 298 268 558 189 498 175 245 678 757 220 708 162 399 521 120 472 327 469 548 360 92 621 419 224 491 293 246 562 341 459 566 641 134 455 425 733 393 187 502 602 436 155 348 388 168 451 554 65 827 98 263 173 570 188 336 465 686 374 368 676 549 220 338 447 319 366 338 402 414 411 67 750 366 656 330 334 289 353 361 386 107 174 468 157 174 499 110 295 92 388 622 375 479 574 538 191 156 488 385 649 452 359 583 718 207 625 788 410 664 250 301 596 364 426 329 29 358 432 709 681 311 434 129 442 616 385 598 512 
354 294 213 83 642 386 298 163 465 251 391 593 388 139 361 376 327 150 198 -1 146 369 77 623 467 479 345 373 405 234 159 118 283 329 344 415 435 228 164 433 307 333 443 365 367 350 524 280 305 27 303 118 135 456 380 450 75 333 567 251 98 500 216 118 62 274 165 484 58 463 264 621 439 349 402 332 451 102 361 498 568 185 520 332 252 362 308 391 129 352 466 253 289 450 488 31 462 152 401 364 262 300 391 443 202 542 270 554 429 49 326 419 357 328 182 209 283 571 367 235 694 203 299 362 373 204 220 273 499 212 296 498 386 142 331 266 373 228 307 241 226 390 258 593 487 522 333 294 330 404 286 265 268 236 503 218 308 312 295 225 229 306 429 203 308 390 471 284 246 383 188 479 316 164 410 520 244 463 646 436 474 303 401 512 455 228 445 196 441 268 512 483 260 297 188 382 516 284 424 315 
258 394 69 177 766 516 428 309 601 345 532 730 489 72 219 262 331 170 208 146 -1 491 95 764 612 575 458 453 503 114 270 183 137 466 489 270 294 90 109 565 215 192 540 349 280 205 649 424 236 153 376 181 251 510 245 557 164 220 708 354 232 631 332 261 207 278 131 516 88 607 386 624 503 446 537 392 593 49 440 490 577 315 528 269 197 496 270 271 221 497 611 151 292 573 595 140 601 298 453 424 406 261 375 515 114 641 226 668 285 188 314 418 236 364 320 214 189 652 378 271 833 143 412 377 417 317 366 306 604 183 439 614 349 279 461 387 483 163 443 377 253 247 238 723 566 662 187 152 190 516 160 177 214 125 358 313 221 327 319 367 174 185 455 336 288 501 616 371 148 281 251 452 458 270 532 577 115 592 782 559 490 170 489 658 550 308 526 187 308 239 556 554 399 227 278 251 661 430 405 370 
724 124 560 419 274 442 80 276 448 167 368 259 100 439 708 744 655 349 545 369 491 -1 395 309 258 162 50 171 569 522 415 457 619 104 269 729 782 542 534 449 525 634 133 413 552 669 157 180 673 384 198 316 399 277 737 107 327 577 264 464 271 148 159 261 317 353 533 351 420 209 419 518 670 537 89 596 382 462 584 463 465 372 438 697 445 73 664 631 271 198 313 509 624 82 601 358 422 255 661 230 291 437 426 216 571 669 433 187 767 360 394 404 611 626 197 353 653 742 355 555 368 572 459 675 278 423 244 297 152 402 299 131 468 341 410 104 514 452 368 146 315 695 612 235 678 221 664 603 681 523 567 497 634 603 835 467 678 335 612 315 597 573 342 170 404 52 351 518 615 591 269 497 154 221 41 306 605 107 307 503 391 661 588 337 612 212 639 553 799 410 338 240 335 484 462 652 299 244 447 243 
343 300 164 148 670 464 333 233 541 252 466 636 395 62 314 354 367 95 236 77 95 395 -1 671 527 483 363 364 480 159 234 174 227 374 412 352 388 160 166 510 229 264 447 305 290 288 553 337 309 99 288 89 211 431 341 462 68 255 616 325 141 535 236 175 128 220 178 447 54 517 342 572 505 423 442 395 524 76 430 443 521 263 472 339 178 402 328 314 126 411 532 175 328 477 564 56 537 216 462 342 334 231 332 430 190 617 199 572 377 127 267 366 281 382 229 152 273 642 318 286 740 206 375 408 341 280 287 233 510 143 368 518 319 219 408 292 450 152 384 285 181 324 285 627 557 570 275 227 286 481 212 187 279 213 448 290 302 263 343 300 237 230 389 242 245 406 541 355 231 305 163 417 369 175 437 497 210 496 688 514 429 266 473 578 529 217 515 224 404 200 482 469 336 221 258 308 577 351 364 289 
962 433 834 644 188 479 344 477 421 475 387 62 385 725 983 994 833 646 754 623 764 309 671 -1 194 380 359 465 637 815 598 674 899 297 335 1020 1057 829 778 451 830 927 380 721 861 957 199 347 900 628 506 606 594 549 1004 333 604 880 56 602 532 169 450 504 562 662 769 626 681 166 540 781 765 632 234 732 349 725 692 754 734 538 718 917 750 273 873 936 559 285 251 809 812 247 620 623 390 475 779 529 418 746 732 482 820 681 741 268 1048 596 703 705 914 781 443 659 896 774 660 740 72 810 565 836 577 582 420 606 331 705 398 267 776 535 483 394 584 754 455 386 623 989 821 132 739 101 947 894 953 574 864 800 858 858 1120 627 915 645 785 463 828 872 634 429 714 337 289 652 863 899 572 797 308 510 277 550 868 207 64 521 676 927 669 223 663 519 711 771 1064 718 596 487 457 792 639 953 172 369 751 550 
787 361 680 471 328 288 243 307 242 387 195 203 358 586 828 823 642 524 573 467 612 258 527 194 -1 399 304 429 444 682 414 498 749 183 143 879 901 687 609 265 717 790 380 650 759 814 260 189 721 466 441 478 414 536 842 340 465 761 144 410 386 204 340 352 405 574 597 609 525 60 347 777 571 438 172 537 167 569 497 717 724 353 696 735 640 189 688 820 433 115 69 684 623 248 436 473 211 314 585 485 231 651 667 474 652 499 638 341 896 431 624 653 793 588 301 552 723 589 600 552 265 637 371 643 531 393 248 524 364 592 208 306 700 357 288 295 390 636 261 254 525 851 637 256 549 120 799 754 796 383 733 681 679 692 971 437 740 570 595 278 652 746 598 297 627 307 113 458 694 792 465 745 162 391 251 560 708 211 246 334 648 766 476 78 473 425 519 592 901 618 595 493 266 685 451 827 50 189 691 487 
825 185 638 544 256 604 234 423 608 231 530 319 91 511 778 837 790 410 671 479 575 162 483 380 399 -1 149 131 729 575 557 584 687 267 431 776 850 604 640 611 546 680 36 385 556 723 181 342 784 500 206 393 539 173 815 59 420 602 354 616 387 219 266 391 439 360 644 248 521 341 576 400 826 695 230 746 539 557 739 383 354 522 340 811 472 231 786 649 358 358 462 550 756 152 763 460 581 397 812 187 451 442 388 109 671 831 451 131 828 484 381 348 637 769 334 390 754 903 317 691 417 680 617 815 228 572 400 305 52 439 461 113 441 485 571 230 675 490 530 295 345 739 736 260 838 323 725 657 756 685 611 529 748 696 888 614 782 323 750 472 708 609 268 305 401 112 502 670 714 599 325 435 316 315 151 170 691 193 350 666 303 743 747 477 773 266 798 674 877 425 216 106 495 500 605 681 431 406 398 232 
698 75 526 403 311 465 89 274 480 122 398 308 65 402 673 716 645 309 530 345 458 50 363 359 304 149 -1 125 583 481 409 442 583 135 299 688 746 503 509 477 478 592 113 363 504 629 196 200 651 363 147 279 392 235 703 106 295 531 315 467 248 195 129 246 298 304 511 306 393 257 428 475 677 546 138 597 418 433 590 414 420 373 391 676 399 115 647 585 237 233 355 466 613 122 622 331 456 249 663 181 306 388 375 178 544 689 386 209 730 343 344 354 566 621 186 308 627 758 304 546 417 549 470 669 228 423 252 247 156 357 319 155 417 337 428 83 529 408 386 146 268 653 596 278 691 272 626 563 647 542 525 452 613 574 796 465 653 285 604 324 575 529 294 158 355 44 391 521 588 544 226 446 182 188 84 271 573 154 354 527 343 629 600 382 628 167 650 535 766 362 297 207 349 437 457 607 347 264 396 192 
708 95 514 446 374 574 204 355 598 123 515 408 79 386 650 715 696 284 570 373 453 171 364 465 429 131 125 -1 678 445 477 485 560 258 417 645 721 475 527 592 416 550 103 263 427 593 277 312 672 397 77 274 455 113 688 142 306 471 426 548 290 296 179 305 343 229 534 181 407 380 519 350 760 636 260 669 539 440 673 292 296 452 266 700 341 240 681 519 245 355 480 419 660 218 727 350 576 324 738 64 410 312 270 72 555 794 320 253 699 387 254 239 506 684 262 260 637 856 197 599 514 568 561 726 111 500 349 174 174 309 428 215 319 409 532 171 627 360 491 244 215 608 632 363 783 387 596 528 629 644 480 398 638 576 758 538 666 195 659 418 597 478 171 235 272 129 515 599 596 470 202 331 301 211 191 161 568 259 448 637 219 619 691 507 725 147 741 569 751 294 177 111 448 370 522 550 471 375 286 101 
518 582 543 334 760 157 495 326 236 566 250 647 648 534 646 572 295 552 323 405 503 569 480 637 444 729 583 678 -1 616 246 320 607 468 322 742 701 594 422 195 707 687 696 762 769 683 666 388 445 381 635 511 270 787 631 676 469 722 588 154 421 615 502 389 383 669 397 838 435 490 160 995 131 57 530 157 294 457 90 885 940 236 895 440 657 509 384 775 496 395 387 647 302 617 96 435 262 358 165 701 278 706 788 748 457 137 676 734 716 359 724 806 739 221 417 609 484 177 750 262 704 421 117 267 728 202 331 651 720 618 273 682 790 286 163 510 56 632 202 438 615 731 353 690 109 561 653 648 612 65 664 665 412 497 790 191 481 698 258 260 412 688 795 443 710 617 353 134 479 779 561 877 420 495 593 840 530 599 690 130 846 573 37 422 49 570 75 352 671 672 851 783 234 702 225 753 467 326 820 667 
319 409 111 285 792 619 472 393 699 360 625 775 497 97 209 303 439 172 321 234 114 522 159 815 682 575 481 445 616 -1 378 296 121 519 571 206 276 42 218 666 107 111 543 278 170 148 678 492 321 250 369 209 357 477 253 568 216 105 762 465 295 668 367 332 288 232 242 467 186 667 492 550 618 558 582 506 684 159 554 413 509 417 460 353 121 542 367 159 256 567 691 45 401 603 706 215 696 375 567 402 494 182 300 497 208 754 152 683 253 282 249 351 124 476 381 185 263 766 323 385 882 244 521 486 383 425 446 276 612 137 528 633 262 376 563 424 593 91 541 433 230 173 343 758 680 715 151 82 194 626 52 77 309 197 315 425 294 280 430 459 273 73 405 389 220 521 700 484 226 166 256 366 521 305 562 543 168 628 825 665 430 197 603 736 663 316 640 298 313 174 513 533 494 132 390 148 732 510 327 349 
376 384 322 93 663 248 334 138 338 354 281 583 467 291 451 418 243 307 158 159 270 415 234 598 414 557 409 477 246 378 -1 96 392 337 272 530 518 361 216 299 463 462 521 520 524 467 551 262 307 135 420 269 24 576 452 515 225 482 542 91 192 512 298 171 144 427 197 616 193 432 116 765 290 190 413 193 345 221 207 648 711 61 664 321 411 379 274 538 260 313 390 405 216 484 330 189 343 160 262 485 183 460 546 549 259 383 430 600 523 114 482 569 503 211 223 365 317 413 514 144 671 234 143 260 505 46 184 416 563 372 209 544 545 73 195 327 216 387 185 268 375 513 223 602 330 501 441 421 417 248 428 421 265 302 599 63 330 460 198 136 243 451 568 252 466 451 381 129 295 537 326 635 302 272 450 635 327 483 635 288 616 381 242 437 295 348 287 180 504 427 637 587 154 456 47 521 457 228 579 443 
289 401 229 39 720 343 379 198 435 362 376 654 492 219 354 326 210 264 88 118 183 457 174 674 498 584 442 485 320 296 96 -1 297 395 359 435 421 274 119 396 390 371 547 478 454 373 605 329 225 91 419 237 86 573 356 548 193 402 618 172 197 572 317 196 144 389 102 602 122 509 211 739 331 262 472 220 440 137 259 613 686 154 638 244 350 434 207 455 245 390 480 328 174 534 411 148 440 207 288 481 269 406 505 557 162 457 373 645 426 100 439 535 419 210 260 323 226 472 484 117 747 141 232 243 492 139 254 391 598 317 299 588 494 140 291 359 300 321 282 315 343 419 155 664 387 574 346 331 320 334 343 349 183 205 502 130 241 429 177 223 154 368 548 287 419 486 474 188 200 461 307 591 369 274 496 637 230 539 706 380 593 284 307 528 366 343 345 98 410 375 630 596 246 391 94 434 543 309 537 433 
212 514 70 302 893 640 561 446 728 464 663 864 606 180 90 186 380 278 286 283 137 619 227 899 749 687 583 560 607 121 392 297 -1 601 626 138 163 84 184 691 212 91 654 398 265 76 777 561 233 287 482 303 376 598 132 676 295 180 844 467 368 762 460 398 344 353 209 589 224 743 507 668 582 550 670 475 725 182 532 531 628 442 580 263 243 630 292 207 348 634 748 162 346 701 702 277 731 435 526 521 541 303 420 615 152 740 274 789 149 323 370 471 174 432 456 302 171 737 445 352 968 191 529 428 503 436 503 395 721 257 574 738 378 412 586 517 595 212 572 513 346 124 283 853 652 798 50 63 72 629 118 194 235 119 221 424 198 402 384 500 211 142 527 470 342 624 751 473 146 244 363 479 595 398 660 664 82 722 915 677 551 81 587 795 649 423 616 258 192 295 635 652 530 248 389 164 799 566 445 467 
676 181 536 360 326 337 60 200 345 204 264 264 199 427 686 704 580 353 481 329 466 104 374 297 183 267 135 258 468 519 337 395 601 -1 165 723 760 531 488 344 543 631 237 467 581 660 214 81 619 336 259 310 325 370 708 210 307 590 243 373 234 177 161 210 269 392 483 440 385 151 323 608 574 439 77 508 282 429 489 538 554 286 521 639 464 43 601 648 264 97 224 515 552 152 497 326 321 188 569 308 191 470 484 314 529 564 459 270 750 307 441 472 623 543 146 374 608 639 418 481 367 523 362 595 352 337 154 341 252 417 195 216 517 265 307 112 412 464 266 88 344 692 549 269 577 196 649 596 656 420 569 509 578 565 822 382 629 387 535 221 544 579 421 131 445 156 257 427 572 616 287 563 49 217 124 406 573 146 317 399 472 631 489 256 510 243 539 493 770 439 433 341 237 508 383 660 231 141 509 305 
647 329 555 336 438 177 213 180 181 336 99 332 364 474 699 686 499 429 431 344 489 269 412 335 143 431 299 417 322 571 272 359 626 165 -1 759 771 571 473 179 622 676 403 591 671 694 344 107 579 338 403 381 273 530 709 374 358 660 281 267 279 293 276 240 284 504 460 596 401 173 205 764 441 305 213 398 127 443 363 682 708 210 672 593 549 200 545 719 341 75 122 580 480 302 336 356 160 196 449 460 89 572 611 477 517 404 553 415 769 303 559 609 689 446 208 468 585 484 552 409 406 500 233 501 500 250 125 463 412 501 64 367 635 220 158 251 266 539 123 184 450 734 495 369 431 246 676 637 666 267 624 583 537 559 845 293 600 512 451 136 512 640 570 217 556 322 129 317 558 699 388 697 117 309 284 570 577 279 380 236 622 635 349 170 358 364 396 451 766 538 594 506 123 596 308 720 185 61 640 445 
291 615 208 440 998 778 677 579 867 566 801 981 701 295 113 243 498 379 419 415 270 729 352 1020 879 776 688 645 742 206 530 435 138 723 759 -1 122 191 321 830 240 95 745 437 266 64 884 689 338 422 570 414 514 663 158 773 416 186 966 605 493 875 573 526 475 420 345 638 358 868 646 684 709 686 787 605 862 317 665 553 654 580 609 363 305 747 404 170 461 763 881 225 468 809 838 405 869 566 651 597 676 349 453 691 285 874 330 887 84 458 419 508 157 557 580 386 278 866 497 483 1087 321 667 546 570 575 635 472 815 336 709 839 401 548 725 630 732 285 710 635 430 37 406 964 782 919 89 126 139 766 164 247 352 246 114 561 298 465 509 636 336 168 578 591 392 727 886 609 268 227 461 490 721 511 769 725 212 834 1031 816 591 177 721 928 784 521 747 390 184 355 688 725 667 287 527 117 928 699 470 545 
202 678 224 436 1056 762 722 594 855 628 798 1024 769 343 74 146 430 440 381 435 294 782 388 1057 901 850 746 721 701 276 518 421 163 760 771 122 -1 245 301 815 342 187 817 539 378 138 940 716 265 435 644 466 507 753 70 839 456 294 1002 580 526 924 623 553 497 507 320 737 377 899 629 797 649 648 831 553 861 333 617 663 763 575 717 282 393 790 332 289 510 787 893 310 408 864 798 434 861 587 589 679 683 446 558 774 259 827 421 953 38 469 516 612 270 498 614 461 217 805 593 439 1127 286 643 476 659 558 652 553 884 414 715 901 509 551 711 679 700 366 703 671 506 153 349 1016 726 956 125 196 104 735 252 338 291 215 90 536 225 555 451 639 289 266 675 630 488 788 892 572 225 343 526 603 751 561 823 817 194 884 1076 791 694 137 675 941 738 586 695 352 63 446 785 810 666 386 504 234 949 714 578 626 
277 433 69 268 814 606 487 391 689 383 619 790 523 103 175 262 403 195 289 228 90 542 160 829 687 604 503 475 594 42 361 274 84 531 571 191 245 -1 184 655 147 104 571 319 209 128 698 498 280 239 398 225 342 514 216 594 224 136 774 445 301 686 384 335 286 269 209 506 174 677 477 592 588 536 597 477 679 140 527 455 550 404 502 312 162 556 328 183 271 572 692 87 365 623 685 214 689 375 535 436 490 224 342 530 170 730 193 708 226 274 289 392 147 443 388 217 221 738 363 354 896 207 503 451 419 408 446 310 639 172 524 657 305 367 551 441 574 130 531 443 261 163 306 777 652 728 122 66 156 607 71 119 269 156 293 404 252 318 397 453 235 98 444 400 261 544 699 460 185 200 280 408 529 321 582 579 126 646 842 649 470 156 578 738 639 341 613 265 277 213 551 567 486 175 369 160 737 510 369 382 
189 455 123 137 806 462 462 302 554 409 496 752 550 175 234 216 222 259 105 164 109 534 166 778 609 640 509 527 422 218 216 119 184 488 473 321 301 184 -1 515 323 267 603 455 387 261 688 431 144 151 452 254 205 597 237 613 221 320 721 284 262 662 380 278 219 378 25 612 119 614 329 729 404 365 563 294 559 91 349 595 680 273 630 174 306 524 164 366 282 497 596 259 183 614 517 179 560 302 351 508 384 369 481 594 43 556 334 718 307 182 419 522 330 259 344 312 119 557 479 171 849 41 347 269 507 258 361 398 662 288 415 663 458 253 410 430 410 272 401 402 345 309 128 755 471 676 231 229 200 445 255 286 113 86 383 241 144 425 213 339 71 282 552 366 394 554 592 288 85 384 328 560 469 325 574 663 111 626 804 496 590 164 403 643 465 379 434 80 292 345 648 634 365 337 206 336 655 420 512 455 
656 501 622 390 592 54 390 290 43 501 81 468 542 572 750 704 458 554 439 433 565 449 510 451 265 611 477 592 195 666 299 396 691 344 179 830 815 655 515 -1 737 758 582 741 793 766 511 279 582 416 570 506 315 705 747 553 473 766 406 239 402 457 437 362 385 649 494 768 481 319 185 935 326 211 388 328 102 516 270 844 879 250 840 586 672 379 531 824 475 252 200 685 453 477 170 455 66 319 355 630 194 706 763 654 556 235 682 587 822 384 706 768 790 389 357 602 606 324 711 393 514 529 177 443 667 256 259 616 590 626 167 542 779 290 104 423 151 655 126 351 594 811 489 520 290 385 741 718 716 130 718 695 543 600 898 281 613 665 414 213 530 739 738 374 698 501 162 264 590 813 533 851 296 455 462 748 626 450 508 70 790 679 232 230 213 521 267 466 797 671 770 684 176 719 311 813 279 217 794 610 
420 403 217 372 782 692 489 452 766 357 688 784 480 172 286 398 545 194 424 307 215 525 229 830 717 546 478 416 707 107 463 390 212 543 622 240 342 147 323 737 -1 154 519 197 64 203 673 532 427 328 345 241 440 423 336 551 266 56 780 553 343 673 382 383 351 186 346 398 271 694 572 458 717 649 596 606 742 254 650 322 422 493 375 459 80 558 475 106 284 605 736 64 507 601 793 282 760 428 668 362 554 109 216 455 315 844 95 666 310 356 179 270 90 579 418 171 368 863 257 486 893 351 605 592 332 509 498 242 589 126 587 621 168 448 637 437 679 83 610 463 210 202 449 757 777 734 223 152 281 710 94 42 416 303 355 515 399 227 535 524 380 76 337 420 152 513 751 578 333 77 258 268 554 327 563 484 272 632 832 743 352 293 697 779 755 312 736 403 390 121 447 487 561 47 482 135 768 560 237 314 
297 519 144 369 903 708 583 496 793 470 723 887 605 204 137 262 470 284 372 333 192 634 264 927 790 680 592 550 687 111 462 371 91 631 676 95 187 104 267 758 154 -1 650 351 193 49 789 601 324 344 474 321 443 571 190 677 325 107 873 543 404 780 478 439 391 327 292 551 278 778 578 610 670 630 694 561 783 242 616 475 575 507 529 354 211 654 384 119 368 675 796 130 436 714 781 319 793 480 615 503 595 260 370 597 240 823 238 792 156 378 330 424 90 521 490 290 261 824 408 437 994 279 603 519 478 508 551 377 719 241 629 743 321 471 653 536 671 189 635 543 335 61 374 869 739 827 75 40 141 705 69 154 327 210 208 500 288 373 473 557 301 78 489 500 302 631 804 553 238 163 366 417 631 417 674 634 173 740 937 750 506 166 670 842 732 426 701 345 238 263 599 632 590 199 465 73 841 615 390 451 
789 148 604 507 272 574 201 387 581 195 502 320 54 477 745 802 754 376 634 443 540 133 447 380 380 36 113 103 696 543 521 547 654 237 403 745 817 571 603 582 519 650 -1 365 531 691 183 310 748 463 175 358 502 169 780 46 383 574 348 581 350 213 229 354 402 333 608 246 484 324 542 405 791 660 209 710 515 521 704 375 356 486 338 775 443 205 749 622 322 331 440 519 719 139 732 424 555 361 777 165 418 416 370 102 635 800 423 149 796 447 358 333 609 732 298 359 718 871 297 654 422 644 583 779 209 536 365 276 70 408 429 117 421 449 540 194 642 460 498 260 315 709 699 267 804 314 693 626 722 653 580 500 711 661 857 578 746 299 714 438 672 579 257 269 376 81 480 634 678 574 291 423 286 279 129 180 656 182 355 636 297 709 713 459 740 232 764 637 843 397 220 113 462 473 568 653 415 375 382 205 
594 292 382 447 637 707 407 454 760 263 676 667 340 280 480 581 671 215 540 365 349 413 305 721 650 385 363 263 762 278 520 478 398 467 591 437 539 319 455 741 197 351 365 -1 181 401 540 486 585 393 215 251 495 237 528 406 294 250 678 610 345 554 316 382 379 93 474 201 360 613 608 275 805 709 498 697 718 367 726 140 231 528 182 617 157 467 620 282 269 551 686 235 631 477 836 334 746 423 766 200 546 95 26 282 464 896 126 514 508 406 38 73 282 687 385 155 533 934 69 592 775 492 648 713 157 561 482 127 434 167 575 479 55 478 654 355 723 191 619 408 148 399 583 626 851 635 417 345 470 749 287 204 564 465 551 582 564 80 648 532 524 273 142 373 61 385 711 648 493 226 208 115 495 285 444 293 442 515 710 765 154 475 762 722 812 228 808 526 584 110 252 307 569 153 554 326 698 534 58 171 
477 429 279 435 800 750 524 505 821 386 741 812 497 235 331 450 609 242 489 367 280 552 290 861 759 556 504 427 769 170 524 454 265 581 671 266 378 209 387 793 64 193 531 181 -1 242 695 577 488 389 363 291 501 417 383 567 320 86 813 615 395 700 420 435 408 201 411 381 334 732 632 419 782 712 629 670 794 319 714 287 388 552 344 520 122 592 537 101 330 649 782 128 571 625 855 340 813 480 733 369 607 116 192 458 378 907 121 680 344 416 175 247 109 644 465 207 428 927 248 551 921 415 666 656 332 570 549 258 602 170 640 639 137 506 695 471 740 139 666 505 238 229 513 780 841 767 267 202 330 771 147 105 479 364 377 578 458 232 599 580 444 123 324 463 154 535 799 641 394 44 294 225 597 369 588 474 332 659 859 802 329 347 760 824 817 342 800 467 431 143 432 486 617 75 545 149 809 610 206 326 
260 558 144 376 940 715 615 514 803 508 736 919 646 232 91 220 450 320 362 350 205 669 288 957 814 723 629 593 683 148 467 373 76 660 694 64 138 128 261 766 203 49 691 401 242 -1 825 625 295 358 517 353 450 618 143 717 353 156 903 543 429 814 512 462 411 373 285 600 293 805 583 659 656 626 725 549 798 253 608 525 625 516 578 323 258 685 359 162 400 699 816 175 418 750 778 340 804 501 599 547 611 309 419 642 228 817 285 832 108 393 379 474 136 505 517 332 234 812 456 427 1025 265 605 498 524 512 571 422 760 283 645 782 371 484 661 569 671 233 646 572 377 49 355 904 727 856 35 65 101 705 115 201 304 191 166 500 257 419 457 571 283 127 538 528 351 669 821 549 216 210 404 467 657 450 710 682 155 774 970 753 556 132 663 863 725 464 692 333 188 310 648 677 603 248 465 109 864 634 440 495 
878 271 718 568 117 520 226 413 497 319 432 138 200 597 866 901 794 505 692 524 649 157 553 199 260 181 196 277 666 678 551 605 777 214 344 884 940 698 688 511 673 789 183 540 695 825 -1 293 825 537 332 473 539 351 894 138 485 727 178 585 426 55 317 412 469 494 686 427 577 199 532 581 780 644 139 720 422 619 697 559 535 500 520 847 594 172 812 779 429 270 329 662 766 75 678 515 467 398 780 342 398 579 548 285 726 744 580 81 925 511 528 515 762 757 346 504 808 828 475 695 239 726 568 809 388 551 368 436 131 553 394 68 596 478 502 261 609 605 464 289 463 850 759 85 775 157 821 760 839 611 721 648 785 759 992 596 832 468 749 433 749 725 440 322 542 160 373 639 770 736 423 606 254 379 116 350 762 68 172 576 480 819 691 331 703 364 739 702 957 555 397 287 444 631 597 803 278 345 563 372 
616 222 493 297 402 265 111 130 287 229 202 324 266 396 642 647 504 337 412 280 424 180 337 347 189 342 200 312 388 492 262 329 561 81 107 689 716 498 431 279 532 601 310 486 577 625 293 -1 554 282 295 291 253 425 659 288 276 574 290 293 197 251 170 163 218 401 422 489 339 183 242 657 493 358 153 427 235 382 408 574 602 208 565 573 455 124 532 632 247 74 205 495 478 233 422 285 267 129 488 353 110 473 505 375 473 490 456 351 709 249 455 502 605 464 113 370 549 561 445 406 419 463 281 517 392 258 77 358 331 407 119 297 532 192 229 144 333 449 188 77 349 661 479 340 498 246 611 564 611 343 544 494 513 512 783 303 568 406 458 141 481 557 463 115 454 229 226 347 516 607 287 590 40 209 205 468 524 224 376 327 515 583 409 247 431 258 459 427 719 439 490 406 156 502 307 638 239 64 534 338 
73 599 210 258 942 528 598 423 625 554 582 879 694 309 226 127 165 401 149 305 236 673 309 900 721 784 651 672 445 321 307 225 233 619 579 338 265 280 144 582 427 324 748 585 488 295 825 554 -1 289 597 398 306 741 196 756 365 408 843 343 402 795 522 413 355 515 140 752 264 734 402 860 384 395 695 291 645 234 357 725 814 369 764 32 430 657 67 441 427 615 697 366 144 752 541 323 637 430 324 652 489 494 610 739 122 564 460 859 288 313 550 655 407 233 479 450 62 540 615 190 972 104 405 211 650 337 480 539 805 420 517 803 580 364 484 571 452 395 486 536 486 343 93 888 461 800 260 296 199 486 342 397 41 123 355 303 40 563 188 443 76 369 692 503 524 695 687 323 94 473 473 684 594 468 713 807 156 760 931 547 727 163 416 745 478 524 432 128 227 474 790 778 461 452 277 397 764 532 640 598 
341 315 217 55 654 368 310 159 450 274 379 601 409 157 362 367 301 177 173 27 153 384 99 628 466 500 363 397 381 250 135 91 287 336 338 422 435 239 151 416 328 344 463 393 389 358 537 282 289 -1 328 146 111 482 376 468 102 351 572 226 114 510 235 126 67 302 149 511 65 466 243 649 412 324 411 305 440 105 334 525 596 167 548 313 276 372 286 408 154 352 460 272 263 463 465 58 449 153 374 390 253 327 419 467 192 518 296 570 431 35 354 447 374 301 192 237 271 545 395 208 699 188 276 335 400 180 217 300 518 238 287 514 413 127 313 282 350 251 292 250 254 400 236 603 461 527 338 304 330 381 301 286 250 229 506 192 294 340 268 214 212 323 457 215 335 407 463 258 235 403 215 507 320 186 424 546 242 474 653 416 502 300 375 508 430 252 418 174 436 294 539 507 246 321 162 397 514 280 451 341 
