200
-1 743 381 794 358 444 861 583 139 257 648 412 477 708 707 751 609 319 283 228 184 536 228 678 791 444 281 102 532 193 646 563 627 186 512 447 548 435 343 555 283 560 398 584 465 418 386 113 537 497 350 486 171 318 263 661 426 677 710 310 846 522 708 415 325 593 519 610 235 606 408 469 236 723 534 237 613 290 920 162 538 400 312 699 546 101 350 410 524 496 396 796 545 650 245 609 364 511 710 643 327 140 509 260 69 781 347 76 461 230 350 325 467 166 553 738 324 671 537 515 605 653 708 579 626 777 487 46 235 619 578 357 241 629 550 380 375 675 641 56 846 574 273 252 292 686 371 303 237 804 738 540 608 745 576 273 204 481 555 310 445 273 292 408 596 734 232 400 658 190 444 629 534 210 821 153 699 300 584 474 191 484 754 524 179 705 600 456 344 733 574 411 312 647 501 304 115 180 536 565 
743 -1 388 96 731 479 137 160 648 682 742 769 278 445 631 190 294 618 877 669 698 543 940 200 49 326 995 840 280 583 262 704 479 676 270 561 387 320 657 687 535 202 480 353 325 405 358 630 648 273 615 322 623 676 495 195 653 412 65 511 102 523 716 331 530 530 637 464 561 497 760 286 762 384 320 569 352 790 177 582 617 589 757 57 753 763 867 534 218 444 383 165 485 262 820 154 702 554 258 157 468 696 775 710 678 172 469 783 412 615 413 1029 722 750 585 440 666 710 338 234 421 178 302 573 117 267 389 748 885 239 225 786 502 212 737 524 372 353 573 701 109 397 609 593 672 178 420 706 724 75 518 357 653 295 607 617 720 503 273 552 575 495 969 690 191 90 658 665 85 617 381 623 246 946 131 729 481 443 250 457 570 260 37 430 566 130 163 779 421 701 422 358 438 612 739 448 635 651 467 533 
381 388 -1 422 521 376 490 242 266 297 689 577 110 554 659 462 235 407 590 401 406 493 602 400 431 64 657 468 151 200 267 419 516 288 253 246 205 69 455 601 295 258 337 226 246 280 129 272 564 119 251 107 319 456 209 279 315 513 343 291 488 265 709 77 153 524 347 299 287 512 402 192 486 532 329 180 427 532 561 222 544 435 518 358 638 381 614 396 185 189 218 488 459 406 534 293 502 483 458 265 81 310 632 454 312 401 276 406 131 349 31 697 574 445 330 573 293 684 171 156 463 364 478 542 281 517 338 375 574 362 307 561 170 357 437 173 61 479 583 353 498 422 370 205 439 398 40 473 455 459 616 364 611 504 561 233 331 424 315 337 453 111 650 340 303 408 270 494 303 229 282 605 262 591 493 342 568 115 202 382 258 141 409 404 229 327 229 607 197 716 247 31 77 611 605 171 295 358 239 506 
794 96 422 -1 814 568 67 227 688 704 838 855 317 541 728 281 271 699 950 742 767 637 1001 296 69 357 1057 887 289 622 231 683 576 707 353 556 371 360 740 781 608 284 564 331 406 488 419 681 741 302 624 336 688 757 560 170 650 508 86 587 98 505 813 379 549 626 620 431 630 593 762 358 836 479 411 601 448 867 153 632 710 675 837 152 845 803 946 621 278 436 458 245 579 358 892 240 785 647 353 159 497 732 866 786 727 91 547 827 416 687 450 1093 811 818 563 535 678 807 332 279 517 274 398 668 189 356 479 794 953 335 316 868 557 308 719 533 419 450 670 756 135 493 686 619 751 274 447 785 798 130 614 450 748 388 702 638 748 595 364 630 664 533 1035 690 281 184 684 751 149 651 465 719 330 1002 196 763 578 495 246 547 632 312 125 524 622 102 194 867 491 798 398 391 483 709 830 511 692 720 448 628 
358 731 521 814 -1 260 868 588 439 580 301 59 556 482 400 647 741 118 205 142 175 272 358 579 780 556 394 426 647 445 762 862 387 509 461 708 726 530 73 218 227 530 250 745 407 325 428 350 216 588 640 617 234 64 312 744 725 468 729 239 824 762 374 496 570 330 802 818 236 358 742 460 135 526 421 493 446 104 893 369 232 150 60 674 191 458 151 202 549 702 360 706 314 524 173 576 31 245 576 703 523 473 151 98 370 841 271 433 648 179 494 403 115 198 814 514 636 335 688 568 400 575 551 294 624 636 349 403 258 517 509 57 362 540 861 626 472 496 354 312 807 390 150 529 84 597 540 57 121 765 480 396 286 590 274 566 544 258 464 190 184 466 329 721 541 680 546 84 664 476 350 320 485 412 752 499 456 406 690 291 283 531 724 336 327 757 648 100 343 406 767 536 448 344 146 351 304 199 752 303 
444 479 376 568 260 -1 617 352 444 567 315 291 362 265 293 386 550 167 442 254 301 119 556 319 527 383 605 542 458 411 560 784 183 511 217 613 565 352 192 233 162 285 48 571 172 99 250 366 194 395 582 444 273 218 223 527 662 237 487 138 568 642 334 320 487 161 715 667 210 165 718 238 334 288 162 443 191 341 635 349 170 111 300 422 285 522 408 58 327 564 160 445 103 264 392 327 230 107 318 479 417 496 299 272 412 607 116 516 506 221 362 626 243 354 705 295 601 307 516 357 163 315 297 168 382 380 90 477 473 257 254 318 284 280 795 531 315 249 218 388 549 140 187 484 225 337 410 252 296 508 295 136 234 337 185 525 559 49 207 136 97 379 555 674 288 422 529 186 421 455 111 231 239 590 491 531 255 287 490 33 265 324 468 85 301 525 424 299 182 343 612 377 328 239 264 224 336 274 614 138 
861 137 490 67 868 617 -1 287 755 771 874 907 384 564 756 296 333 754 1010 802 829 679 1065 327 91 425 1121 954 356 689 291 741 608 775 407 620 433 427 794 823 668 338 617 392 461 542 483 748 784 370 691 404 751 812 623 235 714 535 150 645 75 566 844 445 617 662 681 487 692 628 827 417 896 499 457 669 483 925 97 699 752 727 894 195 889 871 1003 672 341 499 516 250 620 391 953 291 839 690 376 227 564 800 913 844 794 133 604 895 482 748 518 1156 860 880 621 555 744 841 396 345 552 311 420 706 247 367 527 861 1015 373 363 923 623 346 778 600 485 477 703 822 116 531 744 687 808 305 515 842 858 133 636 493 785 404 740 706 816 641 411 688 712 600 1098 755 329 210 751 802 209 719 518 754 383 1067 192 831 603 561 312 594 696 377 153 567 687 168 261 917 552 827 457 459 549 742 877 574 757 782 509 667 
583 160 242 227 588 352 287 -1 492 540 646 632 134 402 562 229 244 472 723 515 541 439 780 183 209 186 836 680 181 428 235 612 404 526 135 451 308 172 515 578 381 71 342 289 183 264 198 470 538 143 486 205 464 530 336 185 536 362 141 359 263 433 636 176 393 441 540 405 404 414 635 130 608 357 211 419 281 639 338 423 509 455 610 118 637 606 719 401 59 347 230 248 385 217 665 63 561 443 250 132 323 542 651 558 519 255 319 625 301 460 262 870 595 592 500 409 532 623 251 88 343 143 284 477 42 296 269 589 728 174 127 642 342 155 639 398 216 311 493 540 264 309 458 447 524 173 278 558 571 222 474 254 557 297 507 475 571 386 168 403 449 342 811 569 99 166 512 530 78 464 243 535 116 785 251 576 430 283 181 337 410 104 172 325 405 173 82 647 264 629 353 214 281 530 617 288 475 494 383 436 
139 648 266 688 439 444 755 492 -1 141 701 497 372 694 731 686 481 365 411 296 268 554 366 616 693 330 419 207 412 65 520 435 625 71 449 309 414 328 402 605 287 484 395 451 411 388 308 89 580 385 216 364 208 385 225 542 297 657 607 307 749 383 749 316 186 604 385 471 243 609 303 396 340 695 492 100 583 396 823 95 573 435 405 611 613 115 467 427 432 358 347 724 547 600 365 529 435 532 659 531 199 54 585 343 79 665 331 142 327 272 237 463 535 276 416 721 200 715 407 414 590 585 665 601 534 725 461 116 371 562 515 453 174 568 428 241 276 644 658 143 755 554 315 113 359 620 246 381 328 715 736 509 646 699 606 138 115 489 502 328 474 154 431 285 525 653 107 458 562 51 409 658 467 340 740 91 693 216 463 468 182 388 664 512 143 593 494 539 296 769 437 297 210 673 570 247 134 239 398 579 
257 682 297 704 580 567 771 540 141 -1 839 639 407 803 859 755 460 504 540 438 409 681 467 690 723 357 513 283 415 155 503 306 742 73 530 216 373 367 543 743 418 550 518 415 503 498 385 230 716 409 109 367 349 527 343 542 171 764 632 434 779 298 884 368 154 729 267 401 377 729 161 471 479 796 588 131 684 535 850 224 707 571 546 655 753 178 602 557 482 306 448 785 668 686 499 588 577 662 742 544 216 117 726 485 215 663 451 219 297 412 279 559 676 412 312 827 68 850 386 453 701 656 755 730 578 804 570 217 492 644 591 594 283 644 293 181 334 743 784 279 792 663 455 94 501 691 263 523 469 755 852 612 780 786 738 65 64 614 588 461 607 210 541 150 594 706 37 598 599 113 514 789 544 425 791 113 807 301 461 588 317 437 705 627 273 603 520 681 400 901 381 326 276 802 711 352 276 381 331 704 
648 742 689 838 301 315 874 646 701 839 -1 266 676 338 158 592 862 336 490 420 465 208 654 548 784 699 684 725 772 688 869 1087 268 773 514 919 881 668 305 95 425 575 352 886 479 415 566 613 126 709 875 759 495 330 511 830 958 352 766 414 812 954 84 635 787 212 1020 983 461 246 998 548 437 404 435 729 390 401 866 615 145 269 360 686 117 745 411 295 633 879 475 651 261 483 470 605 287 209 509 778 723 745 170 392 645 893 416 725 820 430 673 684 186 497 1016 363 884 51 831 667 321 564 468 170 667 546 380 691 553 503 527 332 573 530 1094 836 629 406 177 597 782 345 386 769 355 570 721 349 419 747 291 392 89 498 138 809 815 270 480 379 238 677 612 964 561 665 802 247 703 727 422 121 530 712 709 776 298 591 801 317 521 636 721 321 566 816 725 227 493 122 928 692 635 139 157 527 570 472 928 210 
412 769 577 855 59 291 907 632 497 639 266 -1 607 488 383 673 794 170 225 201 232 279 388 609 817 610 419 474 700 504 813 921 394 567 501 767 782 583 122 193 282 570 290 799 449 367 480 409 202 640 700 671 294 121 369 793 784 479 771 291 860 820 344 549 629 332 861 875 294 364 800 506 181 537 454 552 467 137 927 429 225 180 101 712 149 513 151 235 595 759 408 733 328 551 206 615 75 254 599 750 581 531 101 154 427 886 320 486 705 238 551 421 86 248 873 520 695 305 743 617 415 607 571 291 666 656 382 458 287 548 545 66 420 572 920 685 527 513 347 369 841 411 207 588 143 628 597 116 175 800 477 425 267 609 265 625 602 280 498 242 203 524 347 780 578 714 605 105 706 535 389 306 524 447 782 556 458 463 741 319 342 580 760 359 386 802 695 44 395 378 824 591 505 330 109 406 363 258 809 307 
477 278 110 317 556 362 384 134 372 407 676 607 -1 489 621 360 189 438 657 455 471 470 689 305 322 52 745 570 96 306 206 490 468 398 183 323 211 43 485 595 330 164 334 210 199 262 127 365 556 33 352 89 386 493 260 194 405 448 235 317 378 317 683 65 259 489 418 314 338 470 502 131 546 457 269 291 361 585 452 315 531 445 564 248 643 487 668 397 82 231 206 382 426 322 599 190 532 466 368 166 191 418 647 505 410 308 288 510 178 400 135 783 588 516 386 504 398 662 157 45 410 266 393 516 171 421 300 477 650 277 221 603 244 266 515 266 103 406 546 442 387 370 410 316 480 299 145 515 511 348 557 310 591 415 541 342 442 406 243 365 452 217 730 436 209 299 381 513 193 338 253 578 183 686 383 451 510 182 134 359 326 46 298 366 309 228 122 631 212 683 259 81 165 579 615 212 379 422 274 477 
708 445 554 541 482 265 564 402 694 803 338 488 489 -1 196 269 645 420 684 515 563 210 814 246 478 532 860 807 571 651 637 972 94 756 306 800 697 503 430 324 425 337 309 687 309 305 430 624 296 517 795 579 537 460 468 582 867 41 486 398 495 806 288 480 695 156 900 799 473 123 942 364 585 67 225 673 128 580 540 599 266 343 535 395 397 781 632 309 418 721 355 324 172 190 640 343 452 237 188 528 619 748 441 524 672 613 365 778 665 486 553 877 408 615 874 32 825 294 641 461 104 276 144 200 405 211 233 739 725 228 277 537 522 250 991 727 496 93 163 652 461 140 450 713 474 267 594 494 550 432 73 192 260 165 233 752 805 236 247 401 301 598 804 888 303 357 766 397 433 695 289 219 307 852 384 784 40 503 582 234 524 443 416 184 554 547 484 473 402 265 745 542 536 199 407 451 597 539 764 180 
707 631 659 728 400 293 756 562 731 859 158 383 621 196 -1 464 796 388 604 485 534 177 757 431 668 654 795 796 712 703 795 1074 157 800 442 902 832 623 375 190 444 491 341 829 422 380 530 648 184 652 875 709 539 405 516 747 955 221 665 424 689 923 93 593 780 135 1004 935 489 150 1012 489 528 263 356 737 283 505 736 638 172 306 460 578 252 796 534 303 562 842 441 519 199 369 573 511 376 198 381 694 708 780 305 473 688 793 409 783 784 477 649 801 296 577 989 215 894 108 778 602 218 455 338 129 574 408 322 746 659 398 436 445 577 424 1087 822 598 279 76 651 656 254 433 778 427 453 696 433 501 625 137 312 115 361 132 819 846 245 393 404 262 673 728 968 467 547 821 324 607 746 376 80 452 808 579 815 155 579 732 278 548 576 605 256 588 722 644 353 474 70 880 655 619 59 279 517 611 527 890 155 
751 190 462 281 647 386 296 229 686 755 592 673 360 269 464 -1 453 548 823 621 660 413 916 73 213 412 970 853 407 627 430 840 324 731 239 680 531 393 578 554 494 205 406 506 286 348 378 644 518 373 711 435 601 603 488 366 765 243 245 466 226 660 554 387 615 384 769 622 533 348 862 290 710 203 232 628 210 725 273 603 486 497 686 155 625 795 795 445 278 575 356 60 355 122 769 170 616 431 83 316 542 739 657 651 695 362 422 806 531 574 476 997 611 715 727 258 755 554 476 316 275 100 126 430 205 78 300 767 845 136 172 705 517 121 869 626 421 186 416 700 192 266 555 661 606 65 501 636 672 163 339 250 506 107 466 693 779 393 199 496 470 548 929 796 161 100 724 569 213 667 320 471 218 936 116 775 309 470 395 356 562 321 155 314 572 312 291 674 407 534 573 437 483 456 621 448 635 620 609 395 
609 294 235 271 741 550 333 244 481 460 862 794 189 645 796 453 -1 624 825 631 640 655 833 422 315 185 889 688 94 418 44 412 640 480 354 287 99 211 671 783 513 309 524 60 383 451 314 504 744 155 367 127 553 677 435 102 382 605 230 503 365 234 864 244 310 668 349 170 515 646 495 313 718 601 440 382 522 762 425 455 719 634 745 302 832 591 845 586 233 167 395 450 607 461 768 306 719 653 491 139 282 515 836 683 539 209 476 622 162 577 266 930 777 680 293 653 422 846 74 195 580 384 527 699 251 527 483 596 809 418 368 785 404 399 448 279 270 555 724 585 392 542 593 388 663 408 238 697 686 367 717 484 776 537 725 397 513 593 404 551 641 336 885 423 343 362 447 702 240 435 440 760 345 818 425 539 672 345 64 544 492 226 329 547 464 173 165 819 399 861 128 211 312 759 805 391 530 591 177 659 
319 618 407 699 118 167 754 472 365 504 336 170 438 420 388 548 624 -1 275 98 147 225 393 478 667 440 441 407 530 357 644 769 330 437 348 608 612 413 47 241 112 416 143 629 293 212 310 276 219 470 550 501 159 57 201 626 634 398 613 121 713 656 390 379 471 284 705 706 133 304 665 343 167 452 317 402 359 176 784 282 219 83 140 562 250 412 250 112 431 592 243 605 248 428 224 463 95 198 483 585 417 408 231 105 309 723 154 396 536 93 383 460 175 196 712 452 553 354 573 450 325 469 464 263 509 547 248 360 307 414 400 169 256 436 771 525 357 415 325 265 699 306 49 440 58 494 429 88 130 657 435 299 289 504 257 480 478 183 357 72 129 363 388 636 431 572 468 94 549 393 238 310 372 433 648 439 402 294 572 200 189 413 613 251 235 639 530 199 225 414 655 421 337 329 209 236 233 139 642 256 
283 877 590 950 205 442 1010 723 411 540 490 225 657 684 604 823 825 275 -1 208 186 475 167 752 927 641 193 302 736 446 854 845 590 468 610 717 786 621 255 417 342 676 417 814 555 479 535 342 420 685 628 697 271 225 396 851 707 666 863 366 977 786 569 592 585 534 797 863 320 561 691 593 115 723 591 497 634 103 1049 383 438 342 149 824 374 376 87 385 673 745 494 879 513 703 57 725 233 448 759 819 563 423 322 171 331 961 409 339 699 262 559 197 310 145 825 716 606 530 760 681 595 740 740 500 763 822 523 326 69 688 668 159 420 708 834 642 558 689 560 268 966 580 270 522 217 767 595 191 153 923 685 575 489 779 479 550 487 452 629 329 382 503 123 690 697 841 513 288 801 460 507 525 635 233 919 435 660 480 784 475 333 644 877 525 362 878 767 264 459 603 820 614 512 549 334 445 304 235 791 507 
228 669 401 742 142 254 802 515 296 438 420 201 455 515 485 621 631 98 208 -1 49 323 301 549 719 446 352 311 540 304 657 721 426 367 403 571 605 423 115 327 134 467 220 628 348 274 330 208 310 485 499 504 93 91 196 649 583 490 656 158 768 628 481 391 432 382 662 691 117 401 600 384 93 543 389 353 444 130 841 229 314 181 118 616 321 325 213 206 466 574 286 676 344 505 151 517 140 296 563 614 392 333 289 53 229 756 202 304 522 55 372 375 242 100 678 547 494 443 572 476 417 535 548 361 555 628 325 271 223 485 462 165 234 504 719 489 361 503 423 177 758 395 67 388 65 563 414 84 56 715 533 379 382 588 353 424 404 278 424 125 227 332 307 579 490 634 403 172 593 333 302 405 427 337 714 360 499 287 586 288 148 439 669 340 189 673 561 242 251 507 643 421 325 426 277 242 162 57 622 353 
184 698 406 767 175 301 829 541 268 409 465 232 471 563 534 660 640 147 186 49 -1 372 257 587 747 456 309 262 550 285 669 700 474 336 435 556 606 435 161 373 166 498 263 632 381 312 350 183 358 499 478 512 87 135 210 665 562 537 680 193 798 618 528 406 419 431 645 688 136 450 569 412 80 590 429 335 488 132 872 213 362 230 137 646 362 283 211 254 489 570 316 713 392 545 128 548 180 345 604 633 387 299 326 77 195 776 237 260 521 85 376 336 283 55 664 595 468 490 577 496 464 571 591 410 582 670 367 228 188 524 497 184 236 541 695 477 372 548 472 137 790 440 113 367 109 601 415 119 59 747 582 422 430 631 402 401 370 327 462 168 276 326 272 554 523 667 376 218 620 310 340 454 460 289 749 323 547 295 599 334 148 459 700 386 182 693 582 275 276 555 642 429 329 474 317 259 138 48 617 403 
536 543 493 637 272 119 679 439 554 681 208 279 470 210 177 413 655 225 475 323 372 -1 613 357 587 497 657 629 566 526 661 903 115 623 306 732 678 465 224 144 267 368 164 681 272 213 366 472 105 503 700 555 366 255 339 622 781 200 563 247 621 759 215 434 606 60 834 780 312 86 835 341 382 258 229 560 202 372 681 460 73 142 326 486 212 622 421 127 425 680 275 473 58 294 434 401 242 27 333 570 536 604 245 322 514 688 233 611 622 306 480 670 203 420 823 242 718 192 627 460 140 367 299 49 461 384 172 573 520 305 323 327 400 332 915 650 432 238 105 480 595 149 264 601 273 379 528 288 350 557 212 188 121 336 70 642 669 69 274 229 96 498 597 792 358 472 644 187 499 568 217 112 322 657 528 638 184 406 593 112 371 429 525 114 411 609 517 268 301 224 725 493 447 121 209 343 436 358 730 31 
228 940 602 1001 358 556 1065 780 366 467 654 388 689 814 757 916 833 393 167 301 257 613 -1 843 989 661 56 188 753 420 869 771 723 402 686 670 776 649 388 575 421 745 521 811 633 568 582 329 573 712 569 708 318 357 444 879 638 791 915 450 1042 747 730 624 553 673 734 838 384 696 598 655 231 845 686 465 746 254 1116 379 587 472 298 891 538 288 255 506 724 724 566 968 642 803 185 795 380 585 862 856 554 356 487 291 296 997 493 247 688 343 570 96 469 202 774 846 535 691 762 722 718 825 849 644 822 928 625 254 101 780 750 321 444 796 752 607 586 805 706 249 1037 696 369 478 340 856 595 326 263 994 825 679 644 889 628 495 405 577 717 426 516 497 83 613 774 918 449 434 858 418 596 677 711 69 1001 354 795 507 804 590 369 688 946 642 379 918 809 429 520 763 802 630 528 700 496 492 309 295 764 645 
678 200 400 296 579 319 327 183 616 690 548 609 305 246 431 73 422 478 752 549 587 357 843 -1 237 356 896 780 364 558 405 793 281 663 167 628 491 334 509 501 421 142 335 471 213 275 309 572 463 322 651 386 528 533 415 345 710 212 240 393 264 615 517 324 554 336 721 587 460 301 803 221 638 188 160 562 157 655 323 532 431 430 617 149 570 723 726 377 223 529 282 127 299 64 697 119 549 372 68 292 479 669 599 580 623 366 349 734 481 501 412 924 550 642 683 244 693 514 435 263 226 39 108 381 171 116 230 695 773 63 101 637 445 48 819 569 356 154 376 627 237 208 483 596 536 22 440 566 600 200 320 183 459 115 416 629 711 330 125 424 406 481 857 739 97 117 658 504 191 599 247 427 148 863 173 706 282 400 361 290 489 262 174 252 500 303 257 611 334 502 535 378 415 415 563 376 562 547 566 343 
791 49 431 69 780 527 91 209 693 723 784 817 322 478 668 213 315 667 927 719 747 587 989 237 -1 368 1045 887 314 628 279 728 518 719 319 591 412 365 707 732 585 252 529 375 374 455 407 678 692 314 651 358 673 725 545 213 685 447 91 561 56 548 755 378 569 571 663 482 611 538 794 335 812 414 366 612 393 839 130 630 661 637 807 105 798 809 917 582 266 473 433 175 529 301 870 204 750 599 289 185 510 740 822 759 725 159 519 830 446 665 457 1078 769 800 609 471 703 751 367 279 462 220 334 615 166 288 437 795 935 282 273 835 550 255 763 560 418 388 613 749 76 440 659 634 722 215 461 755 774 60 550 402 694 321 649 657 762 550 320 602 622 539 1018 723 239 120 700 713 132 661 430 664 295 995 127 773 516 490 278 504 620 307 63 476 614 143 203 827 471 738 444 401 484 652 786 497 684 701 491 576 
444 326 64 357 556 383 425 186 330 357 699 610 52 532 654 412 185 440 641 446 456 497 661 356 368 -1 717 533 94 264 212 442 504 351 225 273 181 31 487 615 329 214 351 191 232 284 135 333 577 54 299 61 369 492 249 217 353 490 279 319 424 273 711 64 206 520 369 283 329 504 449 168 534 503 309 244 404 577 497 283 554 456 559 299 658 446 659 412 134 189 223 434 456 371 584 242 535 490 418 200 141 375 657 497 375 337 296 471 132 391 94 757 598 498 341 548 345 689 134 98 448 318 442 544 222 473 331 439 629 325 269 600 222 317 465 213 84 451 579 413 435 408 407 266 477 351 94 511 501 398 598 348 617 465 566 291 394 430 287 367 469 175 707 384 260 351 332 521 242 294 280 607 228 654 435 406 551 161 143 384 308 94 348 398 284 263 165 637 217 714 228 33 133 609 628 205 353 407 235 506 
281 995 657 1057 394 605 1121 836 419 513 684 419 745 860 795 970 889 441 193 352 309 657 56 896 1045 717 -1 231 809 475 924 815 768 451 741 720 830 705 432 610 475 800 572 865 688 621 638 385 611 768 618 764 373 401 500 935 684 839 971 503 1098 798 763 681 605 716 781 890 439 741 638 711 275 893 739 518 796 290 1172 435 626 517 335 946 567 335 276 553 780 777 621 1022 688 855 223 850 419 629 914 912 608 405 515 336 350 1053 547 294 743 395 626 46 503 254 823 893 581 724 818 778 766 879 900 686 878 980 676 305 136 833 804 353 500 850 794 659 642 855 747 304 1093 746 419 530 385 909 651 368 310 1050 869 731 681 940 668 545 450 624 771 477 561 553 77 658 829 972 498 474 914 470 649 715 765 92 1056 400 840 563 860 639 425 744 1001 691 436 974 865 457 576 797 856 686 584 739 528 548 366 349 816 688 
102 840 468 887 426 542 954 680 207 283 725 474 570 807 796 853 688 407 302 311 262 629 188 780 887 533 231 -1 617 271 727 584 724 224 613 493 619 527 424 634 382 661 497 657 567 520 485 211 620 587 389 570 269 396 365 748 453 777 805 410 942 573 790 510 388 687 550 669 335 702 410 569 293 823 637 306 714 341 1017 257 625 490 372 798 617 105 383 505 621 560 498 897 642 752 282 709 437 603 813 733 406 180 575 332 161 869 448 67 533 324 438 277 540 228 594 837 350 752 614 609 704 754 810 670 723 879 588 93 239 721 680 413 340 731 564 438 469 777 732 156 945 674 365 309 371 788 453 375 305 903 835 642 693 847 664 319 219 577 657 407 535 358 268 427 697 834 270 480 755 254 546 717 635 142 921 170 797 397 669 573 293 580 852 624 280 796 693 519 446 817 639 499 404 736 572 405 218 271 596 659 
532 280 151 289 647 458 356 181 412 415 772 700 96 571 712 407 94 530 736 540 550 566 753 364 314 94 809 617 -1 347 118 433 558 422 271 281 127 117 577 691 420 235 431 116 294 358 220 423 652 62 337 48 464 583 343 130 372 530 222 409 369 253 777 150 260 582 363 227 423 562 480 225 628 532 357 318 445 671 438 374 628 540 652 269 739 526 753 493 153 169 302 416 520 394 679 244 625 562 431 130 213 451 742 591 463 253 382 554 132 485 183 849 683 593 320 583 389 757 71 111 498 325 463 610 202 476 394 524 723 349 295 692 316 334 463 246 178 484 639 504 388 460 500 332 569 354 165 604 595 355 641 400 687 478 636 349 461 502 326 457 548 260 801 409 276 328 396 608 206 370 349 673 265 743 403 480 595 255 51 454 403 136 310 460 378 188 120 725 305 776 173 123 226 672 711 298 446 501 202 571 
193 583 200 622 445 411 689 428 65 155 688 504 306 651 703 627 418 357 446 304 285 526 420 558 628 264 475 271 347 -1 456 417 588 106 392 272 355 263 399 592 264 423 363 391 358 345 249 104 563 319 195 299 210 386 188 477 280 613 542 279 684 339 730 252 138 573 359 420 226 574 311 337 363 647 442 50 535 417 758 75 554 418 419 546 607 181 493 402 368 304 298 663 513 546 396 467 437 507 604 465 135 113 585 355 125 599 295 207 267 268 171 517 531 304 380 676 196 697 345 349 549 526 613 575 470 669 418 178 414 507 457 467 129 510 416 196 212 596 629 181 691 511 308 84 362 561 182 388 344 650 698 462 626 645 583 122 156 458 447 309 454 89 480 278 465 590 118 452 497 44 363 634 409 400 677 149 653 158 398 433 167 324 600 473 122 527 428 544 248 746 382 231 146 647 566 199 147 247 347 549 
646 262 267 231 762 560 291 235 520 503 869 813 206 637 795 430 44 644 854 657 669 661 869 405 279 212 924 727 118 456 -1 452 638 522 356 331 143 234 691 793 536 304 537 101 390 462 333 539 753 173 411 160 582 698 461 66 425 597 197 523 326 275 866 266 353 670 390 203 540 646 539 321 746 589 440 422 517 788 384 489 726 649 769 276 845 631 871 600 236 211 409 422 611 449 797 294 738 660 474 114 321 555 851 708 576 165 494 662 206 602 299 965 792 711 332 643 467 850 117 202 577 368 512 703 235 506 488 635 841 408 362 808 434 387 488 323 296 545 725 620 355 541 616 430 685 390 275 720 713 333 710 484 781 519 731 440 556 601 401 571 653 372 918 467 334 336 490 719 217 475 449 763 343 856 393 581 665 374 72 552 521 236 298 550 496 135 152 837 418 861 167 241 344 760 819 415 563 620 218 662 
563 704 419 683 862 784 741 612 435 306 1087 921 490 972 1074 840 412 769 845 721 700 903 771 793 728 442 815 584 433 417 452 -1 935 377 667 172 317 470 813 994 665 654 740 352 664 694 547 516 961 470 222 406 627 802 576 514 138 930 640 672 777 181 1117 492 300 939 72 256 635 929 189 607 775 945 747 368 844 831 836 492 946 820 836 702 1017 482 902 793 571 265 633 849 875 813 801 674 853 889 858 546 367 422 999 772 514 610 673 523 312 684 425 861 944 712 120 989 239 1089 367 529 882 753 884 953 636 907 756 524 798 767 711 884 515 757 41 252 479 893 998 579 805 841 721 333 778 785 380 805 759 778 1034 783 1016 905 968 298 365 833 729 711 848 410 847 157 699 761 331 863 638 390 699 1016 671 724 833 417 987 497 454 795 581 535 737 822 536 585 553 960 601 1127 285 430 455 1023 978 561 562 664 237 920 
627 479 516 576 387 183 608 404 625 742 268 394 468 94 157 324 640 330 590 426 474 115 723 281 518 504 768 724 558 588 638 935 -1 690 286 762 679 474 336 238 346 334 231 675 272 246 388 550 206 499 745 558 456 367 401 590 822 89 510 321 544 777 237 446 647 64 863 782 394 29 888 337 493 146 200 615 127 486 597 530 175 251 441 424 311 705 537 220 406 694 303 383 82 217 546 354 357 142 241 536 572 678 351 432 596 638 294 699 636 401 510 783 316 526 844 127 770 232 625 447 61 301 201 111 417 282 178 660 632 243 278 442 458 269 951 684 455 138 94 571 514 98 362 655 382 303 554 400 459 480 112 158 182 233 146 696 739 148 236 317 207 544 710 838 310 398 705 303 450 632 235 146 295 763 441 714 72 449 576 156 449 423 455 115 482 565 486 381 344 225 727 508 485 133 316 391 519 454 740 86 
186 676 288 707 509 511 775 526 71 73 773 567 398 756 800 731 480 437 468 367 336 623 402 663 719 351 451 224 422 106 522 377 690 -1 498 269 402 356 474 677 356 526 462 443 465 450 354 160 651 406 167 374 279 456 289 553 240 719 631 375 776 349 820 350 171 672 333 445 313 675 233 442 406 754 548 107 641 461 849 162 644 506 473 644 684 118 529 497 466 340 405 765 614 652 426 569 506 602 710 548 210 46 656 413 142 676 396 157 319 343 263 496 606 339 372 782 138 786 405 443 653 630 719 671 566 774 523 148 421 613 562 521 233 615 366 216 311 702 727 205 785 616 387 92 430 666 260 451 396 746 801 568 717 752 676 95 49 557 554 398 545 184 474 222 569 690 47 530 591 63 468 728 515 365 776 59 757 264 472 534 253 422 696 576 211 609 517 609 354 839 418 318 248 742 641 305 205 310 373 647 
512 270 253 353 461 217 407 135 449 530 514 501 183 306 442 239 354 348 610 403 435 306 686 167 319 225 741 613 271 392 356 667 286 498 -1 496 394 197 387 443 269 69 211 388 55 135 144 404 403 212 502 273 368 405 249 315 568 265 270 244 366 499 510 176 402 314 594 496 302 291 652 60 495 279 86 399 178 520 438 364 375 322 487 214 502 556 597 268 120 414 120 285 255 156 554 115 432 309 213 264 325 502 517 441 455 389 201 566 358 351 258 771 461 489 567 322 539 494 339 160 227 141 226 347 165 276 134 527 623 115 67 516 278 119 688 427 200 226 370 462 355 188 341 435 402 174 294 435 457 312 373 129 426 256 376 471 547 251 62 282 314 319 707 593 87 231 496 398 204 434 111 407 24 702 314 539 326 234 291 202 324 137 266 194 333 308 210 514 168 507 441 237 253 404 482 208 397 392 458 306 
447 561 246 556 708 613 620 451 309 216 919 767 323 800 902 680 287 608 717 571 556 732 670 628 591 273 720 493 281 272 331 172 762 269 496 -1 188 299 654 827 501 488 570 231 492 522 374 377 793 307 106 246 477 646 411 385 94 758 500 506 644 82 947 320 138 767 101 187 476 756 208 436 635 775 574 221 672 689 709 343 776 654 689 550 854 387 765 624 405 120 460 695 702 644 668 511 696 719 692 406 196 314 839 623 387 496 503 427 150 528 252 765 783 576 108 818 157 919 224 365 709 590 716 781 479 744 583 415 680 599 543 736 352 590 192 83 306 723 825 449 667 668 563 196 624 622 207 653 614 636 862 610 846 738 798 175 280 662 558 547 680 245 739 136 533 608 223 702 487 258 527 844 501 635 685 323 815 328 313 623 425 367 591 649 381 454 401 804 430 956 179 258 285 851 816 392 419 516 124 748 
548 387 205 371 726 565 433 308 414 373 881 782 211 697 832 531 99 612 786 605 606 678 776 491 412 181 830 619 127 355 143 317 679 402 394 188 -1 212 660 796 500 362 532 43 410 466 316 451 758 181 274 122 519 662 414 200 282 656 323 494 463 136 892 245 231 699 251 103 492 681 396 342 686 660 480 313 570 734 524 405 736 636 722 386 838 518 815 593 279 69 405 535 636 521 731 371 707 672 558 229 224 440 835 658 480 308 475 552 87 553 232 873 776 640 199 709 329 870 56 236 621 451 590 724 325 602 510 530 763 476 422 765 371 461 350 191 257 610 757 532 488 581 576 311 644 480 191 677 657 461 766 521 798 606 748 313 430 611 451 542 650 284 834 324 403 447 365 698 323 364 460 787 390 754 516 462 720 319 138 565 458 256 420 577 424 271 239 812 396 893 47 192 279 789 806 376 483 558 80 686 
435 320 69 360 530 352 427 172 328 367 668 583 43 503 623 393 211 413 621 423 435 465 649 334 365 31 705 527 117 263 234 470 474 356 197 299 212 -1 460 584 302 192 320 220 201 253 105 323 546 63 317 91 350 466 227 231 376 461 279 292 421 303 680 34 222 489 397 315 306 473 468 138 512 475 279 248 375 554 495 273 523 427 534 289 628 444 636 382 115 219 192 419 425 345 564 224 508 459 394 207 151 375 628 473 367 348 267 467 162 368 92 743 569 480 371 519 361 658 164 87 418 297 417 512 211 451 300 434 612 300 244 575 205 293 491 235 63 423 547 401 429 377 382 275 452 331 107 486 479 390 568 317 585 441 535 303 400 399 258 340 438 174 691 404 237 338 340 492 235 296 248 576 201 644 423 408 521 143 163 353 289 72 340 367 269 270 165 609 189 683 259 43 122 578 598 181 339 386 266 475 
343 657 455 740 73 192 794 515 402 543 305 122 485 430 375 578 671 47 255 115 161 224 388 509 707 487 432 424 577 399 691 813 336 474 387 654 660 460 -1 211 160 456 178 677 333 252 357 313 196 517 593 549 194 31 249 672 678 411 655 168 751 703 366 426 516 284 750 754 178 309 704 387 157 468 350 445 381 151 820 323 203 86 109 601 210 440 216 133 476 640 287 636 258 456 210 503 47 196 509 630 464 443 186 98 341 767 199 420 584 131 430 447 132 202 758 462 594 328 621 496 340 503 487 256 550 571 279 386 296 447 436 128 303 469 814 570 404 435 318 291 735 326 91 483 52 527 477 64 127 693 437 328 268 527 243 521 513 197 392 120 129 409 374 677 468 608 507 57 590 434 276 295 411 434 681 472 407 342 619 223 232 458 651 272 277 683 575 152 272 393 703 469 385 316 167 284 268 167 690 256 
555 687 601 781 218 233 823 578 605 743 95 193 595 324 190 554 783 241 417 327 373 144 575 501 732 615 610 634 691 592 793 994 238 677 443 827 796 584 211 -1 330 508 264 804 403 333 480 517 40 629 780 676 400 238 417 758 864 327 705 321 765 864 156 551 694 173 927 897 366 210 903 471 351 384 371 634 345 321 824 519 70 174 277 630 73 651 344 204 558 790 391 615 202 437 390 543 199 135 473 708 631 650 119 302 550 830 325 632 732 335 583 614 107 408 925 354 789 117 748 590 279 511 436 126 603 519 308 597 475 449 465 257 478 476 1000 743 542 374 166 503 739 292 290 674 263 522 631 260 330 701 297 331 75 470 91 714 719 192 417 284 147 583 540 869 500 616 706 154 641 631 344 116 462 630 670 680 288 500 723 242 426 557 670 257 470 750 653 163 404 187 842 606 543 141 90 435 474 377 841 159 
283 535 295 608 227 162 668 381 287 418 425 282 330 425 444 494 513 112 342 134 166 267 421 421 585 329 475 382 420 264 536 665 346 356 269 501 500 302 160 330 -1 333 115 517 215 146 203 205 300 362 450 390 114 163 90 522 534 394 522 28 634 545 465 269 365 319 599 594 47 327 575 250 227 441 265 303 333 259 707 194 289 155 234 482 353 359 340 140 334 480 152 547 265 382 285 383 207 245 442 484 307 337 340 177 249 625 71 353 424 81 270 503 283 221 602 455 460 433 461 347 322 404 433 314 420 508 208 314 354 358 330 272 149 375 670 417 245 395 371 226 625 291 80 344 149 434 317 184 189 581 458 262 362 471 320 384 402 203 295 46 189 255 438 539 357 501 380 202 459 305 174 372 294 445 582 371 417 182 464 191 104 309 535 241 144 541 430 312 120 483 542 309 225 386 316 123 173 126 530 293 
560 202 258 284 530 285 338 71 484 550 575 570 164 337 491 205 309 416 676 467 498 368 745 142 252 214 800 661 235 423 304 654 334 526 69 488 362 192 456 508 333 -1 280 350 122 204 177 450 468 185 509 250 427 474 302 256 568 296 201 309 301 480 565 182 411 370 582 463 362 343 660 91 561 297 139 423 213 587 373 406 438 391 555 148 568 595 665 337 84 393 181 240 314 159 619 50 501 373 203 204 337 536 585 507 500 322 267 610 342 414 271 832 529 551 548 347 551 552 306 127 273 106 230 406 96 259 200 572 686 114 60 584 321 102 679 427 216 248 422 513 292 238 407 455 470 141 298 503 522 249 408 183 486 250 436 488 574 317 97 350 382 343 770 596 45 174 519 467 135 463 180 464 46 756 260 572 363 268 245 268 378 120 201 254 380 241 152 583 224 558 409 235 278 459 550 257 448 453 434 365 
398 480 337 564 250 48 617 342 395 518 352 290 334 309 341 406 524 143 417 220 263 164 521 335 529 351 572 497 431 363 537 740 231 462 211 570 532 320 178 264 115 280 -1 541 159 77 216 318 227 368 535 412 228 199 175 510 616 279 481 89 573 602 377 287 442 210 671 632 163 213 670 219 305 328 174 395 224 319 642 300 207 113 282 423 308 474 392 62 309 527 128 462 152 286 364 325 221 149 343 464 374 447 314 245 364 597 68 469 468 181 321 595 255 318 664 339 553 348 485 336 206 326 328 214 375 408 106 430 443 271 258 306 236 292 751 488 278 285 266 342 557 178 152 437 200 351 369 231 267 515 343 159 275 367 227 477 510 95 214 95 118 333 526 627 290 430 481 187 415 406 99 276 234 551 505 483 302 242 466 76 217 300 473 126 252 514 408 305 141 388 578 341 285 286 281 179 288 233 577 186 
584 353 226 331 745 571 392 289 451 415 886 799 210 687 829 506 60 629 814 628 632 681 811 471 375 191 865 657 116 391 101 352 675 443 388 231 43 220 677 804 517 350 541 -1 409 471 326 483 765 177 317 129 545 680 434 162 325 645 289 510 425 174 893 254 272 699 289 115 513 678 440 341 711 645 474 351 561 758 485 436 741 647 744 358 849 557 840 603 269 113 412 506 636 506 758 353 724 676 539 197 257 480 848 680 515 265 487 591 124 575 255 908 789 669 233 697 373 873 56 227 615 432 573 726 302 579 510 567 793 462 410 786 395 445 388 233 272 598 755 565 452 576 595 351 664 459 219 698 681 427 757 517 801 586 751 355 472 616 442 558 659 315 866 368 387 418 406 712 295 402 463 788 381 791 484 502 711 341 111 569 483 253 388 576 452 233 215 827 408 892 68 208 303 789 819 393 513 584 117 687 
465 325 246 406 407 172 461 183 411 503 479 449 199 309 422 286 383 293 555 348 381 272 633 213 374 232 688 567 294 358 390 664 272 465 55 492 410 201 333 403 215 122 159 409 -1 82 121 360 363 232 486 287 316 351 201 355 558 268 322 189 422 504 483 173 386 289 592 513 249 271 635 69 440 293 85 372 183 465 493 322 336 272 432 269 458 514 542 218 155 421 69 335 226 188 499 170 379 270 248 307 310 466 469 385 411 438 145 522 363 296 244 717 412 435 571 329 519 463 357 188 217 191 254 316 217 314 100 483 569 154 116 461 237 165 683 417 186 240 347 413 410 177 285 410 347 223 285 380 402 367 370 118 393 287 342 448 514 211 91 227 268 294 653 579 142 286 468 346 257 402 61 379 80 650 368 503 322 202 321 162 275 157 322 166 287 355 252 464 120 483 457 236 229 379 435 165 349 338 468 277 
418 405 280 488 325 99 542 264 388 498 415 367 262 305 380 348 451 212 479 274 312 213 568 275 455 284 621 520 358 345 462 694 246 450 135 522 466 253 252 333 146 204 77 471 82 -1 152 323 294 296 500 344 257 270 164 433 577 268 404 118 501 546 429 220 402 244 623 568 188 236 642 142 365 308 118 369 196 386 571 294 270 191 352 349 382 481 462 139 232 467 62 401 180 235 424 251 297 206 295 386 329 443 391 308 373 519 75 483 408 226 269 648 333 367 610 332 524 405 416 260 203 260 289 261 299 362 72 443 498 212 188 380 216 229 708 442 219 258 303 364 487 165 209 410 268 289 316 300 326 445 354 122 333 327 283 450 499 146 150 150 191 298 582 593 218 361 461 265 338 390 27 325 159 591 439 479 308 203 391 102 228 225 401 130 251 436 331 383 98 435 512 279 241 330 357 146 303 273 516 226 
386 358 129 419 428 250 483 198 308 385 566 480 127 430 530 378 314 310 535 330 350 366 582 309 407 135 638 485 220 249 333 547 388 354 144 374 316 105 357 480 203 177 216 326 121 152 -1 274 442 160 365 196 269 365 140 319 436 390 333 189 461 393 582 71 265 395 475 417 215 383 513 88 423 414 207 255 305 460 536 229 420 321 437 313 523 418 542 277 142 314 90 417 330 300 477 224 405 357 357 284 188 361 523 379 324 426 162 433 255 275 122 673 464 399 459 451 398 557 270 146 336 277 369 414 241 420 209 395 534 259 208 475 145 261 563 297 67 361 454 342 460 295 283 291 353 312 166 387 387 418 489 238 485 400 435 328 402 298 203 237 334 175 616 457 217 349 352 388 275 290 153 478 160 587 436 397 442 91 261 254 213 109 368 275 207 343 232 505 85 587 362 127 109 482 493 91 276 301 363 378 
113 630 272 681 350 366 748 470 89 230 613 409 365 624 648 644 504 276 342 208 183 472 329 572 678 333 385 211 423 104 539 516 550 160 404 377 451 323 313 517 205 450 318 483 360 323 274 -1 493 385 295 378 119 296 160 551 378 589 597 228 733 443 663 302 242 525 462 522 159 531 392 358 259 631 435 155 520 314 807 49 487 348 320 587 523 157 389 344 411 405 292 687 470 548 291 498 346 449 608 531 227 133 496 256 51 670 258 162 363 183 240 426 445 199 485 652 286 628 433 402 520 545 609 518 513 675 395 123 312 514 471 367 129 523 512 300 262 582 577 81 734 485 227 184 270 579 266 293 243 692 662 446 560 645 521 218 201 409 451 243 389 168 383 371 487 623 195 369 545 126 346 574 426 321 710 166 620 187 475 393 101 371 641 440 72 593 487 451 239 683 481 301 200 589 480 195 46 150 449 498 
537 648 564 741 216 194 784 538 580 716 126 202 556 296 184 518 744 219 420 310 358 105 573 463 692 577 611 620 652 563 753 961 206 651 403 793 758 546 196 40 300 468 227 765 363 294 442 493 -1 590 749 637 377 225 385 718 832 295 665 288 726 828 171 512 661 141 894 859 338 177 874 431 345 353 331 603 307 320 786 492 32 145 275 590 107 631 353 169 518 754 353 578 164 400 388 503 193 94 437 668 596 626 145 292 528 790 290 614 696 312 547 618 117 397 890 326 760 135 710 551 243 472 401 95 563 485 268 579 475 410 425 262 447 437 968 710 505 339 144 484 701 254 267 644 249 484 595 251 320 663 276 291 72 436 63 685 695 152 377 254 112 551 544 839 460 578 679 142 601 603 304 104 421 625 633 657 262 465 684 201 399 518 631 217 442 710 613 180 367 196 805 568 509 128 111 401 451 358 804 123 
497 273 119 302 588 395 370 143 385 409 709 640 33 517 652 373 155 470 685 485 499 503 712 322 314 54 768 587 62 319 173 470 499 406 212 307 181 63 517 629 362 185 368 177 232 296 160 385 590 -1 345 64 414 525 289 167 393 475 224 349 370 294 715 93 257 521 398 284 368 501 494 163 575 481 299 299 389 616 443 335 565 478 595 249 677 501 698 431 101 208 239 389 459 344 627 204 565 500 387 146 195 429 680 535 428 285 321 525 158 430 148 807 621 543 362 529 394 695 126 58 440 283 415 548 175 437 333 493 676 299 244 634 269 287 497 257 127 431 578 464 383 401 442 320 512 314 147 546 541 346 585 341 624 434 574 344 448 439 270 397 486 230 755 426 228 305 385 546 190 349 287 611 209 706 386 461 539 207 101 392 353 75 297 398 333 209 111 664 245 715 228 88 184 611 649 242 402 450 248 509 
