200
-1 188 228 725 616 63 119 257 511 110 93 564 597 416 234 435 125 381 464 294 211 494 318 606 43 806 306 292 226 553 503 820 371 548 445 306 126 416 115 572 398 291 152 286 435 354 352 465 395 344 211 369 749 242 388 194 187 692 463 135 326 736 483 625 196 170 63 251 162 363 128 177 496 282 581 503 589 563 548 538 95 343 701 428 267 467 850 646 288 239 284 170 456 416 54 309 609 467 141 140 514 709 668 152 547 78 251 316 98 220 146 626 321 154 601 567 503 652 631 543 588 358 429 204 882 181 556 410 394 200 690 413 543 354 591 605 551 220 497 657 368 295 417 715 464 548 586 315 498 349 231 233 475 323 423 281 642 401 440 576 657 525 701 262 467 243 541 569 602 603 204 306 490 511 381 115 199 327 636 383 218 50 172 213 242 529 361 511 446 274 413 478 99 178 453 304 595 615 560 610 
188 -1 245 544 449 178 257 125 477 264 209 513 508 287 343 365 312 294 281 355 341 350 268 490 172 618 120 297 101 406 343 634 359 476 401 342 145 262 203 392 227 466 203 221 294 253 164 462 284 278 397 188 562 178 219 57 301 573 298 303 252 550 431 495 372 329 219 301 319 307 293 183 447 164 413 317 533 376 366 412 98 370 622 240 178 389 662 561 425 330 245 61 280 406 235 182 424 280 232 48 393 525 486 118 390 156 436 144 257 116 154 483 169 335 415 389 402 466 467 441 444 181 244 187 695 112 379 365 328 233 513 388 458 331 499 523 381 311 310 471 363 354 430 528 313 363 398 145 315 391 55 366 444 510 299 126 466 319 368 416 477 388 513 237 303 284 425 409 532 433 384 206 428 365 244 90 387 208 461 202 371 138 147 179 430 359 207 431 413 87 226 324 284 320 274 330 496 463 445 429 
228 245 -1 634 674 281 157 369 283 179 141 746 752 532 145 223 274 534 405 517 438 592 494 415 185 776 336 64 174 403 381 747 570 715 221 522 119 302 115 488 320 483 362 109 296 187 360 239 226 144 325 408 696 404 453 296 132 818 359 216 487 665 260 447 271 210 291 62 382 537 348 64 678 171 637 456 364 558 569 363 241 128 864 423 414 258 796 804 510 466 80 183 376 618 220 427 613 471 364 236 336 714 584 315 415 154 422 266 323 352 334 464 412 352 543 599 307 649 504 345 684 305 448 389 818 134 464 592 185 29 589 185 333 127 383 390 443 106 498 590 140 112 196 703 553 488 563 382 520 146 237 190 248 479 264 220 677 202 606 446 679 631 654 56 535 458 670 641 771 490 393 158 271 365 248 178 358 191 532 333 437 213 98 74 394 583 260 672 636 287 379 348 297 178 490 86 741 467 372 526 
725 544 634 -1 435 723 752 558 604 767 708 825 739 558 779 500 841 645 262 854 878 522 690 374 697 233 445 627 507 268 255 123 786 758 560 825 629 332 688 153 329 1010 731 525 342 452 396 666 421 513 919 420 131 641 453 567 759 691 275 811 652 69 549 322 879 823 763 689 863 699 837 616 786 471 423 235 569 268 331 342 643 684 834 333 614 479 193 778 961 851 560 555 270 820 763 559 283 322 767 593 362 302 57 644 233 668 977 409 801 592 681 264 512 877 145 355 420 265 159 417 540 366 362 685 197 561 171 745 507 649 50 598 467 590 454 490 191 740 304 92 628 723 685 251 497 186 220 480 342 716 494 822 600 1049 382 448 376 475 703 205 339 550 140 580 446 784 628 468 797 149 927 475 525 288 385 610 923 442 103 342 913 676 591 575 966 411 379 717 791 459 320 289 824 799 383 666 707 225 374 115 
616 449 674 435 -1 576 706 360 815 710 658 423 319 231 790 685 739 319 345 581 666 151 396 681 614 312 339 708 500 546 472 429 462 354 743 539 593 469 653 381 410 831 530 602 514 575 315 837 575 635 826 266 340 406 230 423 750 256 439 746 358 383 756 649 812 775 617 736 685 379 675 621 404 521 36 305 828 187 131 609 522 784 401 266 373 687 400 350 733 611 640 503 390 477 670 316 153 222 571 485 611 170 398 472 500 605 829 420 644 400 495 599 295 729 317 95 657 173 505 680 113 393 231 461 446 544 401 399 664 671 449 755 723 714 739 776 442 756 206 348 754 786 825 216 162 323 228 305 166 811 439 815 792 903 555 460 65 638 341 499 106 152 303 644 149 530 219 59 380 458 773 557 740 529 511 539 798 531 441 371 716 572 584 600 838 91 465 323 431 387 325 490 695 769 185 748 284 556 653 385 
63 178 281 723 576 -1 183 216 562 173 155 500 537 366 297 477 166 324 460 235 173 447 256 637 99 785 288 346 243 572 515 811 308 486 493 244 168 430 174 571 403 287 88 325 455 386 336 521 425 385 251 342 736 186 352 165 250 635 472 192 268 728 530 651 248 229 42 311 141 301 114 225 433 306 542 494 636 540 519 565 81 402 639 410 214 507 836 585 255 185 329 183 458 353 111 262 583 445 82 130 542 680 665 104 561 127 263 319 78 176 88 647 281 160 592 535 538 627 642 578 540 359 405 143 870 209 558 347 436 255 691 464 583 404 629 646 558 284 475 649 422 357 474 691 419 541 568 283 470 409 230 296 526 338 449 291 606 439 379 588 625 475 686 309 428 181 486 526 540 610 209 337 535 530 401 135 222 352 639 381 194 71 211 254 264 492 374 451 383 264 404 493 118 240 423 362 536 632 591 608 
119 257 157 752 706 183 -1 356 431 22 48 683 713 522 115 381 117 496 501 405 303 596 436 570 97 863 376 214 247 544 509 857 491 666 376 422 125 424 63 600 424 327 271 252 430 330 415 373 371 299 173 445 795 356 475 285 68 803 478 61 442 773 415 599 127 73 171 154 240 481 207 140 615 282 669 547 517 627 623 513 192 246 819 489 378 416 896 763 366 345 234 213 483 535 81 412 678 533 257 221 487 780 697 262 549 101 264 349 191 324 263 611 415 200 642 646 463 719 637 501 690 393 500 322 924 192 580 529 343 129 711 335 491 281 540 548 566 108 562 694 284 188 320 779 562 587 643 400 572 244 282 116 396 323 406 306 723 357 557 579 734 629 749 208 558 361 651 663 721 617 237 290 427 504 377 167 200 319 655 421 291 142 160 183 237 616 373 628 566 334 460 479 149 64 532 212 710 609 526 638 
257 125 369 558 360 216 356 -1 598 357 311 391 383 167 455 481 379 170 306 296 332 239 158 581 260 583 121 422 221 479 404 628 257 351 521 270 261 337 313 416 285 485 184 343 378 363 165 587 389 398 465 141 546 84 138 74 410 452 357 389 133 548 549 578 454 421 257 424 335 190 320 306 326 277 326 323 648 338 308 501 165 496 496 226 65 501 642 435 411 295 370 186 323 302 311 58 375 248 224 139 486 469 501 112 452 258 474 218 286 40 140 555 65 372 416 321 505 419 515 542 334 237 206 127 680 238 412 249 445 356 537 511 565 455 602 629 427 427 276 473 488 476 556 484 207 372 373 79 262 516 157 471 566 549 395 224 391 432 245 472 411 273 495 362 212 226 302 311 407 474 418 321 544 440 337 200 438 315 492 245 375 216 271 304 479 276 291 306 299 138 244 396 334 420 213 455 371 527 538 449 
511 477 283 604 815 562 431 598 -1 453 424 989 973 740 361 129 547 767 477 795 722 778 745 252 467 808 517 220 376 336 375 728 832 947 76 796 393 347 398 501 404 756 637 256 306 245 516 85 239 199 579 577 709 654 633 534 381 1012 388 482 729 659 59 305 519 464 574 279 665 784 631 337 923 322 780 527 93 651 688 262 510 196 1087 548 655 132 795 1025 793 747 237 422 433 880 502 649 707 592 644 489 242 796 573 576 376 436 689 409 607 593 602 353 619 631 577 723 184 730 445 190 859 424 588 652 801 373 473 842 155 312 553 98 143 157 177 158 433 338 611 602 147 263 137 767 737 534 635 579 648 215 441 408 35 736 262 382 796 177 843 400 783 819 682 254 703 732 875 800 1004 460 668 278 80 324 303 442 625 293 505 444 719 491 356 312 656 731 351 902 890 474 489 344 578 428 638 221 955 383 234 528 
110 264 179 767 710 173 22 357 453 -1 59 674 708 521 129 402 95 491 515 390 284 596 428 591 96 874 383 236 261 563 527 871 480 659 398 408 139 441 80 615 438 305 261 272 449 350 424 394 391 320 154 452 808 351 479 287 85 800 494 43 436 787 437 619 112 65 157 175 220 473 187 159 606 299 674 560 539 636 630 534 192 267 812 498 374 437 909 757 346 329 255 223 498 524 65 412 686 541 243 224 507 788 713 259 567 107 242 363 174 323 257 631 417 178 655 653 484 728 655 522 691 407 507 314 937 206 595 520 364 151 727 357 513 303 562 570 583 127 571 708 306 208 340 788 563 601 654 404 579 264 292 122 418 302 426 320 729 379 550 597 741 629 761 230 561 348 649 666 713 633 215 309 449 523 395 174 178 337 671 434 270 141 177 202 216 620 389 622 556 343 471 497 128 67 538 233 705 628 547 654 
93 209 141 708 658 155 48 311 424 59 -1 649 674 477 148 360 142 456 455 387 298 550 399 543 58 815 327 204 201 508 469 811 461 629 363 399 79 383 27 555 379 346 243 221 392 297 366 374 338 273 212 397 748 317 427 239 101 760 436 103 402 727 401 568 172 121 154 157 240 444 206 106 581 241 621 500 506 578 574 482 149 250 781 440 336 394 850 725 369 331 209 165 438 507 79 368 629 484 235 174 456 731 653 222 510 53 290 303 183 280 228 577 369 212 596 598 437 670 597 476 644 347 451 287 878 146 536 495 320 112 668 326 470 269 519 530 524 129 514 649 279 201 324 730 515 541 595 352 523 255 234 160 389 354 372 260 675 332 519 540 685 584 702 185 510 336 609 615 684 575 255 254 411 467 338 119 228 280 612 375 295 102 119 149 268 568 330 590 534 285 412 440 156 111 483 212 669 572 498 594 
564 513 746 825 423 500 683 391 989 674 649 -1 119 280 797 872 645 223 634 332 466 303 252 956 591 736 489 804 612 838 758 845 199 69 913 293 628 709 662 722 648 621 413 734 754 754 512 974 776 790 715 455 754 341 401 456 749 253 712 689 261 787 941 943 733 727 522 792 522 208 534 681 68 669 418 623 1039 557 495 875 507 874 157 531 335 891 823 131 490 395 758 571 667 165 611 343 553 517 437 510 864 594 776 432 801 606 658 599 521 397 421 909 381 585 685 476 890 586 843 925 312 606 488 362 869 622 730 154 837 727 824 901 952 844 986 1016 759 778 527 732 875 843 939 638 329 664 605 425 485 889 548 796 957 716 778 614 488 823 147 814 529 279 711 748 380 337 205 372 67 796 609 713 935 805 721 567 659 705 797 602 518 548 650 688 685 416 671 108 119 523 580 759 585 741 451 832 151 873 915 743 
597 508 752 739 319 537 713 383 973 708 674 119 -1 234 823 849 695 219 575 411 538 224 280 909 617 630 457 805 601 784 704 747 269 65 896 368 639 666 683 651 603 702 456 722 713 730 469 968 747 774 771 408 657 357 351 455 776 136 660 729 271 695 920 890 781 766 566 804 586 237 592 688 141 650 320 555 1013 472 408 829 526 879 114 472 340 864 719 52 576 468 752 569 612 251 648 326 459 449 487 516 822 488 694 452 744 626 729 568 573 400 450 851 353 647 604 384 855 488 775 887 206 566 427 393 765 621 663 203 817 737 744 891 919 836 948 981 696 799 453 647 871 856 939 535 259 591 520 394 408 898 533 830 943 793 742 590 384 800 158 753 425 190 617 745 308 398 113 273 62 727 676 694 912 755 687 577 722 681 722 557 592 572 654 687 752 328 636 86 196 498 527 710 636 775 383 838 34 812 872 667 
416 287 532 558 231 366 522 167 740 521 477 280 234 -1 622 615 532 93 354 350 436 84 165 679 425 513 223 582 372 558 478 596 241 221 663 309 428 434 480 444 372 603 307 492 480 496 237 739 513 542 617 176 506 183 121 241 577 286 433 551 127 528 687 664 612 585 404 589 461 153 454 470 231 418 205 344 779 295 240 599 329 657 348 250 152 630 589 285 502 379 524 349 387 267 471 109 308 240 347 306 590 379 505 265 521 425 607 334 425 197 279 629 121 509 413 234 621 349 563 654 173 332 208 236 633 399 451 189 584 521 551 660 685 607 715 747 479 594 254 465 643 641 713 410 73 387 342 160 216 678 304 637 711 679 508 357 281 566 145 533 313 109 458 520 115 298 138 173 273 516 551 461 678 526 453 367 581 447 520 326 488 380 434 464 619 173 402 175 233 266 300 481 482 586 175 616 215 592 640 467 
234 343 145 779 790 297 115 455 361 129 148 797 823 622 -1 344 204 604 546 519 411 691 547 543 206 916 452 170 301 545 527 892 606 777 321 537 198 447 142 633 463 404 386 255 441 331 485 290 369 281 219 525 839 465 562 381 47 906 504 137 551 810 359 580 159 107 285 97 345 592 314 175 728 313 754 596 453 691 696 500 297 165 930 554 484 380 940 873 467 458 222 287 520 650 194 512 745 600 372 315 473 847 729 371 559 197 332 401 303 427 376 603 509 295 686 723 436 783 648 470 786 443 572 434 962 249 610 642 313 131 735 273 450 233 498 498 588 39 629 734 220 98 233 840 655 631 700 488 645 151 353 48 329 375 408 355 801 336 668 590 807 727 796 200 645 476 755 752 833 636 321 304 377 509 394 256 270 337 678 471 392 250 210 209 297 699 404 738 680 406 515 493 252 73 610 146 817 609 503 671 
435 365 223 500 685 477 381 481 129 402 360 872 849 615 344 -1 497 649 349 703 646 650 633 199 391 691 392 175 263 234 256 623 724 827 62 699 310 219 333 383 275 706 544 152 180 119 388 168 110 92 547 450 596 544 506 423 348 884 263 439 614 549 72 240 490 430 497 248 596 670 562 258 808 203 651 400 167 524 559 169 414 200 964 419 541 35 686 901 723 661 151 316 306 772 439 529 579 463 556 385 143 670 462 474 267 357 645 282 533 481 503 273 497 573 456 594 95 604 346 126 730 295 459 548 697 273 355 728 40 251 450 98 110 111 159 170 318 310 482 486 138 258 186 644 609 410 510 455 518 231 323 393 109 702 135 259 667 49 725 294 655 691 565 175 575 636 750 671 883 352 615 159 63 212 174 347 581 168 397 314 652 406 266 223 617 601 222 781 777 351 359 223 516 396 508 200 830 291 162 413 
125 312 274 841 739 166 117 379 547 95 142 645 695 532 204 497 -1 487 582 336 213 613 414 684 144 930 431 331 334 650 608 939 447 640 493 362 216 522 168 687 512 210 239 363 534 440 476 485 481 413 86 494 871 351 512 319 169 799 572 67 431 855 532 711 87 100 130 268 145 458 119 248 580 381 704 624 634 688 673 624 220 357 792 552 380 532 972 741 262 270 349 286 570 487 77 428 734 592 208 265 599 834 785 269 650 172 148 431 123 340 253 720 444 90 721 692 578 777 737 616 706 475 554 305 1003 282 670 497 459 245 803 451 608 398 657 665 661 214 622 776 400 295 430 840 584 667 710 440 623 351 351 178 512 212 514 392 766 472 536 680 782 641 823 323 590 309 650 690 692 712 120 396 544 609 479 231 86 422 748 501 188 174 259 291 127 653 467 608 526 397 534 580 60 131 578 326 697 714 640 726 
381 294 534 645 319 324 496 170 767 491 456 223 219 93 604 649 487 -1 426 263 362 168 82 735 399 607 267 590 391 622 543 688 147 181 691 220 421 488 464 523 430 530 249 513 533 531 294 756 553 568 567 242 599 139 195 239 557 312 496 516 56 618 718 725 571 552 357 585 395 60 394 470 161 446 295 424 816 387 333 654 307 662 329 325 121 667 683 270 421 299 540 354 454 175 434 120 401 323 287 298 643 472 591 233 588 407 543 377 370 182 236 695 160 450 500 327 667 442 638 702 242 385 287 182 726 406 527 100 614 518 635 681 729 625 763 793 552 580 341 553 658 637 724 504 166 469 432 203 306 680 326 612 736 612 555 390 372 600 75 604 406 178 550 531 208 219 164 260 238 593 487 490 712 587 498 358 524 482 600 384 415 354 437 472 559 266 449 137 148 300 367 541 431 558 262 621 213 662 694 550 
464 281 405 262 345 460 501 306 477 515 455 634 575 354 546 349 582 426 -1 602 617 352 453 341 438 370 187 417 254 210 131 357 553 574 410 577 376 130 438 112 85 748 471 306 170 253 141 511 241 318 663 184 294 391 233 306 519 573 93 558 418 272 417 316 627 574 500 466 601 472 575 374 582 234 315 53 483 174 215 265 380 486 684 103 367 346 395 622 700 594 345 296 44 592 505 320 230 130 506 330 265 324 205 384 168 411 715 152 539 336 421 276 273 615 141 251 312 257 213 335 412 108 148 430 422 309 105 525 335 414 233 431 377 401 394 430 126 507 139 194 442 509 511 303 315 85 164 234 183 517 232 585 458 788 214 195 320 306 495 179 306 391 250 359 268 531 463 343 623 169 665 253 399 186 181 351 663 221 185 81 650 414 343 337 706 272 148 528 574 196 62 145 562 554 193 458 548 238 309 148 
294 355 517 854 581 235 405 296 795 390 387 332 411 350 519 703 336 263 602 -1 135 430 185 845 334 856 415 581 449 760 691 918 143 348 725 44 401 615 408 713 571 291 159 550 649 601 461 756 636 611 393 434 833 212 412 308 474 539 644 392 224 841 760 851 422 430 235 545 197 206 217 458 275 514 555 620 866 620 576 768 288 637 488 521 241 731 924 449 165 66 560 390 616 167 325 299 646 538 152 321 748 727 797 236 738 362 326 494 217 266 202 837 344 262 711 578 753 689 808 793 503 523 496 173 965 429 708 211 662 491 833 698 804 638 848 869 720 512 563 768 657 589 710 753 422 669 660 374 539 643 409 506 760 384 653 481 631 661 269 762 662 440 782 541 456 72 411 522 390 769 279 552 763 719 600 356 333 560 788 536 186 304 440 484 355 520 562 331 218 418 540 677 276 452 489 597 425 813 799 746 
211 341 438 878 666 173 303 332 722 284 298 466 538 436 411 646 213 362 617 135 -1 520 280 809 255 914 434 502 416 743 683 957 271 477 657 173 335 600 323 729 568 168 148 495 627 559 483 672 597 554 260 473 877 263 466 311 369 660 639 276 312 876 695 824 295 312 148 454 67 314 97 389 406 479 636 645 801 671 637 738 250 547 621 553 297 677 974 578 83 70 496 355 621 301 223 357 705 580 111 296 716 796 821 234 730 289 192 485 114 293 197 819 393 130 741 646 710 750 808 750 603 522 538 209 1011 381 719 334 605 410 851 623 753 565 800 816 723 411 608 799 577 491 621 814 503 693 705 410 593 547 396 390 686 254 622 461 709 609 387 757 734 538 827 474 527 144 522 609 521 774 143 509 702 701 574 308 198 525 800 541 54 241 380 423 220 593 544 454 349 421 558 663 158 339 544 510 548 802 763 765 
494 350 592 522 151 447 596 239 778 596 550 303 224 84 691 650 613 168 352 430 520 -1 246 691 500 448 264 637 424 563 483 544 311 235 702 388 495 453 550 426 389 687 390 540 499 532 262 785 543 584 698 200 454 266 145 311 648 233 440 628 209 484 723 669 691 661 486 651 545 227 537 532 269 461 129 331 808 254 191 612 404 713 331 251 234 660 530 270 585 462 574 410 392 330 549 185 252 225 431 376 607 309 474 344 521 497 691 368 508 274 361 628 182 593 383 174 644 289 550 674 94 357 205 320 574 458 438 251 622 583 523 705 710 655 735 769 472 661 229 429 693 703 764 346 41 367 301 209 184 736 357 710 751 763 533 399 206 601 196 529 242 40 409 573 84 381 111 92 277 503 634 503 711 535 480 435 664 484 499 344 572 455 496 521 702 113 430 196 287 311 308 491 563 660 159 673 195 588 655 444 
318 268 494 690 396 256 436 158 745 428 399 252 280 165 547 633 414 82 453 185 280 246 -1 740 341 673 276 553 369 636 560 744 99 230 669 145 376 496 411 559 442 448 175 489 537 518 314 725 546 547 493 272 656 91 238 210 500 388 512 449 40 670 700 736 500 486 285 540 315 44 316 429 184 430 370 461 801 443 395 660 255 622 383 360 94 655 745 329 339 217 511 323 476 143 368 133 464 368 209 259 645 542 635 180 607 355 462 377 295 152 172 712 180 372 545 394 662 507 666 700 324 395 328 113 787 373 559 98 596 475 675 654 722 596 760 786 578 527 390 601 625 591 688 570 237 508 485 220 361 637 311 551 712 531 553 381 446 586 122 626 477 259 607 499 273 137 244 337 285 623 407 473 696 598 496 315 447 471 635 400 333 297 399 439 480 335 450 194 144 297 392 553 357 496 313 580 282 682 697 588 
606 490 415 374 681 637 570 581 252 591 543 956 909 679 543 199 684 735 341 845 809 691 740 -1 564 597 468 373 397 135 210 495 838 901 238 832 480 246 516 312 307 889 689 322 203 251 443 330 212 271 740 502 494 658 559 542 544 914 250 631 713 436 210 54 686 625 664 446 767 770 734 437 897 332 653 376 198 497 550 80 563 397 1021 439 646 164 567 958 891 813 336 458 299 883 619 617 546 471 710 524 96 617 355 608 182 529 833 363 703 594 642 110 575 753 389 585 107 557 216 73 753 350 485 677 567 428 286 827 231 442 324 287 109 311 81 117 243 508 478 395 335 457 368 578 652 362 467 531 523 427 437 592 261 893 191 364 645 212 810 191 622 730 477 361 607 774 800 684 953 247 798 300 186 155 246 502 770 285 286 353 823 568 434 396 808 613 290 854 878 442 382 199 695 592 532 400 884 149 46 326 
43 172 185 697 614 99 97 260 467 96 58 591 617 425 206 391 144 399 438 334 255 500 341 564 -1 789 292 249 192 515 468 795 403 571 402 343 83 382 75 543 368 329 186 243 398 313 335 423 354 301 227 359 728 260 384 191 158 706 431 132 346 711 439 585 200 161 107 211 205 386 171 133 523 244 578 480 545 548 538 498 96 303 724 411 281 424 829 668 331 281 241 142 427 449 66 316 596 452 181 129 473 697 641 166 512 35 282 287 142 227 170 588 321 191 577 559 460 638 597 500 594 331 416 228 859 143 526 437 351 157 660 369 500 310 548 561 519 187 482 632 325 258 375 700 467 523 568 309 487 310 208 213 432 353 383 249 635 358 462 541 648 533 680 218 465 280 554 569 627 571 239 266 447 473 343 87 226 288 605 357 261 45 130 170 269 525 326 533 476 255 390 442 133 160 444 263 613 578 518 582 
806 618 776 233 312 785 863 583 808 874 815 736 630 513 916 691 930 607 370 856 914 448 673 597 789 -1 499 786 618 475 434 150 754 666 753 818 737 487 801 307 456 1067 767 675 514 616 454 859 595 681 1015 444 103 654 448 620 887 546 433 916 633 164 750 548 986 936 828 837 917 667 897 742 714 605 321 319 786 245 279 552 713 852 703 378 621 677 92 657 991 871 714 650 402 777 853 560 210 340 807 665 567 142 241 689 432 767 1049 516 862 623 722 489 521 946 237 279 625 166 380 630 425 473 380 706 138 673 336 698 688 785 277 784 679 763 674 712 374 877 310 206 804 879 869 103 441 289 220 506 321 884 582 953 798 1123 560 562 247 657 644 412 208 460 126 729 400 794 531 365 692 352 995 623 728 484 543 702 1004 590 310 445 958 756 710 707 1047 340 517 635 736 533 403 467 900 919 370 827 595 447 589 279 
306 120 336 445 339 288 376 121 517 383 327 489 457 223 452 392 431 267 187 415 434 264 276 468 292 499 -1 375 163 360 284 524 376 438 441 391 256 222 319 298 165 574 286 276 265 273 49 521 290 321 517 72 448 205 119 124 414 497 236 423 245 442 464 461 492 448 330 397 424 302 402 281 429 198 302 210 556 256 246 387 213 451 572 122 185 406 548 509 516 407 311 165 202 419 355 149 304 160 323 166 375 405 387 200 331 275 550 111 366 149 236 435 108 448 307 271 401 346 394 435 352 119 124 242 582 205 292 359 361 332 420 441 464 391 497 527 306 418 190 365 430 448 500 408 223 259 280 64 195 477 100 480 489 624 288 136 349 343 342 351 358 304 398 311 199 344 358 305 493 353 497 240 455 322 232 208 504 224 373 123 471 257 244 262 547 247 182 392 409 49 125 277 400 437 157 413 438 406 427 333 
292 297 64 627 708 346 214 422 220 236 204 804 805 582 170 175 331 590 417 581 502 637 553 373 249 786 375 -1 212 380 372 744 632 771 162 586 182 301 178 488 331 541 427 111 285 174 393 175 207 115 373 446 700 463 494 351 173 866 357 269 544 664 201 410 316 256 355 72 445 596 411 125 737 189 672 469 304 579 597 331 304 76 919 449 470 211 798 858 573 530 71 236 383 680 282 479 635 497 429 294 304 735 580 376 399 219 476 291 387 408 397 435 460 412 549 628 266 669 487 301 727 325 478 451 817 184 462 652 143 92 580 122 283 68 332 336 435 135 523 592 76 95 134 719 597 496 579 427 549 103 279 218 184 529 246 248 706 167 662 430 704 676 661 64 575 522 720 680 828 480 451 163 214 346 244 238 412 195 523 352 499 277 154 118 446 618 268 728 697 326 400 337 358 221 523 41 793 444 333 524 
226 101 174 507 500 243 247 221 376 261 201 612 601 372 301 263 334 391 254 449 416 424 369 397 192 618 163 212 -1 328 276 609 460 572 300 440 122 190 184 354 177 518 292 122 211 153 186 367 187 177 412 235 548 280 282 159 268 654 238 305 352 525 330 408 374 320 276 236 381 407 350 125 547 65 463 300 431 390 397 323 167 289 715 252 278 287 649 653 499 416 151 61 237 508 258 274 444 299 313 127 301 546 451 214 321 162 475 102 316 217 246 403 250 381 395 425 304 482 405 344 514 146 274 287 676 55 335 466 226 173 468 290 358 235 400 422 327 263 328 447 271 286 341 539 384 340 400 215 346 313 67 335 345 545 207 58 504 217 466 350 507 463 502 149 363 379 510 468 628 378 430 105 327 286 157 111 418 111 413 174 436 180 91 100 461 409 134 527 514 114 215 251 324 301 315 250 586 389 351 393 
553 406 403 268 546 572 544 479 336 563 508 838 784 558 545 234 650 622 210 760 743 563 636 135 515 475 360 380 328 -1 80 391 736 780 293 742 435 144 484 179 194 844 610 295 117 215 327 398 176 265 717 382 375 560 437 452 535 782 126 606 605 322 281 106 668 609 605 449 710 662 679 404 782 271 519 242 310 362 416 76 493 427 894 312 544 212 458 832 827 737 323 389 171 779 578 508 411 340 637 448 94 484 237 524 47 482 796 266 645 498 561 77 463 707 257 451 152 423 111 154 621 241 357 587 465 372 152 717 247 424 217 333 203 333 202 240 109 507 345 270 368 475 420 447 525 227 332 420 391 459 351 592 332 863 138 282 510 217 694 64 487 601 352 346 478 688 673 551 830 124 755 254 257 42 172 440 736 228 168 237 765 509 390 361 777 480 199 734 768 343 258 83 649 579 403 416 758 64 115 197 
503 343 381 255 472 515 509 404 375 527 469 758 704 478 527 256 608 543 131 691 683 483 560 210 468 434 284 372 276 80 -1 374 660 700 318 671 392 86 447 127 120 794 545 272 86 197 249 424 167 258 681 303 339 487 357 383 509 704 47 570 528 296 316 186 636 578 550 435 655 584 625 370 703 228 443 167 366 291 341 137 434 430 814 232 469 243 432 752 767 672 306 333 91 703 533 430 343 261 575 387 142 424 210 458 47 436 751 199 590 426 496 152 385 657 202 376 196 360 128 211 543 168 277 517 447 326 98 640 256 399 208 351 258 336 268 305 64 487 268 230 376 468 437 392 445 161 266 342 313 462 287 571 363 820 129 223 440 224 615 73 420 521 308 326 399 619 593 474 750 109 707 223 295 57 133 387 693 192 151 160 709 456 350 328 735 402 142 654 690 272 178 34 601 551 323 411 678 122 181 157 
820 634 747 123 429 811 857 628 728 871 811 845 747 596 892 623 939 688 357 918 957 544 744 495 795 150 524 744 609 391 374 -1 834 775 683 885 732 445 793 259 433 1098 808 640 460 570 475 789 541 632 1020 486 90 707 507 649 869 677 388 915 704 84 673 442 984 929 852 804 949 746 925 725 814 581 428 317 691 301 356 465 732 804 830 404 677 603 77 779 1038 923 676 653 374 863 861 619 292 380 846 683 486 268 164 724 356 769 1070 508 889 665 760 385 574 969 218 370 544 258 283 540 541 464 422 755 73 665 283 785 628 761 174 720 590 710 576 612 309 853 355 163 749 840 808 216 528 272 258 548 383 836 588 934 724 1143 502 551 364 597 737 329 323 565 137 695 480 851 641 474 808 271 1018 589 649 411 501 707 1019 555 225 438 996 770 697 685 1062 431 489 739 827 547 407 408 917 907 430 784 713 347 497 221 
371 359 570 786 462 308 491 257 832 480 461 199 269 241 606 724 447 147 553 143 271 311 99 838 403 754 376 632 460 736 660 834 -1 206 757 99 451 595 476 657 542 433 219 577 636 611 414 806 641 636 516 371 745 181 332 302 558 396 612 492 135 763 789 835 535 531 325 610 323 87 334 507 136 523 440 558 892 532 480 758 328 697 350 458 192 748 830 307 308 200 596 410 576 47 415 232 548 463 239 342 743 619 731 256 707 422 463 475 323 245 236 812 279 387 640 475 758 590 765 796 373 494 424 181 873 458 658 69 686 548 772 739 816 679 855 881 677 590 483 695 706 660 766 651 313 606 577 319 451 709 405 602 798 524 650 477 518 678 130 726 552 313 696 581 355 138 274 402 251 722 412 565 787 698 593 394 461 565 734 500 324 362 480 521 488 414 548 188 80 396 492 653 386 547 405 656 282 782 795 686 
548 476 715 758 354 486 666 351 947 659 629 69 65 221 777 827 640 181 574 348 477 235 230 901 571 666 438 771 572 780 700 775 206 -1 871 306 600 655 639 658 593 639 402 694 701 708 457 938 728 748 715 398 685 313 343 420 730 201 654 678 228 718 897 886 728 716 513 764 527 185 534 650 76 625 348 560 993 489 426 820 483 843 152 470 301 844 753 102 512 406 721 536 609 186 598 298 484 454 432 478 811 524 710 407 742 583 668 550 518 363 402 850 331 588 618 407 840 517 780 873 242 553 426 344 799 587 668 144 793 698 758 862 903 806 935 966 698 756 462 665 839 816 906 568 264 600 537 374 419 860 506 782 917 731 727 568 419 778 110 753 459 210 642 713 315 339 135 302 56 733 617 669 891 748 671 538 663 659 732 547 530 527 618 654 693 347 620 46 131 476 522 703 581 727 387 801 89 813 861 678 
445 401 221 560 743 493 376 521 76 398 363 913 896 663 321 62 493 691 410 725 657 702 669 238 402 753 441 162 300 293 318 683 757 871 -1 724 324 280 336 445 334 703 566 180 242 170 441 106 169 123 533 502 657 579 557 459 333 936 325 431 653 610 39 285 475 416 509 230 603 708 569 269 847 246 709 461 143 585 619 223 438 163 1011 476 579 81 747 948 731 679 164 347 367 805 442 573 641 521 575 415 199 732 523 502 327 369 638 334 543 517 529 324 543 573 519 653 144 666 404 166 784 351 515 578 757 299 417 766 80 250 509 50 132 94 179 177 380 292 541 548 102 227 131 706 661 472 571 503 577 190 365 369 49 690 196 305 727 105 766 354 716 743 627 184 629 661 799 727 927 412 613 202 56 272 232 370 574 218 458 371 658 422 284 241 607 658 278 825 814 397 417 286 518 381 564 175 878 347 207 475 
306 342 522 825 539 244 422 270 796 408 399 293 368 309 537 699 362 220 577 44 173 388 145 832 343 818 391 586 440 742 671 885 99 306 724 -1 404 598 418 686 551 333 159 547 634 593 435 762 626 607 425 404 798 185 377 291 491 495 624 414 185 809 759 836 450 453 251 555 230 162 245 461 234 505 515 591 864 585 539 754 286 645 448 492 211 725 889 407 209 102 559 383 593 128 343 266 609 506 165 313 736 688 768 226 719 368 365 476 240 244 195 819 312 294 680 540 744 652 785 783 460 503 464 155 930 426 683 167 659 498 806 700 798 640 840 862 697 527 530 737 662 601 717 715 382 640 626 345 504 653 395 527 761 425 641 468 591 655 225 741 622 397 748 542 418 64 367 480 349 745 315 544 760 702 586 354 367 550 762 513 226 309 440 484 392 481 546 287 177 399 515 659 302 473 455 605 382 794 787 718 
126 145 119 629 593 168 125 261 393 139 79 628 639 428 198 310 216 421 376 401 335 495 376 480 83 737 256 182 122 435 392 732 451 600 324 404 -1 305 63 476 299 411 245 160 318 230 292 357 271 218 290 328 669 287 364 187 157 714 357 182 371 648 361 501 251 199 187 164 288 419 254 57 560 164 556 421 467 503 502 415 122 247 750 365 299 342 771 691 413 354 160 91 359 498 142 319 555 410 250 123 390 657 574 196 434 48 361 224 224 238 214 506 312 273 517 528 377 595 521 417 588 268 379 270 798 67 457 474 269 98 589 296 418 236 465 480 446 166 439 569 257 216 315 654 458 462 518 290 451 261 159 223 358 428 301 181 606 274 490 464 613 531 623 140 447 340 564 554 656 497 320 183 367 393 263 62 301 207 533 295 344 97 46 87 343 502 252 558 517 211 334 364 215 182 414 205 630 498 435 515 
416 262 302 332 469 430 424 337 347 441 383 709 666 434 447 219 522 488 130 615 600 453 496 246 382 487 222 301 190 144 86 445 595 655 280 598 305 -1 361 187 63 708 465 194 46 128 197 381 111 193 595 258 400 417 315 307 427 682 57 485 467 364 288 240 551 494 465 358 570 524 540 286 650 142 436 181 360 304 341 166 350 365 779 207 402 218 497 716 684 592 231 248 88 639 446 371 360 248 493 304 156 453 281 379 130 350 665 121 505 354 416 221 328 571 250 377 192 386 215 221 524 103 250 442 517 239 162 581 206 317 288 302 257 276 282 316 142 408 264 291 317 396 383 429 412 198 292 285 303 397 206 490 328 734 85 139 448 176 563 159 436 493 361 249 372 543 559 460 708 192 620 143 271 104 56 301 606 110 231 109 624 370 264 244 649 389 56 608 631 200 146 62 514 468 300 341 643 201 206 224 
115 203 115 688 653 174 63 313 398 80 27 662 683 480 142 333 168 464 438 408 323 550 411 516 75 801 319 178 184 484 447 793 476 639 336 418 63 361 -1 536 360 373 260 195 369 272 355 350 313 246 234 390 732 325 423 239 98 764 414 123 411 709 375 542 190 136 178 136 267 455 232 80 594 219 616 484 480 567 565 456 156 228 791 428 343 367 833 734 395 354 182 154 419 523 106 370 619 473 256 173 430 721 634 231 487 56 316 286 208 285 241 552 368 239 579 590 410 659 575 449 644 330 442 299 860 128 516 507 293 86 648 300 443 243 492 503 503 116 503 631 254 183 301 718 514 524 581 348 514 235 222 162 363 380 347 242 668 305 529 517 676 585 686 158 507 355 613 613 695 553 282 229 384 443 315 115 254 257 591 358 321 114 97 123 294 562 309 599 548 275 397 417 183 119 476 189 676 548 472 575 
572 392 488 153 381 571 600 416 501 615 555 722 651 444 633 383 687 523 112 713 729 426 559 312 543 307 298 488 354 179 127 259 657 658 445 686 476 187 536 -1 176 858 583 381 208 314 251 551 289 378 766 286 214 501 328 418 610 629 130 659 522 176 443 272 727 672 610 546 712 574 685 466 675 322 358 99 487 194 254 252 490 550 755 198 476 370 310 695 812 706 419 402 117 695 610 425 237 204 618 440 264 305 97 496 132 515 823 256 649 447 533 219 378 724 77 287 320 245 125 330 469 213 237 541 329 409 28 624 381 502 121 477 379 459 381 419 70 593 197 104 499 583 562 269 394 59 157 341 243 583 341 675 491 895 253 295 338 350 589 121 311 461 181 437 344 642 537 396 703 77 774 330 421 178 243 457 769 296 76 189 762 522 439 426 812 328 229 614 672 308 173 160 671 649 271 529 621 175 294 38 
398 227 320 329 410 403 424 285 404 438 379 648 603 372 463 275 512 430 85 571 568 389 442 307 368 456 165 331 177 194 120 433 542 593 334 551 299 63 360 176 -1 688 428 220 109 170 136 432 165 235 590 195 376 367 252 264 437 620 72 482 411 349 346 295 551 496 441 381 544 468 516 292 591 150 376 138 422 253 284 226 322 401 716 145 350 278 477 654 652 554 259 227 59 585 434 314 310 188 459 273 218 407 274 340 167 339 649 83 480 306 377 270 270 552 223 319 254 340 240 284 461 48 188 397 501 232 158 524 256 331 292 351 320 317 345 379 155 423 207 272 359 423 428 388 349 168 248 226 243 432 172 502 383 721 146 119 393 229 503 190 383 430 334 273 309 499 496 398 646 206 602 168 330 157 101 282 594 136 237 46 597 350 264 254 637 328 62 547 574 152 85 111 497 474 237 373 580 242 268 215 
291 466 483 1010 831 287 327 485 756 305 346 621 702 603 404 706 210 530 748 291 168 687 448 889 329 1067 574 541 518 844 794 1098 433 639 703 333 411 708 373 858 688 -1 303 567 727 641 623 692 682 620 192 623 1022 425 623 450 376 827 754 274 479 1015 742 913 250 296 247 477 150 482 173 452 566 573 800 782 844 822 794 826 367 564 778 696 459 740 1121 740 133 235 556 461 744 457 270 518 861 728 261 417 801 954 953 377 839 363 75 604 209 445 345 917 549 137 880 805 784 905 923 823 771 645 687 370 1156 472 844 499 667 455 978 661 817 608 865 874 842 420 757 937 609 499 636 970 669 829 853 561 748 555 516 367 722 97 712 572 871 679 554 868 895 706 972 531 689 312 691 775 681 894 91 594 754 802 672 407 133 617 925 668 115 338 457 493 116 755 652 620 509 552 692 770 195 332 699 535 714 907 844 896 
152 203 362 731 530 88 271 184 637 261 243 413 456 307 386 544 239 249 471 159 148 390 175 689 186 767 286 427 292 610 545 808 219 402 566 159 245 465 260 583 428 303 -1 391 497 443 335 602 479 452 318 324 728 124 320 165 339 561 500 276 194 727 602 698 325 314 110 396 155 219 147 302 346 357 498 497 707 522 491 613 129 486 555 404 157 572 825 503 230 126 401 232 477 264 197 215 559 431 41 165 593 651 673 87 593 209 300 346 120 144 50 687 246 202 593 502 595 603 668 635 480 380 389 70 862 270 574 261 503 338 705 541 646 481 690 710 581 372 459 651 502 444 558 668 368 545 556 262 446 495 259 383 602 373 498 329 568 502 297 618 591 414 678 383 386 95 414 476 455 631 244 394 604 569 446 197 275 403 656 397 191 149 282 325 312 452 411 369 295 277 411 528 182 328 397 445 458 666 643 619 
286 221 109 525 602 325 252 343 256 272 221 734 722 492 255 152 363 513 306 550 495 540 489 322 243 675 276 111 122 295 272 640 577 694 180 547 160 194 195 381 220 567 391 -1 186 79 287 246 119 61 424 344 592 398 395 278 240 772 251 313 473 558 212 347 374 314 347 164 448 528 414 115 668 81 566 358 317 468 488 262 261 184 837 340 399 182 691 775 574 508 39 166 273 624 297 396 524 388 404 235 235 624 476 323 305 208 511 182 384 337 351 360 370 430 440 520 217 557 394 257 627 214 371 398 711 121 357 586 112 129 480 168 258 115 305 321 334 215 413 484 153 203 225 608 499 386 468 333 440 213 188 299 223 574 156 142 597 114 588 336 594 580 552 55 473 484 630 576 750 381 476 52 213 256 139 194 449 85 423 241 504 254 114 73 488 512 158 649 634 228 289 239 373 284 417 153 707 359 277 418 
435 294 296 342 514 455 430 378 306 449 392 754 713 480 441 180 534 533 170 649 627 499 537 203 398 514 265 285 211 117 86 460 636 701 242 634 318 46 369 208 109 727 497 186 -1 110 243 347 81 171 603 304 422 456 361 342 426 729 83 492 509 381 247 202 556 497 487 348 593 566 561 290 694 153 481 220 314 345 385 122 377 343 826 253 443 175 517 763 710 623 219 272 126 680 460 414 400 293 522 333 110 490 296 412 119 364 679 160 527 393 448 192 373 589 278 420 145 424 208 174 571 148 297 478 533 255 180 624 173 315 295 269 211 251 235 269 150 402 308 312 291 381 354 463 459 230 329 329 348 376 239 486 290 746 46 167 491 142 608 150 476 540 388 241 418 577 606 506 754 195 637 141 228 75 54 322 619 111 238 155 648 391 274 247 661 435 88 654 674 239 193 52 532 469 346 324 689 180 161 242 
354 253 187 452 575 386 330 363 245 350 297 754 730 496 331 119 440 531 253 601 559 532 518 251 313 616 273 174 153 215 197 570 611 708 170 593 230 128 272 314 170 641 443 79 110 -1 270 262 41 65 503 332 528 430 387 309 319 766 183 392 497 490 190 271 453 393 412 238 516 554 483 191 690 88 540 306 285 424 453 185 315 236 845 308 425 137 624 782 639 565 109 211 214 658 371 411 481 354 461 279 160 577 405 367 227 278 588 164 451 366 399 281 377 503 378 487 152 510 316 192 614 181 345 439 642 177 288 612 90 208 405 181 205 148 247 270 261 292 376 418 189 270 258 556 491 327 417 336 409 269 207 377 219 652 77 140 562 69 607 258 554 573 490 131 458 532 631 557 764 306 550 49 182 177 72 251 526 49 349 203 572 317 183 148 566 489 110 662 661 232 251 163 446 364 394 214 711 280 205 349 
352 164 360 396 315 336 415 165 516 424 366 512 469 237 485 388 476 294 141 461 483 262 314 443 335 454 49 393 186 327 249 475 414 457 441 435 292 197 355 251 136 623 335 287 243 270 -1 528 281 325 561 62 400 249 119 173 448 496 201 465 280 393 460 431 534 488 378 422 473 336 450 310 455 206 279 162 546 212 211 362 260 468 583 75 226 398 500 520 565 455 325 201 161 455 399 182 263 117 372 212 353 365 338 249 294 316 598 107 414 196 285 401 136 495 258 239 385 304 352 417 343 96 87 289 533 235 247 391 361 359 372 446 450 401 478 511 264 448 147 316 441 472 512 365 221 210 234 94 160 495 133 515 490 672 272 145 317 339 368 312 322 303 350 329 188 390 364 289 510 310 545 245 448 292 218 249 551 223 327 90 520 302 274 286 594 225 168 411 441 81 79 247 447 474 130 433 447 369 404 285 
465 462 239 666 837 521 373 587 85 394 374 974 968 739 290 168 485 756 511 756 672 785 725 330 423 859 521 175 367 398 424 789 806 938 106 762 357 381 350 551 432 692 602 246 347 262 528 -1 270 202 509 587 764 634 640 518 316 1018 430 418 713 717 121 381 449 396 528 219 612 766 578 300 907 323 802 563 176 685 715 327 478 127 1082 570 639 186 853 1021 739 704 216 403 469 854 449 641 741 617 603 466 304 835 630 550 434 394 622 420 557 577 572 425 617 572 624 749 248 768 509 262 871 443 607 625 863 352 523 823 175 265 615 81 220 131 259 243 486 271 638 654 100 192 57 810 744 577 674 580 671 139 435 334 69 665 301 385 824 205 830 460 815 826 733 226 716 698 877 817 994 519 606 283 146 379 331 412 559 305 564 466 664 453 326 286 587 750 373 893 869 474 513 392 522 360 655 162 953 450 306 581 
395 284 226 421 575 425 371 389 239 391 338 776 747 513 369 110 481 553 241 636 597 543 546 212 354 595 290 207 187 176 167 541 641 728 169 626 271 111 313 289 165 682 479 119 81 41 281 270 -1 91 544 343 503 459 400 339 358 776 162 433 522 462 181 230 494 434 452 273 556 579 523 233 714 121 541 293 266 416 449 144 352 262 861 309 452 117 598 799 679 602 146 247 199 687 412 433 472 353 498 314 119 565 377 400 192 319 629 179 491 395 434 240 397 544 358 484 117 498 280 157 621 186 349 472 614 216 262 638 94 248 373 191 176 169 214 240 231 330 372 394 209 302 273 541 502 308 404 354 408 295 235 415 218 693 39 164 558 64 629 223 547 584 468 170 466 566 645 561 783 273 591 88 168 140 64 290 567 76 317 204 612 356 224 189 607 491 113 682 688 253 249 132 487 403 399 245 727 241 166 323 
344 278 144 513 635 385 299 398 199 320 273 790 774 542 281 92 413 568 318 611 554 584 547 271 301 681 321 115 177 265 258 632 636 748 123 607 218 193 246 378 235 620 452 61 171 65 325 202 91 -1 469 385 592 456 439 336 275 818 248 359 530 553 153 302 415 355 406 184 506 585 472 169 724 123 599 371 256 488 515 219 322 172 888 369 456 123 688 826 632 569 64 226 280 684 351 449 545 416 464 295 192 642 468 383 284 266 562 217 442 395 412 322 421 485 444 548 164 575 371 202 668 241 404 459 705 182 351 643 51 170 465 121 199 82 247 261 322 244 438 482 124 211 193 621 543 392 482 381 470 204 241 329 169 622 131 185 624 58 643 314 618 625 555 90 513 545 678 614 804 365 529 81 152 231 138 255 498 103 409 265 562 314 174 131 536 547 173 702 692 276 313 224 428 322 452 153 757 328 228 413 
