200
-1 80 699 441 572 363 730 787 641 841 529 861 446 349 583 541 568 413 177 383 534 474 131 572 403 403 734 260 108 768 799 769 360 436 674 617 688 165 602 401 848 512 355 633 454 304 741 248 213 532 714 523 567 239 577 528 396 119 575 738 318 414 330 623 878 57 148 390 574 614 636 735 668 662 844 791 633 783 785 642 431 542 460 683 73 764 493 471 948 804 518 949 407 812 214 211 732 661 55 857 842 349 533 296 692 409 690 132 237 483 230 609 870 403 876 515 697 556 764 347 574 287 299 235 238 258 144 676 566 643 593 266 346 343 690 158 864 756 441 835 435 331 236 777 799 517 348 723 449 688 841 299 783 678 487 479 602 588 526 672 596 373 616 196 680 575 761 202 415 231 468 249 928 466 869 740 172 631 279 218 91 663 570 543 509 306 783 527 634 1020 680 117 329 514 752 945 471 693 732 698 
80 -1 639 408 507 316 660 765 645 796 552 873 371 279 521 461 488 359 99 308 461 458 206 558 325 323 697 232 87 736 748 706 410 396 636 565 662 135 576 358 798 530 302 558 405 279 722 181 191 519 704 477 510 205 532 494 328 199 590 731 239 334 365 547 838 136 147 371 553 565 570 707 644 591 789 786 651 772 720 612 462 463 475 621 103 697 422 480 888 758 458 893 405 776 282 231 691 611 47 798 812 271 528 245 636 376 660 56 317 451 307 531 835 342 822 475 632 480 776 355 542 311 257 181 277 324 99 658 491 581 521 212 364 332 696 191 816 699 414 795 424 373 192 724 739 451 319 656 451 641 787 313 743 602 483 425 524 548 447 657 516 402 548 269 606 577 763 127 440 224 410 174 881 386 806 681 251 595 200 143 130 590 492 480 433 236 736 451 577 967 610 43 396 460 726 892 463 650 698 686 
699 639 -1 325 146 344 159 422 569 240 660 756 324 369 119 464 500 288 603 371 244 408 763 417 387 483 252 466 594 315 152 82 754 300 223 115 339 540 327 318 196 620 345 232 259 442 417 459 511 417 489 213 135 473 190 280 316 801 620 519 452 448 662 280 312 735 582 415 364 144 105 335 353 150 159 564 668 517 111 298 671 527 588 38 742 122 246 555 249 204 181 259 487 305 778 603 208 114 687 159 370 535 478 404 51 347 309 585 891 313 845 314 347 296 193 251 65 285 692 544 279 612 412 463 665 795 554 402 263 62 199 432 588 467 604 641 228 73 358 270 440 699 466 117 99 202 405 102 508 143 167 571 239 282 479 223 584 217 380 428 430 647 134 793 233 528 604 519 635 529 230 596 285 400 175 43 820 242 556 602 656 197 322 162 589 408 172 278 71 341 136 636 844 192 366 265 455 182 282 464 
441 408 325 -1 271 113 435 365 335 404 361 567 316 251 248 515 558 128 420 303 327 113 469 191 344 442 292 181 334 328 377 408 428 42 233 215 256 277 172 73 424 321 144 409 93 139 325 270 229 161 333 112 200 204 150 87 225 521 343 365 344 418 336 435 436 461 299 89 161 196 322 300 242 378 436 423 403 395 435 205 351 563 277 330 503 433 277 250 553 370 196 538 167 370 466 293 293 245 451 463 403 456 209 176 296 32 252 368 592 44 538 449 428 176 464 81 357 385 479 218 133 288 152 235 346 477 308 266 376 293 349 209 263 142 385 340 433 357 39 395 126 373 216 364 417 253 95 397 199 260 426 247 343 476 186 136 637 151 439 274 524 322 321 486 445 271 424 327 315 226 162 454 496 412 498 356 524 189 432 443 374 409 426 235 591 259 353 352 254 597 384 424 521 148 320 526 156 257 290 309 
572 507 146 271 -1 243 171 497 580 371 632 794 177 229 43 334 374 183 461 225 106 378 650 423 240 337 341 364 472 404 291 200 682 233 290 150 395 422 350 233 339 592 232 145 181 351 478 325 403 409 531 180 93 363 199 268 178 681 607 563 307 303 590 182 437 613 470 354 374 179 64 409 399 107 306 616 664 574 213 341 621 396 549 118 609 193 99 521 388 331 76 404 438 412 677 508 306 191 554 301 472 389 467 287 169 281 370 451 779 280 740 207 462 172 340 226 125 159 717 479 292 532 306 339 575 700 429 445 140 85 87 310 523 396 623 536 368 218 310 392 398 625 349 258 239 57 324 151 471 233 313 494 350 211 454 136 460 237 248 466 313 585 51 688 175 525 641 382 584 431 122 451 428 259 300 190 707 286 410 458 541 138 201 37 452 271 300 141 115 488 118 499 756 125 440 412 425 267 364 504 
363 316 344 113 243 -1 414 475 438 480 433 673 224 142 238 418 460 60 314 198 261 213 418 301 241 333 384 122 255 428 435 421 442 85 321 254 365 199 283 44 485 395 32 357 90 109 437 160 166 269 446 160 209 129 216 189 128 459 429 477 232 311 352 372 523 393 237 145 275 250 305 405 353 349 482 535 493 508 442 310 397 461 343 336 417 430 208 324 590 442 172 587 229 464 436 265 375 298 362 498 505 343 308 71 330 91 357 270 547 155 502 378 523 88 514 162 356 312 582 249 237 291 67 135 331 457 220 379 309 295 300 105 290 166 489 297 501 395 140 479 207 385 127 414 444 203 91 390 274 325 478 255 427 420 276 121 536 233 349 387 436 354 293 449 400 370 534 220 361 188 121 343 566 313 519 383 475 283 319 333 312 369 349 207 483 146 420 277 275 656 361 326 513 153 428 582 247 334 388 423 
730 660 159 435 171 414 -1 582 717 384 790 912 295 380 186 366 394 354 601 357 201 534 816 561 354 428 412 534 635 475 292 125 852 399 381 255 497 588 476 403 323 750 402 125 349 522 576 481 572 555 645 330 236 532 328 413 335 843 758 676 437 395 760 167 457 774 637 521 509 288 112 495 509 68 265 723 810 676 108 452 786 429 711 127 760 67 237 681 292 353 245 332 602 461 847 679 367 270 706 231 526 491 615 455 211 448 468 603 945 435 908 203 498 339 293 375 95 208 845 647 423 703 476 503 746 870 591 558 188 150 140 475 692 565 755 705 359 211 472 420 559 796 516 258 178 216 494 58 631 302 284 664 395 144 609 305 473 361 295 583 317 754 120 856 98 670 760 532 749 601 293 575 404 336 192 176 873 396 531 589 706 81 227 207 499 423 322 221 203 423 52 645 928 286 526 356 582 342 442 620 
787 765 422 365 497 475 582 -1 262 257 429 356 631 600 454 822 864 467 785 642 597 313 780 220 678 782 170 533 685 111 323 479 632 391 208 348 111 631 192 431 330 403 503 634 412 486 47 634 577 258 128 351 407 561 306 287 561 843 358 139 699 753 561 677 216 793 638 396 213 318 504 88 122 563 391 159 369 109 510 169 505 880 412 457 854 537 565 379 495 262 455 444 393 150 745 597 216 316 805 442 109 808 281 542 371 394 128 730 884 320 820 705 167 512 394 323 487 655 321 467 240 550 515 600 621 738 666 112 637 448 582 575 494 444 264 654 307 383 352 214 355 594 578 346 445 521 446 524 367 280 366 517 204 694 321 428 949 270 737 125 809 521 523 775 648 278 220 692 482 556 461 818 332 730 509 413 827 215 793 808 706 609 698 478 923 617 282 632 394 444 554 786 754 405 57 410 326 241 140 121 
641 645 569 335 580 438 717 262 -1 489 174 236 651 580 544 850 893 463 696 635 655 224 597 157 678 771 366 431 558 337 527 645 399 377 358 461 254 515 241 406 551 159 470 725 423 387 222 570 460 175 133 400 490 463 389 311 560 666 100 134 665 749 348 758 468 631 500 301 208 428 613 291 231 675 600 167 110 185 676 275 268 898 191 592 714 692 608 171 717 479 512 675 242 392 542 431 405 455 675 646 368 775 129 481 521 347 283 627 679 308 612 776 424 511 613 354 624 714 144 294 293 362 443 521 429 524 555 187 703 567 665 506 300 319 52 488 538 560 299 452 237 374 490 537 628 577 364 665 194 437 579 342 423 791 167 460 972 355 774 159 858 302 622 575 754 70 121 614 257 421 491 750 578 747 705 578 634 327 738 730 551 715 757 548 921 578 487 683 513 692 674 678 524 457 277 646 194 404 337 142 
841 796 240 404 371 480 384 257 489 -1 632 614 543 558 331 701 739 441 783 578 476 426 873 377 603 705 130 583 732 154 91 261 792 404 174 242 238 675 290 439 75 597 496 473 391 543 277 629 631 400 370 319 308 601 264 321 507 925 571 390 653 671 706 521 73 864 702 478 335 233 345 199 263 390 141 417 599 366 288 241 680 765 585 279 897 324 465 550 238 40 369 187 519 107 864 694 111 192 842 193 163 750 451 551 202 435 211 748 994 368 937 554 119 471 137 325 301 522 575 592 284 674 542 615 740 869 700 302 501 292 437 584 631 536 506 743 49 173 417 44 470 743 606 126 214 417 500 327 517 157 116 634 69 519 474 378 824 253 616 330 670 677 372 887 470 478 475 691 650 631 403 793 95 630 262 210 927 221 758 793 778 436 561 371 823 590 70 511 257 208 374 804 903 344 218 156 463 147 154 351 
529 552 660 361 632 433 790 429 174 632 -1 340 657 565 605 848 889 477 622 625 685 255 459 256 667 746 502 377 466 487 652 741 233 402 476 545 395 438 349 416 685 39 463 770 454 346 385 525 389 245 304 459 553 406 469 380 561 529 73 309 633 731 204 795 622 506 406 289 306 516 679 440 369 737 723 339 109 359 771 396 106 885 90 675 602 778 633 111 844 614 557 810 203 543 391 321 533 554 572 764 531 734 185 452 618 358 420 548 523 354 456 806 584 519 742 414 704 741 247 207 383 242 411 471 295 366 477 336 734 642 710 467 188 273 202 371 677 668 322 599 234 219 437 655 735 613 342 746 162 547 705 240 562 837 181 498 960 444 782 311 869 157 681 425 807 155 282 554 113 341 522 686 725 743 815 679 487 436 684 662 438 770 780 596 895 551 615 706 594 839 741 591 356 507 433 785 207 521 477 307 
861 873 756 567 794 673 912 356 236 614 340 -1 882 815 755 1081 1125 695 930 870 878 460 799 379 912 1006 517 666 785 465 677 822 566 608 533 660 416 747 443 639 687 350 706 938 651 623 345 807 692 405 267 618 701 697 595 530 793 869 285 237 901 984 543 975 567 843 726 538 422 626 818 429 403 880 747 197 230 248 854 460 446 1131 400 785 934 877 834 392 852 618 732 799 475 506 730 650 562 642 899 798 457 1011 365 718 705 582 447 859 861 535 794 997 514 743 750 574 817 937 96 517 501 574 680 757 633 704 787 354 924 766 880 743 514 553 184 703 663 730 533 570 473 559 725 697 794 798 600 857 426 614 722 562 560 1004 404 684 1205 558 1003 329 1085 496 831 765 962 306 152 849 451 651 717 985 684 979 863 755 827 517 974 965 769 923 981 765 1156 815 635 908 711 791 876 908 684 676 403 764 431 576 485 292 
446 371 324 316 177 224 295 631 651 543 657 882 -1 108 213 199 242 188 306 63 93 428 548 503 63 162 494 309 363 553 467 368 643 274 435 306 521 326 456 247 515 620 194 187 231 321 603 204 331 477 636 281 238 293 325 358 95 564 652 668 141 128 559 178 606 496 381 369 464 327 228 547 518 230 483 725 715 690 374 463 616 251 567 293 468 343 78 548 559 503 181 580 453 570 595 446 465 354 416 475 626 211 524 220 344 306 503 315 674 346 646 170 625 140 517 316 292 110 795 467 398 494 257 242 517 626 318 556 119 262 155 224 506 388 701 456 543 396 352 560 429 588 267 435 413 126 315 304 498 395 490 464 514 233 497 205 323 361 125 572 211 569 200 597 234 586 736 244 581 373 170 281 605 99 465 367 602 416 239 294 440 220 135 172 291 146 473 80 286 665 251 353 692 226 576 589 467 423 511 610 
349 279 369 251 229 142 380 600 580 558 565 815 108 -1 250 282 323 133 233 59 185 355 444 442 102 191 485 203 258 538 495 429 536 214 423 316 489 219 413 178 545 529 109 286 188 221 566 101 223 410 584 255 252 185 309 314 52 464 568 616 99 169 454 284 613 396 274 284 411 327 291 523 480 312 525 673 632 644 441 431 516 321 475 346 381 418 143 459 616 518 193 627 364 565 487 337 465 366 327 527 614 208 450 116 375 233 476 223 571 290 540 278 623 90 559 277 355 217 724 368 360 389 156 134 408 518 214 512 223 308 243 115 405 292 631 347 568 435 281 567 347 482 159 466 466 172 224 376 411 402 527 360 517 339 417 183 396 338 224 523 310 466 269 490 333 512 675 153 482 266 155 234 633 178 530 412 499 394 200 236 334 314 243 206 341 43 491 184 314 707 331 269 583 215 549 631 388 422 496 559 
583 521 119 248 43 238 186 454 544 331 605 755 213 250 -1 377 417 179 484 254 149 350 654 387 274 375 298 361 480 361 254 186 668 213 247 106 353 428 311 220 303 566 233 184 164 343 436 341 403 376 491 147 54 364 159 234 197 688 577 523 335 341 576 224 396 621 472 335 337 136 74 366 358 132 276 575 632 532 204 299 600 439 525 100 624 192 135 496 367 291 66 378 416 368 675 503 262 148 569 278 429 423 435 291 131 262 328 467 783 251 740 250 420 179 310 193 118 202 679 462 254 521 304 348 568 695 439 404 183 60 128 317 506 380 587 535 330 186 286 350 374 612 354 223 217 87 311 152 446 189 280 481 307 248 425 121 503 196 291 426 356 568 77 687 209 492 602 400 563 426 118 478 392 299 286 162 710 244 439 484 545 170 245 43 493 289 260 184 73 458 136 517 749 100 396 382 398 223 320 464 
541 461 464 515 334 418 366 822 850 701 848 1081 199 282 377 -1 43 387 367 222 228 626 663 702 180 137 674 482 487 736 616 478 807 474 619 482 714 469 653 445 659 812 386 243 430 504 797 346 492 676 834 475 417 459 515 556 291 659 848 866 237 130 729 198 770 597 524 563 663 508 358 735 713 325 613 923 911 886 471 657 798 64 758 426 536 432 256 741 659 663 367 695 645 746 728 603 640 526 495 591 806 198 723 398 498 504 693 413 778 546 765 163 797 339 645 513 412 178 994 650 594 664 438 398 672 765 447 753 200 408 264 390 685 575 900 599 692 536 551 725 625 755 429 581 531 301 505 404 692 567 626 639 685 233 694 401 127 552 86 769 66 746 329 722 270 785 935 355 764 539 367 305 747 104 559 501 711 606 267 333 565 287 143 345 133 303 631 192 449 785 346 427 835 418 765 714 664 600 695 808 
568 488 500 558 374 460 394 864 893 739 889 1125 242 323 417 43 -1 430 392 264 268 669 693 745 221 166 714 522 520 777 652 510 843 517 661 522 756 505 696 488 695 853 428 274 474 545 839 383 529 719 877 518 458 498 557 599 334 685 890 909 273 165 768 228 808 624 559 605 706 549 394 777 755 357 646 966 954 929 501 699 838 41 799 462 558 461 299 783 687 701 409 726 687 786 759 640 680 566 520 622 846 220 766 439 536 547 735 443 805 589 795 192 836 382 678 556 446 216 1037 691 637 702 479 435 708 797 480 795 237 446 301 429 725 616 943 633 727 572 594 764 668 792 467 617 563 343 547 435 734 607 661 678 724 256 737 444 86 594 127 812 79 785 366 752 297 828 978 388 804 577 410 326 782 147 587 536 739 649 290 355 597 318 177 387 116 342 669 233 488 816 378 452 868 461 807 746 707 640 736 851 
413 359 288 128 183 60 354 467 463 441 477 695 188 133 179 387 430 -1 342 178 209 240 476 317 219 319 356 182 307 406 389 363 500 87 294 206 355 252 280 61 439 438 57 301 55 169 433 187 224 289 454 126 154 185 182 181 98 513 466 486 232 293 410 320 490 447 294 188 281 208 245 390 347 289 431 544 528 513 383 298 449 436 389 278 461 370 156 366 536 402 112 536 274 437 496 325 341 253 406 444 483 341 336 116 278 120 343 308 604 161 561 329 495 48 464 144 297 264 607 303 227 350 125 178 392 517 268 379 257 237 243 147 346 219 513 356 458 342 164 445 244 444 178 365 388 145 145 330 315 284 428 313 393 366 310 66 510 207 312 392 397 409 233 508 343 398 550 250 413 248 61 360 523 284 462 328 532 262 330 355 368 311 303 147 466 154 378 229 221 608 301 363 573 101 416 533 280 299 365 429 
177 99 603 420 461 314 601 785 696 783 622 930 306 233 484 367 392 342 -1 244 399 492 306 591 251 230 697 266 162 742 725 662 501 399 634 544 677 185 593 358 776 596 291 491 395 312 745 155 238 553 739 468 483 235 524 503 286 293 652 768 165 245 447 473 832 234 220 404 577 550 522 719 663 534 759 825 715 806 672 624 539 365 540 580 170 645 368 539 850 744 426 861 455 777 382 310 684 593 128 761 819 173 573 244 607 391 671 74 412 465 407 453 836 313 792 476 586 408 833 418 551 388 270 185 365 423 145 683 422 542 461 211 435 377 748 279 798 668 435 787 464 460 211 699 700 404 345 605 504 626 760 382 736 527 530 405 425 546 362 686 425 480 498 368 537 626 809 94 515 282 383 75 862 302 762 646 349 598 102 44 225 527 414 440 333 195 719 384 547 940 555 60 495 440 741 864 506 641 702 718 
383 308 371 303 225 198 357 642 635 578 625 870 63 59 254 222 264 178 244 -1 155 410 486 494 42 141 516 262 301 572 507 422 593 264 455 337 530 268 458 230 557 589 165 250 230 281 610 143 278 464 633 291 269 242 342 359 81 500 627 665 82 114 512 240 637 433 324 342 460 352 281 561 524 290 530 723 691 691 430 472 576 263 535 343 405 402 127 519 612 538 209 629 423 595 536 393 492 386 353 526 647 173 506 176 385 288 515 251 612 339 585 229 651 130 564 319 346 173 780 428 403 447 216 186 463 569 256 558 183 309 217 172 464 352 686 398 583 441 336 591 405 540 214 477 464 168 283 362 470 425 535 419 542 296 475 215 338 374 166 571 251 526 255 537 297 568 728 181 542 323 183 226 646 118 521 414 540 430 185 235 379 284 192 211 287 88 509 143 325 712 311 289 635 243 588 636 445 449 530 608 
534 461 244 327 106 261 201 597 655 476 685 878 93 185 149 228 268 209 399 155 -1 440 629 500 154 240 446 368 444 508 394 279 700 285 392 254 492 402 438 269 440 646 239 101 234 369 575 287 398 480 620 260 190 357 292 347 149 649 670 653 235 206 612 111 543 581 456 397 455 280 141 510 493 136 401 708 730 668 282 436 658 290 598 210 560 250 53 574 469 437 146 494 483 517 669 510 411 297 507 389 577 298 534 280 273 327 469 405 757 347 725 121 568 174 435 303 204 59 796 510 379 550 311 317 581 697 399 536 48 185 61 293 552 427 702 528 470 318 366 498 451 644 336 360 326 79 352 212 523 338 411 515 456 160 514 195 354 330 142 555 212 615 112 674 148 595 727 334 621 435 165 374 530 156 374 285 684 383 331 387 519 129 103 119 346 228 405 35 221 581 157 445 760 201 540 506 484 372 467 594 
474 458 408 113 378 213 534 313 224 426 255 460 428 355 350 626 669 240 492 410 440 -1 470 100 453 546 298 228 375 312 423 490 367 155 253 292 222 323 141 181 463 215 246 519 206 180 267 353 267 61 247 203 298 258 217 127 335 531 230 276 442 524 280 547 439 480 325 88 103 265 423 272 199 482 490 333 290 315 519 189 266 673 180 420 543 524 391 147 611 399 305 586 93 364 445 286 316 308 496 526 380 553 96 261 369 122 232 429 581 99 520 562 418 287 514 159 449 498 369 167 145 251 226 308 320 446 360 202 489 387 459 289 205 131 276 342 464 424 75 405 45 317 281 419 489 365 147 491 101 309 475 212 358 586 75 247 747 198 552 198 637 253 426 472 554 158 323 403 232 243 275 537 521 522 570 430 519 207 521 521 393 516 540 343 696 355 391 465 340 631 486 483 476 252 283 567 48 291 284 228 
131 206 763 469 650 418 816 780 597 873 459 799 548 444 654 663 693 476 306 486 629 470 -1 560 513 527 756 298 185 780 844 839 255 476 701 669 692 228 609 448 892 450 420 730 506 331 733 344 252 522 690 568 628 290 616 553 483 69 517 710 432 534 255 727 901 76 181 398 574 659 715 742 669 748 897 758 568 758 858 654 354 668 407 754 180 843 583 426 1008 840 587 1002 387 829 89 183 762 708 186 917 850 477 507 363 748 438 700 250 129 506 102 716 886 478 928 550 771 659 704 315 593 235 351 313 168 133 230 668 666 713 684 341 297 343 642 130 903 812 457 861 426 242 301 827 862 600 374 801 419 728 891 264 811 782 462 539 731 620 640 658 715 302 698 65 777 537 718 312 348 243 536 380 966 581 938 802 56 655 406 348 110 756 678 618 639 402 823 627 694 1065 764 247 201 572 753 993 454 727 748 678 
572 558 417 191 423 301 561 220 157 377 256 379 503 442 387 702 745 317 591 494 500 100 560 -1 535 633 247 328 474 242 395 495 424 230 220 306 147 423 93 264 428 221 334 568 272 280 172 450 367 39 147 243 333 358 233 154 415 623 205 177 533 609 346 601 376 575 424 188 53 274 456 196 120 518 467 235 250 214 526 139 305 753 209 438 642 539 455 174 588 358 356 553 173 297 526 378 276 306 595 509 300 645 73 357 371 210 167 529 664 156 601 620 346 365 485 198 469 560 295 247 138 331 323 407 402 521 461 107 547 411 508 386 276 228 201 435 422 416 162 348 137 381 380 400 483 421 246 511 150 293 448 297 308 634 104 306 826 200 624 99 706 310 465 555 596 111 233 501 276 341 338 635 472 600 563 431 606 181 616 620 489 558 603 391 782 447 358 529 358 585 517 584 542 300 199 529 106 265 224 127 
403 325 387 344 240 241 354 678 678 603 667 912 63 102 274 180 221 219 251 42 154 453 513 535 -1 105 547 302 329 605 529 431 631 305 487 364 567 301 497 272 577 632 208 240 269 323 647 175 316 506 673 327 295 281 375 398 120 522 669 706 86 75 551 222 664 455 357 385 500 382 291 596 562 290 546 763 733 731 436 509 617 220 577 356 418 405 140 561 622 563 236 643 466 625 567 429 521 412 368 539 679 148 549 217 406 330 550 270 636 380 613 205 681 170 580 357 355 157 822 470 441 486 257 222 500 601 285 597 171 325 216 211 505 395 728 432 605 458 378 618 448 578 252 497 476 187 326 366 513 452 553 459 571 277 518 250 295 409 130 610 212 566 263 566 285 610 769 202 583 362 217 220 667 77 528 430 565 465 177 235 407 277 167 232 247 125 533 133 347 728 312 302 669 276 624 652 488 479 563 648 
403 323 483 442 337 333 428 782 771 705 746 1006 162 191 375 137 166 319 230 141 240 546 527 633 105 -1 653 370 354 710 629 519 682 404 593 468 671 342 599 369 676 712 300 304 372 400 751 224 371 602 774 432 399 343 481 500 222 522 755 806 113 34 610 273 767 460 395 472 601 487 382 701 665 370 641 863 819 832 520 613 685 147 656 450 399 486 240 644 709 665 341 735 548 730 593 478 626 516 358 630 785 67 641 295 506 424 655 277 640 479 629 245 786 271 675 461 445 220 915 542 544 545 335 279 546 631 315 699 240 422 297 279 573 473 822 468 705 556 473 722 537 632 312 596 567 288 411 450 597 556 650 523 675 323 607 355 218 514 145 712 196 631 353 586 345 702 866 222 653 420 322 171 766 92 612 525 574 570 130 197 430 347 209 334 150 195 635 210 448 822 393 289 702 381 729 747 578 583 668 749 
734 697 252 292 341 384 412 170 366 130 502 517 494 485 298 674 714 356 697 516 446 298 756 247 547 653 -1 474 627 64 162 308 663 301 62 191 112 570 160 340 185 467 405 470 302 431 172 541 522 269 257 230 257 495 175 206 438 811 443 282 584 621 578 515 144 753 591 358 204 167 338 87 136 396 235 320 475 271 340 110 550 735 455 287 795 366 421 419 350 113 313 310 392 80 741 574 45 151 742 284 132 688 320 455 201 325 83 653 874 252 815 545 139 395 246 222 317 500 465 466 162 549 440 518 616 744 598 180 481 282 422 489 503 415 389 626 175 214 299 106 343 615 505 180 277 374 387 353 387 112 213 509 60 528 344 302 800 150 588 208 654 547 360 765 481 349 369 603 519 515 333 716 225 589 347 242 809 102 685 712 666 443 543 328 784 511 121 481 231 338 385 709 775 272 116 283 334 74 32 235 
260 232 466 181 364 122 534 533 431 583 377 666 309 203 361 482 522 182 266 262 368 228 298 328 302 370 474 -1 153 508 547 544 334 180 414 371 430 98 344 150 596 345 132 468 208 47 489 148 48 289 475 270 331 31 321 268 220 343 394 503 256 358 250 476 617 281 120 139 320 362 427 476 412 468 599 559 459 543 565 383 316 513 289 459 323 553 315 281 710 547 295 704 191 551 314 144 473 411 272 618 582 357 306 88 449 149 430 201 425 223 379 476 610 197 630 257 479 412 570 171 314 185 58 94 213 336 133 425 412 418 413 92 203 112 483 174 609 514 182 576 198 279 60 529 565 319 88 512 240 433 593 156 524 528 263 243 587 330 428 425 513 263 414 326 512 360 542 183 283 67 244 319 673 380 641 504 354 371 310 299 196 485 443 329 518 179 528 377 396 769 482 255 394 274 494 696 239 435 471 456 
108 87 594 334 472 255 635 685 558 732 466 785 363 258 480 487 520 307 162 301 444 375 185 474 329 354 627 153 -1 662 691 666 340 328 566 510 584 57 497 293 740 443 249 545 346 199 640 158 108 435 619 415 461 131 468 421 299 208 502 645 251 357 285 541 770 141 60 288 472 506 537 630 565 566 737 699 564 688 683 536 379 500 388 580 169 665 399 392 843 696 414 842 317 705 240 148 624 554 121 751 736 314 442 190 585 302 584 88 312 377 284 531 763 301 769 407 596 473 688 267 468 227 190 132 203 277 44 576 481 540 501 162 278 247 609 118 756 649 336 727 339 297 129 670 694 419 242 623 363 579 733 226 675 596 396 373 567 480 458 574 535 319 518 237 592 489 675 132 356 136 363 235 820 400 766 635 240 524 248 206 78 572 493 441 482 217 675 441 528 912 583 124 348 407 648 838 377 585 625 601 
768 736 315 328 404 428 475 111 337 154 487 465 553 538 361 736 777 406 742 572 508 312 780 242 605 710 64 508 662 -1 212 368 666 343 117 254 95 605 171 383 223 455 452 535 351 463 124 587 554 272 216 282 318 532 229 241 493 838 423 237 637 679 585 579 135 782 622 382 210 228 403 47 121 460 281 268 447 217 399 126 546 796 451 351 831 427 482 416 390 152 372 342 403 56 758 596 107 215 779 332 77 743 314 498 265 360 80 695 893 284 832 609 106 448 286 266 380 563 422 478 194 563 479 560 632 757 636 152 544 346 486 532 513 437 352 650 203 272 327 115 357 621 544 234 333 435 420 416 391 176 257 525 94 592 345 356 863 199 650 179 717 551 424 784 545 332 322 648 519 543 389 766 240 649 398 303 830 144 737 760 694 507 606 390 844 561 170 543 295 355 449 751 782 328 64 310 340 138 42 197 
799 748 152 377 291 435 292 323 527 91 652 677 467 495 254 616 652 389 725 507 394 423 844 395 529 629 162 547 691 212 -1 171 789 368 175 182 274 634 302 398 50 615 446 384 344 513 332 574 595 410 420 277 243 561 227 303 442 891 598 445 586 595 700 432 164 827 667 460 346 185 258 248 295 300 72 479 635 429 198 257 687 680 595 191 850 233 389 560 192 63 302 163 514 180 844 670 121 137 795 121 244 677 467 503 123 406 243 697 968 348 915 466 207 412 90 295 211 437 628 583 278 660 501 566 722 853 655 342 416 209 352 535 624 517 551 716 76 82 398 129 464 738 562 35 126 342 470 235 521 117 53 619 118 428 482 323 737 230 532 370 582 676 286 864 380 503 531 636 654 601 342 728 138 550 186 119 899 218 691 731 743 346 475 297 740 530 41 429 182 221 283 751 893 287 274 149 465 132 194 398 
769 706 82 408 200 421 125 479 645 261 741 822 368 429 186 478 510 363 662 422 279 490 839 495 431 519 308 544 666 368 171 -1 837 382 291 197 406 614 404 398 198 702 419 235 339 522 479 525 588 497 557 296 214 549 273 362 378 875 699 586 505 485 744 282 335 807 658 498 442 225 140 395 423 154 139 628 746 579 31 371 754 542 670 85 809 62 295 637 190 233 252 217 570 347 857 683 263 189 754 112 412 577 558 477 124 430 376 651 968 396 923 318 378 365 169 334 76 306 763 627 359 693 488 534 745 875 625 472 284 126 222 503 671 549 678 719 234 95 441 300 523 781 540 138 53 257 486 75 591 209 158 653 281 268 561 301 591 297 400 499 435 730 168 871 220 607 672 582 718 608 303 648 278 431 100 67 896 317 606 657 731 192 335 226 609 471 204 309 153 306 132 699 925 271 424 235 537 247 340 533 
360 410 754 428 682 442 852 632 399 792 233 566 643 536 668 807 843 500 501 593 700 367 255 424 631 682 663 334 340 666 789 837 -1 456 620 642 571 340 502 449 831 240 461 799 504 332 585 460 315 394 518 540 626 351 572 487 554 322 303 529 570 678 92 810 799 320 288 338 458 621 740 621 545 789 855 566 340 580 863 552 131 829 220 757 426 859 647 253 975 766 607 953 275 721 172 203 683 668 412 887 723 650 353 423 723 407 589 428 294 446 228 811 770 527 880 505 783 746 478 209 512 150 389 409 137 138 370 525 746 719 742 421 166 288 434 221 832 783 398 768 324 56 379 783 844 645 358 820 275 674 841 187 723 860 320 547 900 560 760 507 844 115 733 206 842 357 514 462 149 270 559 575 887 708 926 784 268 574 587 545 280 811 778 645 819 506 758 711 683 998 800 453 124 570 622 934 329 658 645 514 
436 396 300 42 233 85 399 391 377 404 402 608 274 214 213 474 517 87 399 264 285 155 476 230 305 404 301 180 328 343 368 382 456 -1 239 195 280 271 200 40 416 362 112 368 52 145 354 245 228 202 369 92 169 197 141 104 185 523 385 401 310 379 364 394 442 461 300 121 196 182 287 320 269 341 422 459 445 429 407 225 387 523 317 301 494 402 235 290 536 367 157 526 204 381 481 306 295 232 441 445 420 421 251 155 276 49 272 352 601 75 551 407 440 135 451 79 326 343 520 248 152 311 138 217 365 495 297 297 334 262 308 189 293 168 426 349 429 339 81 399 167 400 203 351 395 211 105 364 239 253 414 271 347 435 228 97 597 152 397 308 482 354 284 498 406 313 463 305 350 234 120 427 493 371 474 333 532 200 402 418 376 370 384 197 552 227 348 310 228 589 348 408 543 114 343 516 198 256 303 345 
674 636 223 233 290 321 381 208 358 174 476 533 435 423 247 619 661 294 634 455 392 253 701 220 487 593 62 414 566 117 175 291 620 239 -1 141 116 509 126 278 211 440 342 426 239 373 195 478 462 235 266 167 202 435 113 148 377 754 424 296 522 561 533 469 203 694 533 304 170 111 296 119 131 356 247 342 463 295 323 83 514 679 420 253 734 343 364 385 367 145 255 336 346 143 689 520 62 110 680 290 192 627 291 393 171 265 86 591 820 194 763 497 202 333 266 160 285 449 472 418 109 499 378 456 565 695 537 180 430 241 374 427 458 361 388 570 211 202 243 161 297 571 443 180 269 318 329 324 348 81 228 459 110 486 308 240 746 88 534 208 603 506 315 713 441 329 381 540 481 458 272 654 269 532 347 224 754 46 623 649 608 402 492 274 727 448 139 427 186 377 348 647 729 211 150 314 293 46 75 242 
617 565 115 215 150 254 255 348 461 242 545 660 306 316 106 482 522 206 544 337 254 292 669 306 364 468 191 371 510 254 182 197 642 195 141 -1 250 454 221 220 232 506 263 286 164 340 332 392 418 303 393 104 68 382 76 165 265 713 507 425 411 435 550 328 300 648 490 304 253 33 158 260 258 220 228 475 556 430 226 200 557 543 472 131 668 234 231 440 340 201 128 333 373 265 676 501 159 49 613 249 323 509 364 321 81 240 223 515 795 198 746 356 318 231 259 137 163 309 590 433 168 503 321 384 559 690 473 306 290 106 233 353 476 358 499 543 253 144 245 254 326 588 381 159 202 183 300 204 393 88 223 462 207 348 364 140 608 105 396 330 463 534 175 694 304 416 507 454 521 429 162 551 317 399 283 141 725 143 516 552 566 264 351 137 594 350 174 289 52 402 216 569 736 105 291 327 340 118 214 367 
688 662 339 256 395 365 497 111 254 238 395 416 521 489 353 714 756 355 677 530 492 222 692 147 567 671 112 430 584 95 274 406 571 280 116 250 -1 528 86 321 297 362 392 536 300 384 83 525 475 177 150 240 302 456 199 176 449 752 333 179 587 642 491 577 229 699 540 298 118 218 408 50 26 469 346 225 363 180 438 57 451 771 356 370 753 460 457 320 463 225 347 421 310 151 666 508 152 226 703 394 158 697 219 433 288 287 31 624 802 212 741 603 199 401 358 211 401 550 357 386 128 470 408 492 540 664 562 68 533 354 481 466 419 350 277 563 285 315 248 204 266 527 472 287 382 414 342 441 296 197 325 433 169 598 250 317 841 162 629 96 704 456 425 693 554 240 265 583 423 459 351 708 330 620 455 339 741 109 682 698 611 514 594 373 812 506 233 525 299 444 463 680 688 296 64 393 246 159 83 126 
165 135 540 277 422 199 588 631 515 675 438 747 326 219 428 469 505 252 185 268 402 323 228 423 301 342 570 98 57 605 634 614 340 271 509 454 528 -1 442 236 684 411 195 504 290 145 587 126 56 384 569 358 406 74 411 365 254 261 467 596 232 339 272 504 713 194 56 236 418 449 487 575 510 519 682 652 530 638 632 480 358 489 355 528 225 615 355 355 788 638 361 787 273 648 268 137 567 497 174 697 680 312 395 136 530 245 528 112 357 320 322 496 706 250 713 350 544 436 650 233 411 209 133 85 204 300 40 523 442 487 456 112 251 199 567 131 699 594 280 670 289 291 74 614 640 371 186 573 321 522 677 198 618 558 351 318 559 423 431 522 512 300 469 271 551 446 631 123 331 97 310 249 763 375 713 580 285 467 252 224 118 528 460 390 479 180 618 403 473 855 536 162 368 352 593 781 329 528 568 551 
602 576 327 172 350 283 476 192 241 290 349 443 456 413 311 653 696 280 593 458 438 141 609 93 497 599 160 344 497 171 302 404 502 200 126 221 86 442 -1 240 336 313 312 495 227 297 153 442 389 109 182 178 257 370 152 99 377 667 298 214 510 572 418 533 299 613 454 213 44 187 376 134 69 438 373 270 341 234 435 49 390 707 296 351 667 450 398 260 494 267 291 461 233 223 586 425 185 214 617 415 241 621 164 349 280 202 91 539 721 128 661 555 277 328 392 140 383 498 369 308 59 392 323 407 461 587 476 100 483 327 437 382 344 266 278 479 332 322 161 266 186 455 386 306 390 359 256 424 227 199 355 353 221 560 184 251 779 116 570 117 649 387 388 612 520 204 290 500 359 374 285 626 386 555 469 338 659 88 602 616 525 480 542 323 744 427 265 470 273 498 436 595 615 237 150 439 173 171 144 155 
401 358 318 73 233 44 403 431 406 439 416 639 247 178 220 445 488 61 358 230 269 181 448 264 272 369 340 150 293 383 398 398 449 40 278 220 321 236 240 -1 447 377 72 359 58 123 394 204 197 233 406 121 183 163 175 145 154 492 406 438 272 345 357 380 480 429 269 127 234 212 291 360 309 340 449 496 468 467 421 266 391 491 328 314 457 413 217 305 560 402 158 553 213 420 459 285 332 261 403 468 460 383 278 114 299 59 313 313 575 113 527 390 479 106 479 118 337 324 550 246 193 300 102 178 348 477 260 336 318 274 300 149 290 163 456 323 462 363 106 436 183 392 166 379 416 202 91 373 254 286 443 261 385 425 250 99 566 190 371 346 457 353 284 475 399 340 497 264 354 210 112 387 526 341 493 354 504 239 362 378 345 366 364 196 518 187 381 290 247 620 351 369 529 126 384 546 220 292 343 382 
848 798 196 424 339 485 323 330 551 75 685 687 515 545 303 659 695 439 776 557 440 463 892 428 577 676 185 596 740 223 50 198 831 416 211 232 297 684 336 447 -1 649 496 423 394 561 346 624 644 446 437 326 293 611 275 347 493 940 628 459 636 642 742 471 143 876 716 505 381 234 302 264 321 339 67 489 661 438 222 289 725 723 632 233 900 260 437 596 167 72 352 125 556 181 890 717 151 187 845 119 239 726 501 553 172 454 268 748 1016 393 962 506 193 462 63 342 249 481 644 626 318 705 550 617 768 898 705 364 459 255 395 585 667 562 572 763 35 123 443 119 506 780 612 80 147 390 518 269 560 163 43 664 129 464 519 373 779 275 576 393 623 717 330 911 415 533 545 687 693 649 393 779 89 596 188 158 947 256 741 781 792 383 517 346 785 581 72 474 232 172 321 801 937 338 286 103 504 172 214 417 
512 530 620 321 592 395 750 403 159 597 39 350 620 529 566 812 853 438 596 589 646 215 450 221 632 712 467 345 443 455 615 702 240 362 440 506 362 411 313 377 649 -1 426 731 415 311 358 493 360 206 282 419 514 375 430 340 524 520 66 290 599 696 196 756 591 493 382 251 269 477 639 408 336 697 686 326 121 341 732 360 109 850 56 635 585 739 594 72 807 579 518 774 166 512 388 301 497 515 552 727 502 702 148 417 579 319 386 523 524 314 456 767 554 481 706 374 665 702 254 178 345 224 376 439 284 367 451 305 695 602 670 434 166 238 195 354 642 629 282 567 195 217 406 618 696 574 306 706 123 509 669 216 528 798 141 458 925 405 745 282 831 148 641 422 767 125 275 524 102 314 483 658 691 707 777 640 482 398 654 635 420 731 742 557 861 516 579 668 555 806 702 567 365 467 403 750 168 484 443 282 
355 302 345 144 232 32 402 503 470 496 463 706 194 109 233 386 428 57 291 165 239 246 420 334 208 300 405 132 249 452 446 419 461 112 342 263 392 195 312 72 496 426 -1 337 104 130 466 135 171 302 478 177 212 130 233 216 99 456 461 509 200 278 373 349 542 389 239 176 306 263 296 431 381 335 489 567 525 540 438 337 423 429 373 333 404 423 186 355 593 457 167 594 259 486 445 277 393 309 349 502 529 311 341 58 336 124 383 252 549 185 507 353 545 65 521 186 351 287 615 274 264 311 74 120 345 468 210 409 285 292 281 89 314 193 522 303 514 400 173 497 239 405 120 423 445 187 120 382 305 339 486 276 445 399 309 124 503 254 319 418 406 378 282 455 381 402 566 197 387 200 115 315 579 281 518 385 477 307 290 308 312 352 322 198 450 114 434 252 278 666 349 308 527 159 455 591 279 351 411 454 
633 558 232 409 145 357 125 634 725 473 770 938 187 286 184 243 274 301 491 250 101 519 730 568 240 304 470 468 545 535 384 235 799 368 426 286 536 504 495 359 423 731 337 -1 316 466 618 387 499 553 675 325 237 458 343 413 251 749 750 707 325 272 709 48 544 681 557 486 519 318 132 545 542 83 372 759 807 716 227 483 750 307 685 193 655 188 152 659 416 437 214 451 571 533 771 611 430 319 603 347 597 369 610 381 275 414 509 502 858 422 826 83 578 271 403 370 173 85 862 604 437 648 410 418 681 799 500 588 68 188 60 394 647 521 769 629 457 301 448 502 536 742 438 348 288 157 446 160 608 358 387 612 468 66 594 272 356 380 169 610 200 710 110 776 47 669 786 431 714 535 248 457 509 212 316 265 785 427 414 474 621 44 102 177 376 328 405 107 240 541 103 539 861 268 576 471 565 396 496 648 
454 405 259 93 181 90 349 412 423 391 454 651 231 188 164 430 474 55 395 230 234 206 506 272 269 372 302 208 346 351 344 339 504 52 239 164 300 290 227 58 394 415 104 316 -1 182 379 239 254 248 405 72 125 218 128 128 149 548 436 437 287 344 412 342 437 484 326 173 232 160 237 334 293 289 392 494 496 461 362 243 439 482 369 256 507 355 185 343 502 353 105 497 256 382 518 344 288 207 452 410 428 396 300 159 241 100 287 357 633 115 586 356 441 100 423 89 279 292 566 298 172 357 157 223 406 535 311 327 282 216 255 192 342 216 471 382 411 306 133 392 219 448 217 323 357 159 147 316 292 235 387 317 341 382 280 44 555 152 351 341 435 405 232 533 353 361 504 302 402 269 69 415 475 330 435 296 562 206 385 409 402 318 334 144 516 209 330 260 188 565 297 412 587 67 360 491 250 246 310 379 
304 279 442 139 351 109 522 486 387 543 346 623 321 221 343 504 545 169 312 281 369 180 331 280 323 400 431 47 199 463 513 522 332 145 373 340 384 145 297 123 561 311 130 466 182 -1 442 184 91 241 428 237 307 77 285 225 227 381 356 456 288 385 243 479 575 321 160 92 273 328 412 431 365 458 568 512 421 495 544 337 295 540 256 438 369 536 316 244 681 509 278 671 150 508 336 161 433 377 319 590 537 393 261 106 421 108 385 248 455 179 405 483 566 195 597 219 460 417 528 146 270 182 65 133 224 353 180 378 415 398 409 122 185 73 439 203 572 484 136 534 152 276 102 497 539 312 43 495 200 397 560 146 483 529 219 222 614 290 444 378 530 248 402 353 509 317 497 226 260 88 229 362 635 400 617 477 386 328 351 344 234 479 452 315 549 205 491 382 370 734 470 303 406 250 448 662 194 396 427 408 
741 722 417 325 478 437 576 47 222 277 385 345 603 566 436 797 839 433 745 610 575 267 733 172 647 751 172 489 640 124 332 479 585 354 195 332 83 587 153 394 346 358 466 618 379 442 -1 595 532 211 93 322 386 518 282 251 529 796 316 113 664 722 513 660 247 747 593 352 169 300 490 84 85 551 403 149 331 100 511 140 458 853 365 449 809 535 540 332 514 275 430 465 345 173 698 550 217 306 761 454 146 774 233 502 365 353 109 688 836 281 772 686 202 479 410 290 480 633 298 419 206 503 474 559 574 691 623 65 617 436 565 534 446 398 230 607 327 385 310 237 308 546 536 352 449 497 403 518 320 273 380 469 217 680 274 398 924 245 712 77 787 473 508 727 636 232 199 652 435 510 432 780 360 702 519 412 779 192 756 769 660 596 677 456 894 581 291 609 381 474 544 744 707 378 60 433 279 234 140 79 
248 181 459 270 325 160 481 634 570 629 525 807 204 101 341 346 383 187 155 143 287 353 344 450 175 224 541 148 158 587 574 525 460 245 478 392 525 126 442 204 624 493 135 387 239 184 595 -1 147 414 597 312 333 119 368 349 147 362 541 627 111 217 385 382 677 294 182 269 430 395 389 565 512 413 611 685 606 662 539 470 461 370 437 440 284 517 244 428 708 590 278 715 335 621 393 257 528 439 228 618 664 209 442 93 459 242 517 126 470 313 442 373 680 163 644 321 451 314 712 319 397 320 127 54 327 426 113 535 322 401 344 63 349 257 622 257 645 521 289 632 333 409 88 548 558 270 207 475 385 472 611 299 581 437 402 251 443 390 305 541 386 406 368 393 434 500 676 62 429 195 232 185 709 249 625 501 398 442 167 173 236 415 336 299 370 58 565 283 398 791 431 177 494 287 588 715 375 486 546 575 
213 191 511 229 403 166 572 577 460 631 389 692 331 223 403 492 529 224 238 278 398 267 252 367 316 371 522 48 108 554 595 588 315 228 462 418 475 56 389 197 644 360 171 499 254 91 532 147 -1 328 513 318 376 40 369 316 248 295 414 540 258 364 238 504 665 233 72 180 364 410 467 522 457 505 646 595 478 581 608 429 316 517 303 502 278 594 347 301 756 595 337 751 218 599 274 114 521 458 228 664 629 349 339 118 496 197 477 167 380 270 336 501 657 233 677 305 521 438 595 182 361 173 99 94 185 300 95 468 440 461 447 107 205 142 511 132 657 560 228 624 233 263 64 577 610 356 134 553 266 481 640 154 572 557 294 287 590 378 444 466 528 260 452 284 545 390 575 165 286 49 285 298 721 393 686 549 308 419 296 275 148 519 466 369 515 191 576 403 442 817 520 219 362 320 540 743 273 484 518 495 
532 519 417 161 409 269 555 258 175 400 245 405 477 410 376 676 719 289 553 464 480 61 522 39 506 602 269 289 435 272 410 497 394 202 235 303 177 384 109 233 446 206 302 553 248 241 211 414 328 -1 186 229 322 319 228 142 387 584 203 214 500 579 313 584 404 536 384 149 65 273 447 228 152 508 480 271 256 253 528 159 280 725 186 435 602 537 433 150 601 377 339 570 135 326 490 339 294 309 556 520 334 611 60 321 373 177 194 490 627 133 565 601 377 338 500 183 466 539 318 210 139 294 286 369 365 486 421 146 528 405 493 350 241 188 223 396 442 423 128 374 97 349 342 411 490 403 208 507 119 302 463 259 330 620 74 285 799 200 599 139 683 279 453 518 584 116 265 464 249 301 316 598 495 573 570 434 569 192 581 582 449 546 582 376 751 413 374 508 354 608 509 545 510 284 234 548 69 277 250 167 
