200
-1 300 965 771 828 622 741 897 453 350 310 201 764 573 751 118 946 486 297 799 573 584 713 902 680 110 883 104 163 540 432 344 687 850 871 840 241 300 248 853 638 478 822 350 315 544 376 492 757 508 746 130 423 513 355 499 439 743 656 587 518 785 633 255 781 643 257 151 626 497 448 604 815 808 265 596 907 82 537 737 462 867 510 415 529 602 421 155 493 429 542 614 495 500 151 260 795 544 796 625 460 388 393 519 467 664 949 439 899 205 837 917 222 238 383 665 618 647 393 276 659 352 213 551 812 323 604 339 574 158 457 416 157 541 861 863 488 408 682 413 768 629 419 786 825 698 482 581 674 615 389 598 375 409 527 964 219 787 607 726 537 650 211 294 395 395 53 488 445 411 853 632 485 668 597 680 273 719 534 598 465 719 666 181 257 503 582 673 636 860 321 282 238 1003 832 333 601 296 301 829 
300 -1 725 536 533 443 642 733 566 299 349 313 466 558 457 183 727 205 381 538 273 306 524 604 395 233 623 205 172 395 287 451 449 550 605 558 417 422 261 704 432 483 648 110 199 435 508 602 549 495 571 171 125 214 261 278 469 593 567 467 659 506 353 273 487 343 405 268 628 530 200 306 528 507 320 507 723 226 517 496 315 667 256 467 240 313 426 166 192 209 369 338 381 235 326 164 656 243 584 339 251 101 109 455 172 629 766 364 604 314 540 716 181 129 208 475 568 569 495 329 394 382 128 495 619 54 589 142 314 155 520 136 236 336 610 674 300 334 383 185 640 329 501 677 584 442 538 526 450 512 88 300 430 370 626 769 231 635 457 582 261 485 96 449 401 148 251 341 172 545 561 598 196 417 420 387 378 560 597 305 434 506 372 268 73 232 659 549 378 641 282 173 370 792 620 197 630 60 250 530 
965 725 -1 194 381 369 467 286 866 657 747 1038 591 647 633 872 91 705 797 203 585 431 288 610 375 858 134 903 803 462 545 830 280 551 165 265 907 845 747 332 333 683 262 781 652 501 879 875 227 653 291 848 620 624 628 466 723 346 498 465 950 279 707 997 376 570 872 841 686 731 779 599 308 512 771 510 220 884 638 230 519 172 470 755 676 663 688 881 599 539 438 401 522 490 886 704 362 572 189 418 505 713 617 572 665 610 225 590 354 827 612 159 906 854 869 322 577 520 832 1053 337 730 756 578 217 749 648 826 411 812 778 719 957 425 122 207 480 607 575 807 393 510 804 439 142 285 770 573 292 482 670 502 760 639 863 187 957 329 413 366 470 366 776 891 695 776 934 499 553 893 327 613 542 308 389 421 820 338 793 467 632 255 630 814 727 733 837 425 348 128 991 887 850 133 162 890 739 693 684 438 
771 536 194 -1 318 195 372 283 703 470 563 846 491 505 527 678 194 540 615 104 431 256 141 553 232 664 143 709 608 285 355 653 86 483 152 215 721 664 556 296 146 522 208 600 459 335 706 717 86 496 178 654 438 459 437 272 556 243 371 307 794 185 570 809 288 435 688 648 557 575 610 454 239 432 584 364 237 689 486 41 331 163 279 586 517 520 517 688 428 344 252 229 345 302 695 510 291 410 85 258 310 532 429 410 494 490 273 411 331 637 533 203 717 665 693 152 444 392 661 865 165 551 561 425 149 563 512 644 224 618 616 544 765 232 104 190 287 424 451 633 309 367 636 364 55 111 611 429 99 338 487 347 585 461 711 259 767 253 250 257 288 209 582 710 519 599 739 313 364 725 281 484 361 122 210 287 636 218 644 307 464 82 502 622 533 571 694 297 165 113 807 701 664 261 107 709 603 500 493 371 
828 533 381 318 -1 457 680 596 921 636 732 827 214 769 258 714 448 415 783 218 287 260 446 237 165 741 249 738 676 518 523 841 306 172 218 117 870 835 686 614 396 756 526 536 574 583 901 945 403 740 492 698 407 346 588 401 777 556 662 572 1020 132 360 764 50 238 843 752 832 814 492 279 80 131 734 636 541 748 740 295 516 467 352 799 373 331 730 698 347 441 468 239 567 348 809 602 609 299 402 213 436 471 435 655 398 778 568 617 73 768 230 491 690 641 596 434 723 680 864 816 235 737 622 683 466 528 785 575 299 672 841 460 761 413 279 500 454 614 224 529 623 211 848 678 309 248 844 697 349 616 449 233 783 661 949 542 737 570 517 566 304 493 617 878 721 512 783 514 390 928 55 764 343 274 458 148 797 527 890 231 692 383 278 735 572 431 948 593 266 403 736 650 812 509 414 633 869 532 631 57 
622 443 369 195 457 -1 243 290 508 291 378 732 576 317 602 546 330 521 428 281 450 269 91 671 313 512 338 579 466 93 189 462 154 598 343 381 538 475 387 262 61 327 207 534 307 140 513 523 143 302 129 520 384 451 269 171 361 153 206 117 599 334 600 711 414 483 503 485 376 381 576 484 390 542 405 180 287 545 295 185 159 246 223 392 515 544 322 569 409 234 80 262 153 252 524 365 218 415 182 302 192 477 354 216 467 321 330 221 492 463 635 295 616 568 635 46 265 223 467 765 228 361 427 234 190 485 330 576 212 482 420 499 648 110 299 242 144 239 512 587 211 413 441 260 248 209 417 243 112 158 426 379 392 270 518 342 664 193 60 148 268 47 460 521 327 549 599 135 298 530 437 307 327 183 24 364 451 119 452 337 269 116 551 456 416 557 504 144 201 248 725 616 482 383 216 637 418 393 325 500 
741 642 467 372 680 243 -1 219 457 394 439 892 817 220 845 697 388 754 473 476 691 512 234 905 551 636 502 729 610 249 355 470 376 833 519 586 580 503 493 159 297 297 204 745 463 209 498 453 285 260 194 671 610 689 404 399 344 129 85 175 521 549 842 889 642 726 545 590 233 321 801 727 606 777 481 145 270 678 233 386 327 295 460 380 752 786 336 734 645 445 287 504 264 488 609 520 107 655 303 545 406 696 572 222 699 151 297 304 702 545 873 321 796 754 847 250 146 97 450 940 465 403 588 195 252 691 206 783 455 633 377 723 810 343 458 262 353 337 755 807 73 656 415 48 405 434 359 170 333 131 645 622 405 331 430 332 839 137 198 115 509 197 631 543 357 767 735 301 525 498 650 165 562 415 256 604 500 154 361 580 281 297 794 559 596 790 390 100 441 345 916 810 539 404 314 840 290 584 447 728 
897 733 286 283 596 290 219 -1 671 549 618 1020 775 435 811 831 196 791 659 378 698 513 211 833 512 787 367 864 748 358 471 670 337 765 393 484 771 697 652 60 307 500 86 821 590 356 705 670 212 464 161 805 665 715 542 457 547 154 283 313 739 465 844 1001 571 712 735 752 452 533 853 726 516 715 654 325 66 824 441 318 439 131 498 582 776 791 528 857 677 524 368 493 402 526 782 649 116 670 198 528 482 760 641 404 740 370 79 463 595 717 816 127 907 858 921 260 360 303 656 1056 435 588 714 391 136 773 424 863 465 766 588 779 936 397 326 95 435 491 732 869 152 642 623 177 287 386 572 373 310 298 710 617 601 503 649 118 954 111 290 173 530 251 749 740 544 831 880 412 581 709 553 384 599 383 314 567 686 179 579 574 469 251 780 721 706 826 609 233 423 196 1015 906 723 192 181 926 509 683 595 651 
453 566 866 703 921 508 457 671 -1 296 218 652 963 237 971 487 807 761 185 783 776 669 579 1089 757 394 846 506 420 420 399 117 650 1020 850 873 214 157 304 612 561 182 631 671 388 368 78 39 641 213 578 469 626 737 347 520 147 536 388 401 99 819 900 691 872 840 196 335 243 138 766 817 870 965 245 358 712 437 232 691 405 710 578 122 786 850 192 542 697 497 463 684 363 591 305 403 554 736 677 717 489 663 576 294 715 317 745 304 973 271 1035 751 624 607 752 552 312 368 70 724 689 194 443 289 655 618 253 688 623 448 88 699 590 511 808 688 467 307 880 748 519 790 73 505 755 695 98 300 614 387 628 749 143 259 74 776 645 569 455 514 634 501 490 160 200 713 480 409 578 51 917 294 635 662 494 789 196 532 108 722 239 623 893 317 492 793 134 450 658 738 747 669 221 841 704 717 193 512 326 949 
350 299 657 470 636 291 394 549 296 -1 97 501 666 262 674 305 621 477 150 529 480 378 381 793 470 242 603 336 218 200 118 204 398 725 600 603 252 201 102 503 324 183 479 410 101 194 265 327 433 197 406 280 334 444 50 235 174 395 309 237 396 547 609 506 586 543 219 202 330 232 494 521 593 671 114 248 565 284 220 446 139 534 286 180 497 557 127 347 402 201 218 396 147 296 235 141 445 439 473 426 199 386 285 175 427 341 606 89 693 172 738 582 418 383 505 337 285 303 232 553 412 103 206 213 477 354 293 438 337 243 232 420 420 244 572 525 191 58 583 484 418 493 224 437 525 431 245 244 371 265 344 453 153 72 343 625 456 438 263 377 340 310 254 246 105 446 341 157 281 295 639 309 338 397 268 498 168 373 303 427 138 401 597 171 234 511 366 323 382 538 543 444 194 672 507 483 331 239 56 659 
310 349 747 563 732 378 439 618 218 97 -1 488 752 263 758 300 706 543 52 625 562 473 465 882 567 217 699 327 220 285 215 111 494 815 696 700 159 104 91 567 417 168 554 457 172 262 173 253 521 197 484 278 409 521 143 332 135 464 354 306 315 644 683 509 682 628 124 161 319 197 549 603 691 762 45 298 640 262 226 541 234 616 381 121 568 633 111 351 481 293 311 492 227 389 170 185 507 522 561 521 295 445 360 218 497 353 680 159 790 107 825 663 430 405 543 425 309 343 148 550 510 42 232 244 558 402 294 477 434 249 174 481 413 341 666 603 288 139 668 533 476 582 151 486 619 528 194 273 465 321 410 542 82 114 276 702 460 506 342 445 433 390 280 148 84 497 316 250 367 206 736 321 424 494 357 592 73 447 253 519 158 492 678 132 276 575 313 385 480 626 556 467 105 754 593 513 303 294 109 754 
201 313 1038 846 827 732 892 1020 652 501 488 -1 713 749 690 195 1035 428 486 851 544 619 820 847 704 271 936 164 283 665 551 540 760 808 918 866 442 497 408 984 732 656 939 292 433 685 576 691 852 682 861 221 430 483 489 580 623 871 809 725 720 816 556 83 785 608 456 329 808 683 364 565 834 775 443 747 1019 225 710 808 582 969 568 603 474 541 597 163 480 507 653 650 632 548 347 374 929 528 889 648 547 356 422 676 431 836 1062 589 901 391 779 1018 137 188 268 770 784 804 590 77 707 530 307 713 917 301 781 258 628 259 649 370 84 634 923 972 588 555 641 323 907 616 613 934 896 755 673 744 757 761 383 596 561 570 726 1070 90 915 732 857 574 769 272 495 569 325 174 609 486 612 863 804 507 730 707 688 465 842 728 610 632 811 609 356 317 429 778 812 691 949 150 182 433 1098 925 216 789 347 445 814 
764 466 591 491 214 576 817 775 963 666 752 713 -1 857 43 645 650 286 798 406 195 314 595 138 268 698 457 662 634 609 573 864 449 97 425 325 864 848 685 783 520 820 697 426 580 675 925 993 567 814 647 636 355 251 615 459 830 705 780 677 1062 318 172 638 214 125 844 725 926 878 350 160 282 89 741 741 728 692 822 458 577 653 394 844 240 171 781 615 280 466 558 315 643 375 784 586 765 232 577 274 481 376 400 737 297 887 759 676 269 758 74 685 583 542 453 568 826 794 897 684 353 769 583 772 639 440 879 454 371 621 893 351 661 496 479 682 518 662 84 391 772 174 890 826 499 393 902 793 487 727 378 215 819 711 1005 738 623 729 630 710 336 620 562 884 765 388 712 586 385 958 270 867 328 405 568 213 805 672 955 249 757 536 103 717 526 284 1017 721 376 593 595 531 810 714 597 500 953 490 643 164 
573 558 647 505 769 317 220 435 237 262 263 749 857 -1 875 557 581 718 281 598 693 544 368 968 614 479 648 586 472 252 296 261 471 896 657 699 378 300 341 375 378 95 400 669 359 186 281 235 431 67 356 533 570 671 297 398 138 306 154 200 306 651 837 763 723 745 345 424 71 102 747 734 706 839 308 140 478 524 41 502 283 484 463 171 730 781 152 604 627 408 303 549 214 486 428 404 318 653 462 588 382 637 523 119 665 93 510 197 809 368 923 521 678 645 766 353 75 132 234 808 534 221 467 85 431 612 31 699 488 499 158 670 672 363 606 458 339 225 782 741 282 683 198 268 552 525 139 76 429 168 591 643 204 189 217 542 713 335 257 284 522 295 516 335 180 702 579 271 498 278 754 62 549 495 312 658 307 309 147 608 124 422 808 395 495 754 190 222 503 519 804 706 347 609 485 746 100 497 317 807 
751 457 633 527 258 602 845 811 971 674 758 690 43 875 -1 633 690 267 802 445 195 336 626 157 300 691 499 648 628 630 586 869 481 132 467 368 863 851 687 816 548 834 731 408 585 695 930 1002 601 829 679 626 354 245 623 477 842 735 804 700 1070 358 138 613 256 131 845 721 944 892 325 155 324 133 744 763 765 682 838 493 593 690 411 853 222 150 792 600 278 477 579 340 661 390 780 587 796 235 613 300 495 363 401 755 285 909 797 690 313 757 90 723 563 524 427 596 847 818 904 658 384 777 579 791 675 427 898 433 394 613 903 335 642 517 520 718 535 674 93 366 802 192 898 856 537 426 914 813 518 750 371 231 827 723 1016 777 601 760 655 739 353 647 554 886 775 367 699 603 393 964 314 888 336 436 593 245 807 701 968 269 771 569 85 715 521 260 1030 747 404 631 567 509 810 755 634 475 970 486 648 207 
118 183 872 678 714 546 697 831 487 305 300 195 645 557 633 -1 860 370 307 697 455 475 636 784 569 93 782 32 87 474 360 370 592 732 767 731 294 330 216 792 553 466 752 236 241 491 415 526 673 490 674 26 307 394 294 406 436 680 613 531 567 677 518 208 667 525 297 152 618 498 336 486 704 690 257 552 834 57 517 642 391 788 407 420 411 485 406 55 375 333 466 505 438 394 192 182 737 426 712 513 369 270 280 481 348 643 877 393 785 216 718 838 137 133 284 586 590 609 419 250 555 342 118 518 735 206 589 232 471 65 469 299 114 454 763 788 405 360 564 304 714 512 437 739 730 597 492 550 584 566 270 482 378 375 558 887 160 724 541 665 428 580 99 340 378 282 69 419 335 453 740 610 372 568 521 566 292 652 549 484 438 633 548 173 147 388 604 618 534 774 259 189 267 921 748 240 604 186 250 712 
946 727 91 194 448 330 388 196 807 621 706 1035 650 581 690 860 -1 732 755 246 619 450 240 683 412 837 200 892 786 421 516 781 279 620 231 331 866 800 716 245 308 626 184 794 630 450 826 813 189 593 229 836 632 651 598 455 668 274 428 410 886 332 752 1001 436 615 830 814 614 670 803 638 371 577 735 448 130 867 576 236 488 96 472 702 707 704 637 875 622 529 406 422 479 495 855 686 281 601 149 447 491 727 622 517 688 535 135 547 431 793 678 69 908 857 887 284 508 450 778 1057 357 685 742 517 152 756 578 839 419 798 719 738 953 406 170 125 458 568 624 827 314 549 748 356 159 302 709 509 278 419 681 535 710 595 798 98 958 251 364 296 483 316 767 845 647 794 919 465 557 838 398 541 556 317 353 463 779 274 728 497 579 227 678 785 720 763 767 358 360 86 1002 895 811 67 114 903 668 688 654 505 
486 205 705 540 415 521 754 791 761 477 543 428 286 718 267 370 732 -1 580 502 129 283 581 422 331 435 581 382 376 507 424 650 462 380 555 480 622 623 460 777 486 656 704 140 376 563 709 796 583 661 634 365 148 81 430 354 651 674 691 584 857 440 149 356 380 182 609 473 789 709 77 139 440 348 519 637 764 421 678 498 443 696 298 654 46 117 604 333 113 315 466 310 515 269 531 359 739 133 610 286 350 103 195 603 54 775 804 521 488 519 355 740 297 257 180 536 711 699 691 405 375 571 333 644 660 165 746 169 326 358 707 70 375 413 582 713 402 496 213 113 732 209 693 779 574 429 722 672 482 634 133 205 621 540 817 797 338 710 556 669 260 568 299 653 582 102 433 463 229 745 459 748 194 418 502 295 579 639 780 237 599 542 183 473 276 36 843 654 375 653 321 246 574 800 642 220 802 249 436 393 
297 381 797 615 783 428 473 659 185 150 52 486 798 281 802 307 755 580 -1 678 607 524 514 930 618 217 751 330 236 334 268 69 546 864 748 753 112 51 120 607 468 186 599 485 218 307 129 223 571 219 531 287 451 563 195 385 143 507 388 350 277 697 723 515 733 674 76 157 329 199 581 647 743 811 60 336 685 262 249 593 286 664 432 118 608 675 137 361 525 343 362 544 275 439 147 221 546 567 610 572 347 480 402 255 536 374 724 207 842 94 872 710 442 423 566 475 336 375 115 552 562 71 257 277 606 433 311 502 486 264 162 516 416 393 718 649 341 190 714 562 515 630 129 521 670 581 186 304 517 361 448 590 78 160 252 747 467 548 390 487 483 438 304 96 115 528 311 301 414 164 788 342 471 547 407 643 27 492 242 569 192 542 721 134 308 611 297 425 532 675 567 485 66 801 642 532 304 330 156 804 
799 538 203 104 218 281 476 378 783 529 625 851 406 598 445 697 246 502 678 -1 381 234 243 454 171 697 85 727 637 363 410 723 133 387 72 111 779 729 605 397 223 605 309 584 499 420 779 801 191 582 282 676 425 421 490 305 636 348 471 397 877 89 507 804 195 370 748 690 653 661 576 396 138 339 640 458 324 717 576 95 391 250 290 663 472 461 593 699 398 371 321 202 420 304 741 544 395 368 185 216 346 515 428 496 463 590 354 483 227 688 441 278 717 664 669 245 541 491 736 860 143 619 586 516 248 555 608 628 226 642 697 519 773 284 81 282 338 490 378 605 413 307 714 468 93 101 696 522 170 434 475 298 658 532 798 331 767 357 340 361 277 304 599 774 592 576 763 379 366 801 178 582 347 134 291 219 697 322 732 264 545 181 432 666 550 530 786 398 163 188 794 692 721 312 196 692 698 513 543 273 
573 273 585 431 287 450 691 698 776 480 562 544 195 693 195 455 619 129 607 381 -1 185 494 333 209 503 457 474 438 458 399 674 361 277 430 351 669 655 491 691 404 646 613 252 389 521 735 808 486 644 549 444 159 61 430 300 650 596 639 532 876 313 150 478 251 70 650 529 764 702 206 40 311 235 549 592 664 499 655 390 410 593 235 660 92 94 601 429 84 288 410 205 481 209 588 392 661 41 508 173 311 191 205 574 113 736 702 503 360 563 270 634 409 362 309 455 673 651 710 530 266 582 388 612 563 254 718 289 239 426 711 174 484 350 462 614 357 484 111 242 660 79 705 710 460 320 723 637 389 583 184 84 633 532 823 691 454 628 495 596 182 497 367 691 583 224 523 424 200 769 330 713 145 316 435 168 612 561 778 124 584 447 116 521 331 151 841 591 275 545 448 364 615 687 537 346 785 294 453 269 
584 306 431 256 260 269 512 513 669 378 473 619 314 544 336 475 450 283 524 234 185 -1 309 425 98 489 319 503 425 295 270 583 179 354 299 255 610 576 426 506 220 514 428 350 314 361 644 696 302 504 363 456 191 203 330 150 529 412 468 364 769 201 334 570 210 213 583 494 612 573 353 217 232 298 474 427 482 502 510 215 269 413 92 547 263 279 480 471 171 181 244 31 331 88 551 344 476 156 327 48 180 281 198 425 237 573 522 371 323 508 379 457 483 431 438 271 512 482 609 626 94 481 372 459 380 321 565 394 58 425 593 289 542 182 310 432 208 362 244 377 476 144 596 528 294 148 599 479 203 414 240 109 528 411 704 513 533 443 319 412 47 315 376 617 469 345 543 274 139 673 272 553 112 135 258 120 537 377 649 67 449 262 281 476 328 316 710 413 92 370 560 458 551 518 358 459 641 289 371 281 
713 524 288 141 446 91 234 211 579 381 465 820 595 368 626 636 240 581 514 243 494 309 -1 674 326 603 281 668 556 181 281 543 146 602 294 353 625 560 478 196 95 396 125 609 398 213 591 589 63 367 54 610 453 506 361 247 435 110 230 177 665 315 643 795 410 517 590 576 417 445 642 525 371 548 494 228 199 636 354 152 251 154 286 467 569 588 401 657 467 316 170 293 238 315 615 456 170 464 98 331 274 548 429 284 529 349 242 306 468 553 646 204 701 651 709 50 304 251 543 850 242 445 517 293 99 563 374 652 257 572 490 567 736 188 239 151 231 327 541 657 178 446 515 233 184 204 483 292 108 200 498 416 473 354 580 251 749 135 126 119 321 78 548 606 408 620 690 226 369 605 416 343 388 190 115 381 538 80 511 373 344 63 585 547 503 616 559 155 224 162 806 697 570 291 128 715 465 477 416 496 
902 604 610 553 237 671 905 833 1089 793 882 847 138 968 157 784 683 422 930 454 333 425 674 -1 357 836 483 801 772 716 693 994 529 72 452 352 999 980 818 849 611 939 761 563 711 783 1055 1117 636 929 723 775 492 390 742 575 953 785 877 779 1189 367 294 771 265 262 978 862 1034 998 482 298 317 129 874 844 778 831 935 526 694 704 513 968 377 306 903 753 417 592 664 419 756 497 921 721 840 368 638 380 601 514 536 849 435 989 805 795 256 893 67 728 719 679 584 654 930 893 1025 815 442 896 721 882 702 579 987 589 479 759 1016 489 798 604 514 737 633 784 222 523 852 300 1016 907 546 470 1023 900 571 827 516 340 946 833 1127 777 758 802 729 793 455 711 700 1017 889 524 851 699 515 1087 285 972 459 490 667 310 937 753 1074 367 875 612 239 853 664 417 1135 813 470 640 724 666 944 741 651 632 1066 627 774 181 
680 395 375 232 165 313 551 512 757 470 567 704 268 614 300 569 412 331 618 171 209 98 326 357 -1 587 249 596 523 361 358 675 180 285 224 162 706 670 523 515 254 594 431 424 411 428 735 781 301 580 379 551 273 251 423 236 614 436 519 422 855 112 340 650 115 204 679 593 679 653 407 226 135 228 570 487 469 599 583 194 352 395 187 634 300 291 566 562 233 277 310 74 406 186 649 442 496 198 315 56 271 355 289 497 296 632 505 454 225 605 322 433 567 515 503 300 573 536 699 705 85 572 470 528 375 403 632 467 133 522 677 355 631 252 252 421 290 449 220 438 504 137 684 558 253 126 682 544 219 469 321 127 618 497 787 489 616 460 371 442 145 355 471 713 556 411 638 352 236 763 174 615 199 137 309 56 632 403 729 97 530 268 270 575 423 358 788 456 112 342 633 536 648 479 339 530 713 384 467 194 
110 233 858 664 741 512 636 787 394 242 217 271 698 479 691 93 837 435 217 697 503 489 603 836 587 -1 780 113 65 430 322 277 581 779 769 744 202 237 142 744 529 385 712 312 206 436 322 433 647 412 636 79 345 446 245 394 352 633 551 478 474 688 585 298 692 574 203 60 536 412 413 538 722 733 172 490 797 45 441 631 352 757 410 332 473 546 326 148 419 325 432 518 386 403 101 153 686 469 687 532 354 332 308 415 405 567 839 332 809 124 772 807 230 222 372 555 518 544 327 335 559 259 118 449 702 271 511 316 474 77 380 365 199 433 756 753 379 300 614 385 660 550 346 680 718 595 403 480 566 508 320 516 291 306 465 853 251 677 497 617 442 540 137 247 299 358 100 378 352 360 761 535 398 564 487 593 200 609 460 510 365 610 605 84 172 458 514 565 534 751 352 280 173 894 722 331 519 211 192 747 
883 623 134 143 249 338 502 367 846 603 699 936 457 648 499 782 200 581 751 85 457 319 281 483 249 780 -1 812 720 426 486 793 205 421 31 132 855 801 683 398 286 665 313 668 580 478 847 861 220 639 308 760 510 500 567 387 699 373 511 451 937 146 575 889 242 438 822 771 698 719 657 469 174 380 716 507 305 801 630 158 465 236 375 728 549 532 659 785 480 454 390 287 486 390 821 626 409 448 198 298 427 598 514 554 544 629 326 551 232 766 480 250 802 750 751 296 586 532 803 945 229 689 670 569 255 640 655 712 311 726 759 602 859 360 43 273 415 561 441 686 433 380 779 486 97 185 755 572 234 480 559 376 726 601 855 296 852 372 394 389 362 352 684 847 660 658 847 450 451 867 198 625 432 215 352 291 771 353 788 345 607 226 497 747 635 608 838 436 248 171 878 777 797 259 194 776 746 598 621 307 
104 205 903 709 738 579 729 864 506 336 327 164 662 586 648 32 892 382 330 727 474 503 668 801 596 113 812 -1 119 506 393 390 623 751 797 758 307 349 244 825 585 493 785 245 274 523 433 545 706 519 707 58 330 413 326 438 462 713 645 563 583 704 529 185 691 544 313 173 646 523 343 504 731 710 282 584 866 69 546 673 424 820 437 445 426 499 434 51 396 365 499 534 470 423 206 214 769 447 744 540 401 286 306 512 365 672 909 425 809 237 735 870 125 134 282 619 620 640 440 223 584 369 151 548 767 221 617 235 501 97 493 313 86 486 794 820 437 392 582 309 746 534 459 771 761 627 516 580 616 598 291 505 403 405 578 920 138 756 574 697 456 613 128 355 406 290 51 451 364 470 765 640 398 599 554 591 313 685 573 509 468 665 563 196 177 398 627 650 564 806 241 182 285 953 780 234 630 214 281 735 
163 172 803 608 676 466 610 748 420 218 220 283 634 472 628 87 786 376 236 637 438 425 556 772 523 65 720 119 -1 389 277 302 524 714 708 680 249 266 131 707 477 382 670 260 158 404 354 459 597 405 593 61 280 383 207 336 355 595 526 445 507 625 525 291 627 509 242 98 534 417 360 474 658 668 180 464 753 81 432 574 308 710 348 342 413 485 322 131 355 266 385 454 351 339 154 100 651 404 636 468 297 272 242 394 343 556 795 306 744 152 708 759 209 187 332 507 503 521 351 336 497 261 53 430 655 214 504 270 412 28 393 306 201 379 698 708 327 272 550 336 627 485 364 652 662 535 414 462 512 479 256 451 301 288 488 807 241 639 457 580 378 497 77 286 294 305 133 335 287 392 696 524 332 505 441 527 225 568 473 445 351 558 542 105 107 401 531 532 473 699 336 249 208 844 672 297 523 146 162 681 
540 395 462 285 518 93 249 358 420 200 285 665 609 252 630 474 421 507 334 363 458 295 181 716 361 430 426 506 389 -1 114 369 230 644 429 456 445 382 299 318 140 243 282 496 232 66 421 438 236 223 207 447 361 447 185 158 273 206 183 76 514 404 607 652 471 503 409 398 318 299 552 496 458 587 313 134 367 466 222 270 83 334 223 302 509 550 232 502 403 196 51 297 60 249 435 291 264 419 275 337 157 446 323 137 453 279 409 128 561 372 673 382 558 512 598 140 217 193 376 705 282 268 357 166 276 443 271 535 238 409 334 474 581 112 390 325 105 146 537 557 245 437 352 281 339 278 333 184 193 126 395 399 300 177 436 425 603 250 67 192 278 110 395 428 234 518 522 55 278 440 506 258 320 247 74 406 358 179 373 360 182 209 568 369 356 544 430 154 252 341 673 566 389 472 308 593 352 339 239 555 
432 287 545 355 523 189 355 471 399 118 215 551 573 296 586 360 516 424 268 410 399 270 281 693 358 322 486 393 277 114 -1 319 280 623 481 485 369 319 201 432 211 248 392 393 119 147 378 425 327 244 315 334 275 375 83 121 259 320 279 180 498 429 540 538 473 455 337 297 367 305 459 440 477 568 230 220 475 356 256 329 31 435 180 277 434 485 210 388 331 112 110 285 94 197 340 178 379 358 367 318 92 350 230 179 370 351 518 104 578 282 643 485 444 400 494 233 288 282 340 591 295 214 243 219 379 338 323 429 224 295 322 381 467 126 455 431 72 91 493 459 358 398 326 391 410 312 330 248 255 224 301 357 260 140 434 531 490 363 181 306 237 219 281 364 198 419 411 58 201 405 523 323 254 278 165 390 286 292 382 326 185 291 515 269 243 460 444 265 265 432 562 455 311 572 402 485 385 229 139 550 
344 451 830 653 841 462 470 670 117 204 111 540 864 261 869 370 781 650 69 723 674 583 543 994 675 277 793 390 302 369 319 -1 590 927 793 804 119 44 189 615 507 173 616 555 284 331 61 156 603 210 553 351 519 631 253 439 126 522 390 371 208 748 792 575 790 740 90 218 297 166 651 714 796 873 130 345 701 321 238 635 333 687 490 91 677 743 144 424 592 404 403 601 308 500 193 290 554 634 641 631 404 550 470 267 605 354 739 242 897 154 937 732 506 489 634 508 327 374 49 610 615 104 327 279 630 503 288 571 542 330 116 585 475 441 758 670 391 233 780 632 521 694 75 519 708 629 141 301 558 372 517 654 70 192 187 765 529 561 417 501 543 465 373 73 135 597 366 344 478 95 842 324 536 595 443 702 78 511 190 631 202 578 789 199 377 680 238 437 584 705 630 551 107 823 671 599 262 400 221 864 
687 449 280 86 306 154 376 337 650 398 494 760 449 471 481 592 279 462 546 133 361 179 146 529 180 581 205 623 524 230 280 590 -1 457 202 227 650 597 479 336 93 473 253 515 377 289 646 669 125 451 198 569 353 382 362 187 503 257 355 271 745 180 506 722 266 375 617 568 530 529 529 388 236 402 511 334 303 605 447 50 260 234 193 530 443 453 460 601 349 259 188 156 287 216 617 427 316 335 148 191 227 448 342 365 414 472 342 350 338 561 500 279 630 578 609 127 419 374 603 778 98 486 476 387 202 477 484 559 140 533 565 461 678 154 176 253 209 357 397 551 324 305 581 379 138 58 563 397 43 311 402 279 524 399 666 335 680 280 214 263 205 186 496 642 459 516 654 246 278 667 284 461 278 45 160 236 566 224 602 237 412 88 444 543 447 495 657 286 87 195 722 615 591 345 180 624 572 413 416 353 
850 550 551 483 172 598 833 765 1020 725 815 808 97 896 132 732 620 380 864 387 277 354 602 72 285 779 421 751 714 644 623 927 457 -1 390 289 936 914 754 779 538 868 692 519 646 710 989 1048 565 858 652 721 433 337 675 504 883 713 804 707 1120 299 268 734 194 207 914 802 962 927 446 247 251 56 809 771 711 776 863 455 623 637 443 899 333 267 834 705 359 524 592 347 685 429 861 659 769 309 569 308 532 465 475 778 385 917 739 725 205 830 64 663 676 634 550 582 858 821 957 781 369 829 662 810 632 529 915 549 407 703 946 442 754 532 451 669 562 715 169 487 781 234 947 836 479 398 953 828 499 754 462 273 877 764 1057 714 718 732 656 721 386 639 645 953 820 482 800 628 450 1020 223 900 394 418 594 238 872 682 1004 297 804 540 199 792 606 380 1064 740 397 574 692 626 880 681 584 596 994 569 708 115 
871 605 165 152 218 343 519 393 850 600 696 918 425 657 467 767 231 555 748 72 430 299 294 452 224 769 31 797 708 429 481 793 202 390 -1 101 851 799 677 422 288 670 336 646 571 484 848 866 235 646 325 746 489 475 562 378 703 390 524 458 942 117 545 869 211 409 819 762 710 725 631 440 143 348 712 517 333 788 638 159 462 262 360 731 522 503 661 768 456 443 390 267 488 374 813 616 430 422 217 275 418 576 496 560 520 643 355 552 203 760 449 279 782 730 727 304 597 545 804 924 212 689 657 577 276 620 665 689 296 713 763 578 841 355 66 298 409 560 411 662 452 353 781 506 114 173 760 581 236 491 539 350 726 601 861 326 833 392 401 405 344 362 669 845 660 635 833 449 434 869 167 637 412 206 356 263 768 368 795 321 611 235 467 738 620 581 847 449 234 197 856 756 792 291 217 753 756 582 615 275 
840 558 265 215 117 381 586 484 873 603 700 866 325 699 368 731 331 480 753 111 351 255 353 352 162 744 132 758 680 456 485 804 227 289 101 -1 848 804 668 506 321 699 418 584 558 517 862 893 302 678 393 711 436 402 559 369 726 459 578 499 969 56 453 811 113 320 819 745 757 755 557 355 43 247 709 561 427 758 675 201 471 353 335 751 443 415 681 724 391 424 409 226 510 341 799 595 506 351 295 219 408 515 452 592 451 697 452 569 115 751 347 375 729 678 657 350 645 598 821 865 191 699 628 615 358 565 711 626 272 681 788 512 793 363 162 388 412 571 317 591 524 272 801 579 197 177 789 624 269 538 483 278 741 616 892 425 778 468 442 471 303 410 632 849 676 567 799 463 395 886 68 687 361 210 388 185 769 432 829 257 636 289 373 724 584 502 884 506 220 289 791 697 789 392 303 688 799 545 608 174 
241 417 907 721 870 538 580 771 214 252 159 442 864 378 863 294 866 622 112 779 669 610 625 999 706 202 855 307 249 445 369 119 650 936 851 848 -1 78 184 718 575 286 711 509 295 420 136 252 681 322 643 282 509 619 290 479 240 619 497 462 278 792 770 487 820 738 36 151 416 285 609 707 835 886 139 447 797 238 351 698 391 775 519 207 656 726 245 349 585 428 469 632 386 522 101 277 657 631 720 657 440 519 463 366 585 471 836 318 932 106 938 822 431 424 575 585 440 483 162 515 657 183 289 385 717 463 406 517 578 272 235 553 386 495 824 761 441 299 779 584 625 702 193 629 777 680 260 410 623 472 496 664 176 271 289 859 444 660 501 599 566 550 326 54 226 554 273 408 488 170 879 441 542 647 517 725 86 604 305 648 302 651 779 149 346 649 346 537 628 786 548 483 59 913 753 534 381 377 240 886 
300 422 845 664 835 475 503 697 157 201 104 497 848 300 851 330 800 623 51 729 655 576 560 980 670 237 801 349 266 382 319 44 597 914 799 804 78 -1 164 643 517 208 640 523 268 350 87 196 618 244 574 312 498 610 246 436 162 547 421 392 240 749 768 533 785 722 46 177 339 207 621 695 795 861 106 372 725 279 273 643 337 708 483 129 653 721 169 384 572 395 412 596 322 490 149 266 583 616 657 624 399 522 450 292 581 393 764 254 894 115 922 753 467 452 599 522 362 406 93 567 614 114 295 309 650 472 328 537 538 294 160 558 433 445 767 692 392 240 763 599 550 680 119 552 719 632 185 333 567 398 492 640 98 205 230 788 487 587 435 526 534 483 339 46 154 567 323 351 464 125 840 362 521 598 456 694 44 534 234 620 228 591 769 161 348 653 282 464 584 722 589 513 64 844 688 563 306 374 206 856 
248 261 747 556 686 387 493 652 304 102 91 408 685 341 687 216 716 460 120 605 491 426 478 818 523 142 683 244 131 299 201 189 479 754 677 668 184 164 -1 606 413 250 580 367 111 297 248 341 527 274 506 191 334 445 118 300 223 497 408 340 398 611 603 422 636 559 159 100 403 286 462 531 653 703 59 348 666 186 302 528 228 632 336 212 488 556 190 263 408 245 310 449 249 338 139 101 547 452 567 473 260 360 286 272 417 427 707 191 749 83 759 681 341 314 452 432 377 401 233 466 477 130 141 306 575 314 373 387 396 160 265 396 330 324 655 624 269 161 600 444 520 520 241 538 611 504 285 337 457 366 328 481 173 163 366 724 373 541 364 479 382 409 189 199 162 409 242 251 304 285 696 395 360 471 363 541 120 475 344 464 224 493 605 69 188 490 404 425 449 632 467 377 126 770 602 422 392 210 62 702 
853 704 332 296 614 262 159 60 612 503 567 984 783 375 816 792 245 777 607 397 691 506 196 849 515 744 398 825 707 318 432 615 336 779 422 506 718 643 606 -1 290 444 87 796 551 309 648 610 215 407 142 766 645 702 500 433 490 112 226 265 679 482 840 968 585 711 682 706 392 475 835 722 535 728 605 271 118 782 383 325 401 165 480 526 765 785 473 821 663 496 335 488 357 509 733 610 60 661 211 526 453 738 617 351 724 310 138 415 620 668 828 175 874 827 897 240 300 245 599 1022 434 535 676 335 148 747 364 838 454 727 529 760 899 372 355 127 404 445 734 848 94 640 565 117 310 389 514 316 303 246 687 612 546 453 589 176 921 69 251 127 517 218 713 686 491 810 838 374 559 651 574 324 582 382 285 571 634 143 519 569 415 248 780 675 672 812 549 182 419 227 986 877 671 250 204 899 449 652 551 668 
638 432 333 146 396 61 297 307 561 324 417 732 520 378 548 553 308 486 468 223 404 220 95 611 254 529 286 585 477 140 211 507 93 538 288 321 575 517 413 290 -1 382 220 514 322 197 561 578 120 359 148 528 357 412 294 154 414 192 266 178 654 273 554 704 353 432 541 508 437 438 546 437 328 483 438 241 291 558 354 129 185 236 191 442 475 499 372 570 373 225 105 208 200 219 552 377 256 372 159 248 185 452 334 273 434 382 334 265 431 493 577 286 610 560 613 51 327 284 516 760 169 404 434 294 187 469 391 557 165 490 475 472 649 98 250 241 149 277 459 561 256 361 493 308 202 147 472 304 52 220 402 329 439 315 575 338 659 225 122 192 227 100 461 563 373 524 611 167 273 580 376 369 292 121 67 307 490 157 510 286 322 81 500 481 415 522 564 201 143 222 713 604 518 367 195 620 478 387 350 439 
478 483 683 522 756 327 297 500 182 183 168 656 820 95 834 466 626 656 186 605 646 514 396 939 594 385 665 493 382 243 248 173 473 868 670 699 286 208 250 444 382 -1 453 593 284 186 205 195 458 36 397 442 510 616 226 363 47 358 218 218 272 647 783 673 708 703 252 330 152 58 677 686 699 812 214 178 536 431 64 511 244 530 426 82 672 729 60 514 573 357 289 524 189 445 332 322 384 605 494 560 339 568 461 111 604 188 572 144 803 272 890 571 590 560 687 370 153 201 155 716 520 126 382 110 474 537 126 621 463 410 94 602 580 342 626 508 306 161 741 668 349 646 123 346 574 521 90 128 435 207 525 605 110 115 194 600 624 394 272 336 484 318 431 246 87 629 485 242 446 212 747 156 500 489 314 632 212 352 135 573 64 441 762 301 416 691 196 271 489 556 717 622 252 662 521 664 147 423 234 789 
822 648 262 208 526 207 204 86 631 479 554 939 697 400 731 752 184 704 599 309 613 428 125 761 431 712 313 785 670 282 392 616 253 692 336 418 711 640 580 87 220 453 -1 734 512 291 657 634 130 419 77 726 578 628 467 371 497 95 246 248 706 394 760 918 497 629 674 680 430 493 766 641 447 640 588 274 86 748 398 239 361 90 411 532 690 706 472 776 590 439 286 408 331 440 714 570 100 584 123 444 397 673 554 349 653 351 127 396 533 650 741 120 823 774 834 174 326 268 608 972 351 527 634 343 60 688 395 777 379 687 544 692 855 312 270 58 351 422 650 782 131 558 576 178 223 305 532 331 224 245 623 532 546 440 617 148 871 67 216 117 444 172 667 684 485 745 803 334 494 665 487 357 512 299 231 487 624 106 547 489 413 166 697 650 624 739 584 181 338 145 930 821 660 210 119 840 485 599 522 580 
350 110 781 600 536 534 745 821 671 410 457 292 426 669 408 236 794 140 485 584 252 350 609 563 424 312 668 245 260 496 393 555 515 519 646 584 509 523 367 796 514 593 734 -1 310 540 610 708 626 606 659 236 162 190 371 363 579 686 672 569 762 537 284 228 496 316 501 358 738 641 101 273 548 484 425 613 804 290 627 559 418 743 326 576 186 257 536 195 193 302 465 381 487 300 412 273 751 237 658 371 344 69 179 564 139 738 846 474 610 411 496 791 158 116 102 560 677 675 600 281 444 491 228 605 699 56 699 44 375 237 629 77 235 424 661 754 396 444 350 76 738 325 608 777 643 497 647 635 524 616 113 308 538 481 733 846 202 727 555 678 312 578 184 546 511 46 296 444 241 648 574 708 239 477 512 401 479 653 707 327 545 583 324 364 180 153 768 650 435 710 210 113 467 861 693 109 741 171 360 522 
315 199 652 459 574 307 463 590 388 101 172 433 580 359 585 241 630 376 218 499 389 314 398 711 411 206 580 274 158 232 119 284 377 646 571 558 295 268 111 551 322 284 512 310 -1 254 345 422 441 295 434 215 237 349 62 193 275 438 382 292 487 501 512 426 524 455 270 190 428 334 393 430 542 593 162 320 594 237 317 428 150 552 224 278 398 461 229 272 309 133 227 337 199 226 242 59 496 349 480 361 152 284 188 259 328 432 637 168 637 194 654 602 334 293 407 350 373 381 320 477 367 195 125 299 497 253 390 340 285 176 330 319 349 227 554 549 172 136 496 383 474 411 318 502 513 397 346 331 360 331 243 372 246 170 440 649 376 482 299 424 270 339 168 307 205 345 292 177 195 379 585 401 252 365 282 430 226 411 404 353 235 403 505 167 138 410 467 379 340 544 456 352 237 688 516 388 432 139 63 591 
544 435 501 335 583 140 209 356 368 194 262 685 675 186 695 491 450 563 307 420 521 361 213 783 428 436 478 523 404 66 147 331 289 710 484 517 420 350 297 309 197 186 291 540 254 -1 378 382 274 162 223 464 416 506 196 220 223 202 132 43 458 467 668 679 537 568 384 396 251 241 603 560 521 654 298 74 377 476 158 325 122 357 286 254 568 612 188 525 462 248 118 364 54 311 425 311 250 481 311 403 213 496 374 76 509 215 417 106 624 361 740 402 587 544 642 183 152 136 330 731 348 237 379 100 299 485 204 577 304 426 280 525 602 179 439 341 164 136 602 605 224 503 303 248 387 341 276 118 250 77 446 464 260 148 378 439 630 245 87 183 343 135 422 396 197 566 532 100 335 392 569 192 380 310 129 472 333 184 312 426 131 254 632 366 387 600 367 128 317 375 707 601 368 493 341 632 286 376 244 621 
376 508 879 706 901 513 498 705 78 265 173 576 925 281 930 415 826 709 129 779 735 644 591 1055 735 322 847 433 354 421 378 61 646 989 848 862 136 87 248 648 561 205 657 610 345 378 -1 116 652 240 597 399 580 692 314 499 159 562 422 416 152 807 852 617 851 801 120 264 303 179 708 775 855 935 189 383 741 363 265 690 390 731 551 124 737 804 190 471 653 465 458 661 361 561 229 350 589 695 689 692 464 608 531 309 665 369 777 296 956 202 999 774 553 540 687 558 352 404 49 648 674 163 383 314 674 559 304 625 602 381 123 644 516 499 811 712 450 290 842 687 554 755 83 547 760 686 145 332 612 411 577 715 121 247 153 805 572 599 465 540 605 513 427 81 187 654 404 400 540 37 902 343 597 653 496 763 131 554 177 692 247 629 850 249 435 739 212 476 643 753 674 600 148 865 719 650 259 459 282 925 
492 602 875 717 945 523 453 670 39 327 253 691 993 235 1002 526 813 796 223 801 808 696 589 1117 781 433 861 545 459 438 425 156 669 1048 866 893 252 196 341 610 578 195 634 708 422 382 116 -1 652 222 585 508 659 771 378 546 167 539 389 412 76 840 934 730 896 871 235 374 230 143 802 849 892 993 283 364 714 476 237 707 429 716 605 149 820 884 215 581 730 526 483 709 382 619 344 439 554 767 687 743 516 699 610 307 749 308 746 327 995 310 1064 755 663 646 790 565 310 368 108 763 711 226 481 297 662 655 247 726 648 487 104 734 629 533 822 692 491 334 911 785 518 819 103 500 769 715 106 304 631 393 663 779 176 285 38 778 684 571 467 517 662 512 528 198 227 750 519 431 609 84 939 288 666 683 510 816 235 539 93 750 256 636 925 355 529 828 101 454 680 747 786 708 260 844 712 756 176 548 360 975 
757 549 227 86 403 143 285 212 641 433 521 852 567 431 601 673 189 583 571 191 486 302 63 636 301 647 220 706 597 236 327 603 125 565 235 302 681 618 527 215 120 458 130 626 441 274 652 652 -1 430 91 648 466 505 409 272 497 157 290 240 728 270 631 822 371 500 646 624 479 509 649 513 325 513 547 291 180 678 417 110 299 117 299 529 566 578 461 690 470 344 217 281 295 326 666 497 205 459 39 316 305 561 448 347 534 409 221 364 418 605 613 166 728 678 723 96 366 312 605 878 222 503 555 356 77 583 436 669 257 610 553 577 769 219 177 130 269 382 520 667 222 429 577 277 123 175 546 355 102 263 513 404 533 412 643 220 778 167 187 171 323 140 582 664 468 632 731 276 385 667 368 405 395 171 165 357 594 133 574 362 406 42 568 596 535 617 622 216 211 105 828 720 625 247 75 733 528 506 465 455 
508 495 653 496 740 302 260 464 213 197 197 682 814 67 829 490 593 661 219 582 644 504 367 929 580 412 639 519 405 223 244 210 451 858 646 678 322 244 274 407 359 36 419 606 295 162 240 222 430 -1 365 465 514 618 234 354 83 323 181 190 298 627 784 696 692 699 287 358 133 79 686 684 681 802 242 145 501 457 29 488 236 497 419 119 675 729 86 536 574 356 271 512 173 439 364 338 348 603 464 549 333 576 466 86 609 156 536 141 784 303 882 538 611 578 702 343 117 164 191 741 504 156 401 76 441 549 99 635 451 432 126 610 605 328 600 475 296 165 736 679 313 639 158 309 547 501 116 91 412 174 531 599 146 125 215 565 646 359 245 301 477 289 450 283 113 640 512 229 445 246 729 123 498 470 291 621 246 319 150 565 61 414 759 329 431 696 208 237 473 525 737 640 286 628 490 680 141 434 251 775 
