200
-1 239 103 418 160 322 279 245 534 275 172 394 190 398 227 363 296 261 654 608 173 445 242 517 225 471 463 350 207 468 455 289 463 707 556 204 174 48 248 177 316 488 497 299 505 497 330 467 270 42 573 572 106 556 95 250 243 518 608 439 443 180 388 470 150 563 117 652 582 147 156 556 783 600 132 297 168 69 329 186 326 358 247 389 477 382 503 471 410 333 465 209 523 431 232 106 246 617 449 559 130 427 541 191 188 351 471 580 463 632 353 340 385 247 416 30 424 410 435 394 281 403 543 470 279 484 378 308 421 433 431 492 454 446 55 429 273 558 311 286 327 384 663 578 496 539 268 354 500 377 351 605 274 592 438 373 420 522 495 241 628 340 416 417 439 222 567 312 471 248 516 292 198 99 395 303 425 537 220 145 293 167 297 146 388 334 601 538 247 319 66 677 506 251 368 346 333 559 338 542 
239 -1 259 271 149 559 502 250 599 269 203 469 156 361 456 551 60 430 457 612 344 262 475 343 185 617 529 159 377 459 466 378 232 522 630 425 268 228 459 414 471 302 479 274 413 272 174 309 31 198 669 553 139 319 321 208 330 294 696 576 495 82 396 514 270 485 182 506 443 376 181 440 587 512 289 533 345 289 334 394 533 584 122 269 504 481 609 427 319 435 547 353 644 666 471 328 430 641 326 673 320 425 412 92 283 295 260 357 583 528 433 371 196 445 480 263 210 252 418 626 279 582 310 234 132 368 139 327 314 315 215 255 298 610 240 583 48 425 92 88 94 179 450 370 510 512 503 411 354 153 135 476 426 428 547 220 183 327 379 67 704 560 449 336 201 316 565 543 281 58 363 243 180 281 537 542 364 544 150 350 414 400 476 223 203 474 573 299 483 244 191 513 266 270 133 331 281 380 570 323 
103 259 -1 362 125 320 247 340 430 188 265 290 269 307 208 294 305 178 611 506 87 404 231 580 308 382 359 324 305 369 354 185 492 655 453 173 74 60 324 188 227 445 400 215 424 532 392 413 287 104 473 473 125 553 179 182 140 499 507 346 339 231 289 366 47 477 79 584 514 136 102 638 736 515 236 337 266 69 427 270 273 330 215 326 374 280 404 379 334 231 363 311 427 469 245 90 172 513 527 461 62 328 471 180 291 270 515 558 366 551 249 239 438 185 312 125 465 476 338 439 377 329 533 469 246 412 388 211 502 366 411 513 522 364 159 342 304 635 306 274 329 361 630 544 394 441 262 251 572 412 338 533 183 534 338 325 423 483 576 287 526 403 313 504 457 325 465 294 526 244 456 217 139 202 303 324 340 436 175 235 193 226 221 66 353 240 502 540 290 249 153 617 515 160 392 253 423 510 384 582 
418 271 362 -1 257 676 587 519 459 204 463 373 423 183 561 570 235 456 252 408 407 71 586 548 455 568 406 120 610 273 300 337 362 292 493 522 309 378 666 551 467 96 277 180 159 409 427 50 258 380 552 337 321 296 513 181 314 204 565 522 365 343 254 370 333 230 302 240 173 498 266 679 373 250 520 699 572 427 605 603 584 665 177 46 343 408 512 213 97 382 436 595 558 832 607 453 474 453 572 575 414 258 141 240 536 140 434 241 508 259 356 268 417 503 368 448 393 488 238 800 550 583 256 245 149 102 250 239 568 60 149 350 527 585 450 550 298 654 192 182 214 127 284 201 334 296 619 317 582 342 164 205 432 174 468 51 235 135 623 337 558 756 314 596 306 572 363 641 480 216 98 157 224 500 498 686 154 353 197 560 391 579 501 296 84 451 347 304 651 122 406 260 309 233 297 200 551 148 745 463 
160 149 125 257 -1 445 373 315 464 146 244 328 223 262 333 406 185 284 497 500 202 288 356 489 264 468 392 200 358 349 347 232 376 547 492 298 119 122 408 307 322 330 375 163 354 419 309 306 171 124 527 451 72 428 256 100 182 374 556 427 361 155 276 383 123 418 49 492 423 259 32 572 624 452 271 448 319 177 407 346 394 455 91 230 380 335 464 336 256 288 406 349 497 582 365 210 287 521 457 527 187 311 383 58 302 205 409 434 435 480 290 240 342 306 343 190 359 392 311 548 352 435 407 344 124 327 266 198 438 275 286 393 438 461 195 434 197 561 181 149 205 236 511 424 391 413 387 273 493 302 212 448 277 431 401 213 298 366 509 195 567 499 321 450 337 339 455 420 429 121 355 144 49 246 387 442 281 430 59 304 265 323 331 75 233 325 477 415 398 165 157 517 391 136 276 218 379 400 492 471 
322 559 320 676 445 -1 103 513 549 479 460 448 497 575 115 225 614 255 927 685 270 723 89 825 522 374 500 644 339 595 564 385 786 966 553 153 366 333 251 145 288 763 627 507 703 820 642 725 590 362 530 684 420 870 268 494 379 819 569 374 507 503 525 534 342 740 396 879 811 186 423 834 1049 779 355 131 326 271 566 265 159 87 535 635 561 408 467 634 629 382 479 376 454 197 92 235 225 666 739 490 262 560 767 495 423 561 791 878 417 822 421 475 703 191 475 304 745 717 580 193 540 264 851 784 567 708 697 471 707 668 731 814 758 322 342 334 595 845 621 592 641 681 950 863 590 666 57 452 797 699 657 823 289 841 420 643 736 801 778 563 603 233 513 690 760 435 660 50 786 558 763 521 459 331 342 69 616 628 496 283 342 200 233 383 673 320 716 854 140 555 383 919 825 448 690 523 606 824 167 863 
279 502 247 587 373 103 -1 503 449 386 440 344 468 476 55 137 552 151 839 582 180 639 57 797 499 286 397 568 360 492 461 284 734 874 455 76 279 275 297 124 185 678 523 413 604 771 609 636 532 313 437 580 363 801 256 408 282 743 476 279 403 457 423 431 259 638 327 782 715 132 347 825 958 678 350 208 337 216 570 289 71 82 460 545 457 305 371 532 533 279 378 392 363 299 111 176 123 564 722 401 185 458 671 428 421 466 748 800 321 722 317 373 665 89 372 269 700 689 478 290 535 181 779 717 490 612 635 373 692 575 656 758 732 238 314 243 543 831 554 522 577 605 867 780 486 563 69 349 776 650 585 725 186 748 320 558 671 717 766 517 509 310 409 682 703 441 556 56 751 492 671 431 379 319 244 154 517 524 418 290 238 213 130 304 593 217 612 788 192 465 345 824 762 356 635 424 596 735 254 818 
245 250 340 519 315 513 503 -1 765 461 75 624 97 576 447 605 300 507 700 815 418 512 454 325 65 717 692 409 204 665 662 520 365 768 790 435 397 280 312 382 562 551 690 478 652 378 175 559 270 236 813 766 246 518 248 412 470 524 846 684 667 177 590 691 380 721 306 756 692 376 336 321 828 752 157 431 196 313 92 262 561 572 352 512 692 619 744 648 555 570 700 164 767 543 422 346 491 833 227 802 376 626 660 293 93 515 330 584 706 772 584 550 241 488 644 241 300 223 626 498 37 646 525 444 373 612 347 510 193 559 456 406 255 691 195 674 238 331 340 338 332 427 684 610 705 728 470 576 286 285 381 724 519 678 679 468 396 574 264 190 863 411 631 178 372 100 770 520 303 303 613 455 364 184 640 468 590 744 357 232 533 314 541 355 454 578 791 490 390 468 186 763 447 448 307 533 93 629 449 402 
534 599 430 459 464 549 449 765 -1 330 689 140 681 276 470 330 608 316 652 158 373 530 492 941 723 210 72 536 723 191 159 245 789 646 34 443 367 490 707 518 266 546 201 330 351 837 771 483 611 531 98 199 522 755 592 392 294 663 106 185 104 619 212 90 386 331 460 514 470 474 436 1035 729 359 665 652 686 480 855 671 391 482 482 417 116 156 101 260 361 202 72 737 145 747 544 467 346 121 920 139 417 200 437 510 722 333 844 695 141 407 181 228 794 375 121 552 796 851 221 739 802 304 716 696 489 401 666 272 902 406 602 789 897 260 589 231 646 1023 578 548 609 563 709 641 133 213 516 190 953 737 579 456 285 532 128 472 672 581 973 656 104 750 153 914 737 756 159 498 876 549 481 364 422 629 208 602 306 139 449 647 247 604 319 410 525 235 224 760 624 379 580 572 759 330 700 278 839 557 700 892 
275 269 188 204 146 479 386 461 330 -1 390 206 369 122 365 367 279 252 455 354 209 264 391 610 410 382 261 225 483 203 202 139 466 487 361 326 118 228 512 367 265 299 229 27 235 512 442 251 280 251 405 305 216 465 364 62 110 386 429 337 226 298 130 244 146 289 164 401 332 312 128 708 571 327 403 520 443 257 554 456 380 462 152 159 236 228 350 196 150 191 283 481 390 648 419 273 270 376 593 415 226 164 289 182 443 83 516 436 333 362 176 102 463 300 213 303 467 522 165 621 498 383 433 391 163 229 344 58 577 188 307 471 567 391 323 357 316 694 253 220 284 260 488 404 246 268 424 146 623 408 262 348 228 361 294 185 358 338 646 329 435 591 180 593 416 479 308 442 546 219 284 49 98 373 306 498 151 283 118 418 191 414 297 129 232 253 332 462 474 82 294 439 451 31 372 72 524 349 568 568 
172 203 265 463 244 460 440 75 689 390 -1 549 52 506 385 535 260 434 661 742 344 464 394 365 61 643 617 360 188 593 588 444 364 725 714 369 321 205 288 322 488 505 619 407 589 386 189 506 229 161 737 695 173 500 192 342 395 493 771 610 592 122 517 616 305 656 231 702 637 310 263 385 791 689 114 393 166 241 166 229 494 513 290 451 618 544 669 579 490 494 624 156 692 514 368 276 419 759 282 727 303 554 602 229 81 447 346 555 631 711 508 476 255 418 568 172 307 258 555 470 113 576 501 421 314 552 322 437 251 499 417 402 297 619 126 601 205 390 296 288 294 382 651 573 632 658 413 501 337 278 338 667 445 628 603 412 370 531 325 156 788 391 557 245 360 112 698 462 331 249 560 387 293 129 566 422 523 671 290 190 458 266 470 280 405 503 721 475 347 402 111 715 435 375 290 462 160 582 418 420 
394 469 290 373 328 448 344 624 140 206 549 -1 542 197 354 254 484 196 599 240 238 443 378 812 583 199 69 427 586 162 124 105 672 610 166 322 227 349 578 393 160 468 190 213 310 719 637 408 483 390 200 237 383 660 455 267 153 574 227 154 59 482 123 87 245 320 320 491 434 345 299 900 696 357 525 536 549 342 714 537 300 395 357 327 113 45 144 220 282 69 78 598 187 642 426 332 227 232 785 209 280 139 393 377 582 234 721 615 135 405 40 108 665 260 27 412 672 719 165 629 662 246 624 592 369 344 550 148 765 331 502 676 765 226 449 190 517 889 459 426 490 459 647 570 142 225 406 60 820 613 466 431 162 485 94 373 562 506 837 523 240 629 76 775 622 616 211 399 749 423 420 248 289 490 143 492 238 180 320 511 115 473 215 270 425 129 269 660 502 270 439 544 653 198 578 174 700 496 585 774 
190 156 269 423 223 497 468 97 681 369 52 542 -1 481 413 552 211 445 612 724 353 419 426 329 41 652 609 315 240 572 571 439 313 678 708 394 316 212 338 355 497 459 597 384 555 337 146 464 180 167 736 673 159 448 230 317 389 442 767 616 581 80 499 605 303 624 221 661 596 335 247 369 742 655 162 438 216 259 187 277 517 544 255 415 603 542 669 553 458 492 619 208 695 562 404 297 433 744 259 729 315 534 563 197 133 419 299 503 634 675 502 462 209 437 560 198 258 221 533 518 131 591 449 368 276 515 269 420 232 462 368 351 264 631 155 611 154 368 248 244 244 335 601 523 615 634 447 491 309 226 291 628 452 584 603 372 318 484 307 104 782 441 543 235 308 162 678 494 289 207 518 360 271 171 573 463 494 653 261 237 459 308 484 271 360 509 697 422 391 372 124 670 382 358 237 440 157 537 465 373 
398 361 307 183 262 575 476 576 276 122 506 197 481 -1 464 425 354 328 402 251 311 254 491 688 521 396 223 265 605 100 119 194 521 417 310 426 234 350 632 477 320 274 118 100 128 569 535 213 364 374 368 192 335 478 485 164 196 387 382 350 182 406 73 186 262 170 286 309 245 422 248 801 503 209 525 630 566 376 668 577 454 544 238 140 162 237 330 74 87 223 254 603 378 755 525 387 353 286 687 392 337 76 202 286 563 66 583 423 331 248 189 106 545 386 188 425 537 610 60 731 612 429 439 420 233 149 400 104 675 135 325 517 654 420 446 384 403 783 317 291 348 289 450 375 158 152 523 148 710 480 310 250 297 291 291 197 400 311 740 426 378 707 131 695 467 600 204 532 621 304 223 121 213 496 333 602 43 186 220 540 247 532 366 251 250 298 215 484 587 118 416 356 484 147 439 54 632 299 679 624 
227 456 208 561 333 115 55 447 470 365 385 354 413 464 -1 181 507 157 812 594 155 608 26 743 444 326 413 532 307 492 464 280 686 851 480 38 251 228 252 69 204 648 524 393 592 722 556 610 486 263 469 585 316 760 200 379 268 707 508 312 414 407 418 442 227 631 285 766 697 80 309 769 934 671 294 182 282 167 514 237 121 130 423 520 465 319 401 526 515 286 398 337 399 292 73 127 126 581 667 437 148 455 654 385 365 447 698 765 351 713 323 367 613 95 382 215 650 635 474 275 479 226 741 676 454 594 591 360 636 554 619 711 678 282 259 282 495 775 512 482 534 569 836 749 493 564 58 349 721 601 546 710 191 726 345 528 628 687 710 467 539 279 413 626 657 385 564 87 698 449 648 406 345 263 273 140 504 533 382 236 242 161 153 269 559 235 617 746 154 440 292 805 718 334 588 411 540 709 231 768 
363 551 294 570 406 225 137 605 330 367 535 254 552 425 181 -1 591 122 817 477 207 632 192 873 588 149 291 580 486 415 378 235 782 841 331 175 291 342 432 248 105 666 444 389 551 824 685 615 577 386 305 488 420 821 369 408 257 750 344 149 307 524 359 332 282 571 369 733 670 232 375 920 927 609 461 344 458 294 680 417 66 151 480 524 364 209 242 467 498 203 265 513 229 421 247 258 121 450 812 266 238 387 628 465 531 435 809 802 193 656 241 319 732 116 279 363 759 767 411 419 639 44 793 741 505 572 671 334 784 545 666 799 813 101 409 109 597 921 583 549 610 617 855 771 394 479 206 280 861 705 607 673 139 714 202 552 700 706 859 581 378 447 328 780 743 556 458 175 820 527 641 416 395 427 123 287 469 428 435 412 180 341 75 330 595 128 520 813 329 449 429 782 794 340 682 382 695 712 388 875 
296 60 305 235 185 614 552 300 608 279 260 484 211 354 507 591 -1 469 401 605 386 214 528 335 234 646 541 115 437 454 466 402 192 467 640 476 302 281 520 470 505 252 470 278 387 237 191 267 31 254 684 542 193 259 381 217 356 234 708 603 504 142 399 520 309 459 226 461 402 429 216 450 530 484 349 592 406 342 379 455 578 634 127 243 506 502 628 414 299 459 562 412 665 725 527 380 472 639 340 692 367 423 374 126 341 287 236 297 606 494 452 381 191 490 493 322 187 258 413 686 326 620 250 174 120 336 83 338 333 287 157 208 301 643 301 614 64 430 43 62 33 127 391 312 508 500 557 425 357 129 81 437 461 380 568 187 123 273 391 110 713 621 456 361 152 373 558 595 268 65 321 244 203 342 566 600 349 540 166 411 443 459 516 260 159 505 559 241 542 236 251 465 211 287 94 332 318 329 630 291 
261 430 178 456 284 255 151 507 316 252 434 196 445 328 157 122 469 -1 707 437 91 515 181 758 483 210 256 458 420 340 309 133 660 735 329 127 168 232 392 202 57 550 372 276 456 703 570 503 455 277 328 430 303 699 291 287 142 630 366 181 256 409 272 284 160 487 249 636 570 161 252 814 820 527 376 339 386 194 589 360 128 216 357 411 309 162 258 381 392 129 243 440 268 447 230 167 31 424 704 305 131 306 527 343 443 326 690 683 211 571 167 223 615 64 224 268 640 654 326 432 543 152 672 619 383 469 549 228 678 436 545 677 700 186 313 167 477 813 460 426 487 496 740 655 336 411 210 197 750 584 485 578 34 608 196 434 577 590 752 464 393 434 258 677 621 472 407 208 703 404 533 300 272 341 137 296 370 376 313 343 86 289 47 208 476 83 462 691 308 333 323 681 671 223 560 279 594 601 388 754 
654 457 611 252 497 927 839 700 652 455 661 599 612 402 812 817 401 707 -1 550 659 209 838 609 634 798 615 307 830 462 498 582 412 76 685 774 561 620 899 800 713 166 451 430 301 444 560 204 431 614 751 478 550 250 749 433 564 185 755 753 576 539 476 571 585 334 545 175 187 747 511 763 130 321 740 945 795 673 773 835 835 917 407 295 538 639 725 393 320 622 649 809 774 1078 856 701 725 606 676 784 665 465 215 465 740 382 491 143 732 288 591 504 522 755 587 684 473 591 440 1045 723 827 213 278 375 255 358 483 685 273 244 375 617 822 678 786 461 728 365 378 368 279 69 91 518 447 870 550 663 446 322 213 681 120 692 286 314 132 719 510 738 995 529 723 367 773 516 893 548 418 178 409 471 725 735 935 361 521 439 791 637 820 750 545 266 694 471 279 895 374 630 127 315 485 407 437 703 105 989 482 
608 612 506 408 500 685 582 815 158 354 742 240 724 251 594 477 605 437 550 -1 471 474 618 939 764 368 186 510 811 153 154 330 766 530 177 562 433 561 813 632 396 479 134 341 263 814 787 417 616 594 243 73 569 698 682 409 367 601 230 339 180 651 225 152 458 216 512 392 363 582 479 1052 608 233 741 776 772 567 908 768 532 626 489 376 133 277 260 196 315 309 212 817 303 881 666 564 468 57 939 291 511 189 340 533 789 318 832 621 297 277 273 268 797 500 212 631 787 862 193 869 852 456 656 653 485 324 647 305 926 348 558 757 906 416 662 385 655 1034 568 543 598 530 614 560 112 112 646 258 962 730 557 339 403 430 276 437 641 507 991 676 202 869 193 944 711 825 47 635 872 556 397 369 452 708 354 732 259 71 467 738 354 708 452 467 487 364 82 710 742 370 641 452 717 367 688 284 878 469 825 868 
173 344 87 407 202 270 180 418 373 209 344 238 353 311 155 207 386 91 659 471 -1 458 182 667 392 299 306 390 349 351 327 141 576 696 392 117 99 141 341 167 144 497 383 237 437 617 479 456 370 186 403 450 213 626 218 227 116 564 439 266 294 318 273 322 80 480 161 610 542 113 172 723 779 520 296 320 313 109 502 298 192 260 283 365 338 217 332 376 359 171 302 364 350 443 213 93 86 469 612 386 44 312 498 260 359 291 602 621 290 560 199 221 525 104 264 184 552 563 327 419 455 241 602 544 312 438 468 207 586 398 477 595 609 277 227 257 389 721 382 349 407 427 686 599 362 424 214 214 659 497 410 555 101 570 267 377 500 536 661 374 461 402 280 587 539 390 435 234 613 323 493 251 200 260 222 290 350 404 240 273 126 237 134 128 413 160 482 616 278 285 233 649 593 178 476 257 504 555 369 667 
445 262 404 71 288 723 639 512 530 264 464 443 419 254 608 632 214 515 209 474 458 -1 633 500 447 637 477 104 625 343 371 401 308 264 564 571 359 410 691 592 530 42 346 243 217 353 398 63 242 405 623 402 342 226 540 230 374 132 636 591 436 342 325 441 381 284 336 248 192 541 303 639 338 297 535 736 589 464 593 627 642 719 198 116 414 477 583 281 168 449 507 606 629 870 649 494 530 521 537 646 460 329 173 257 542 209 383 173 578 296 425 337 379 558 439 475 347 451 309 836 540 647 185 181 165 155 205 306 536 127 88 289 486 651 470 617 278 612 172 176 186 88 227 141 404 362 665 386 540 301 134 229 493 166 538 81 181 78 585 323 629 785 385 569 251 576 430 691 433 216 111 215 264 519 565 728 225 422 230 583 455 611 561 339 59 516 409 235 686 183 423 251 244 291 256 269 532 118 780 405 
242 475 231 586 356 89 57 454 492 391 394 378 426 491 26 192 528 181 838 618 182 633 -1 756 455 340 436 555 304 518 489 305 704 877 501 65 277 247 240 72 225 673 550 419 618 740 570 636 505 280 487 610 335 782 206 405 294 730 526 330 438 423 444 466 253 657 308 792 724 99 333 776 960 697 299 160 282 186 518 232 128 118 446 546 490 342 419 552 541 310 420 336 415 267 55 147 150 604 677 453 173 481 680 407 370 474 714 789 370 739 348 393 628 118 406 228 667 647 500 250 485 237 763 697 478 620 611 386 645 580 642 731 690 294 270 297 513 784 534 504 555 592 860 774 517 590 32 375 732 619 568 737 216 752 366 553 649 712 718 484 558 259 438 633 677 388 589 69 712 471 674 432 369 270 292 114 531 557 406 236 266 157 173 294 584 257 643 767 137 466 307 831 739 360 607 438 548 735 208 785 
517 343 580 548 489 825 797 325 941 610 365 812 329 688 743 873 335 758 609 939 667 500 756 -1 303 956 872 432 529 789 801 721 199 685 972 722 606 531 638 685 805 522 804 612 707 165 188 564 330 488 1013 874 455 363 557 548 671 428 1039 915 837 349 734 854 602 778 512 733 689 664 521 157 716 797 476 754 520 584 322 586 843 873 459 568 841 824 952 746 628 778 891 488 986 869 732 623 752 974 119 1016 634 758 674 435 418 622 119 466 925 796 776 713 147 759 823 527 154 108 748 823 312 909 395 337 456 649 298 669 151 606 413 233 69 943 485 919 295 120 371 397 341 421 563 522 844 832 776 754 67 208 386 727 759 645 890 507 320 521 131 295 1046 736 790 192 251 423 892 824 68 391 611 578 523 495 875 787 681 875 492 553 754 631 801 559 464 811 889 332 711 571 451 715 293 614 252 667 246 585 774 139 
225 185 308 455 264 522 499 65 723 410 61 583 41 521 444 588 234 483 634 764 392 447 455 303 -1 691 650 344 242 612 612 480 311 702 749 426 357 251 346 383 535 486 637 424 591 330 129 494 205 205 776 713 200 457 254 357 430 460 808 655 622 116 540 646 344 661 262 691 628 367 288 331 763 691 174 454 224 294 150 289 550 573 291 450 644 582 710 592 495 533 660 206 735 574 429 331 470 785 224 769 352 574 596 235 129 458 287 520 674 710 543 503 196 472 601 229 251 196 573 530 94 628 462 381 311 550 284 461 195 497 390 351 235 669 184 650 173 333 275 274 266 361 619 545 655 673 474 532 277 227 316 661 491 613 644 404 332 508 270 124 823 448 584 195 313 151 718 523 269 239 549 399 311 191 612 484 532 693 300 252 499 328 521 312 389 549 736 430 409 410 159 698 388 399 246 481 116 563 478 360 
471 617 382 568 468 374 286 717 210 382 643 199 652 396 326 149 646 210 798 368 299 637 340 956 691 -1 199 608 622 351 312 246 838 808 200 312 350 439 578 389 155 664 373 397 507 883 771 606 638 485 160 397 502 847 497 437 290 765 198 46 231 609 322 246 353 508 443 686 631 362 436 1021 893 543 585 494 591 404 799 557 216 294 523 521 283 160 109 415 480 191 164 645 81 567 395 376 229 330 909 117 341 336 591 525 653 428 878 809 73 592 212 300 810 243 212 478 827 854 361 567 753 110 813 774 542 543 720 332 884 529 689 849 901 54 523 44 665 1017 628 594 658 642 845 767 311 400 355 251 953 770 643 625 199 684 107 563 739 703 958 660 234 597 271 886 793 681 361 324 897 581 619 430 442 550 80 436 437 335 480 546 203 482 182 396 613 144 427 845 477 458 532 740 832 364 740 368 803 695 538 937 
463 529 359 406 392 500 397 692 72 261 617 69 609 223 413 291 541 256 615 186 306 477 436 872 650 199 -1 474 655 155 117 174 724 617 100 383 295 419 644 456 212 497 175 263 316 772 700 435 542 459 147 200 450 699 524 323 222 609 167 162 40 547 152 47 314 310 388 490 439 410 364 964 702 344 594 596 618 411 783 604 346 439 414 361 83 94 110 223 310 135 35 667 159 697 486 400 287 168 849 170 349 151 402 439 651 273 777 646 126 393 110 159 725 318 49 482 728 781 175 686 730 273 661 636 423 360 602 203 830 357 544 726 827 240 518 206 577 953 512 481 544 503 668 596 111 200 462 119 883 670 516 430 223 497 95 414 610 533 901 586 174 691 92 842 673 685 167 450 808 481 439 299 351 559 169 549 258 138 379 579 180 539 267 338 466 180 231 703 565 316 508 547 699 259 633 215 767 516 644 827 
350 159 324 120 200 644 568 409 536 225 360 427 315 265 532 580 115 458 307 510 390 104 555 432 344 608 474 -1 523 364 383 363 256 367 569 496 293 320 592 508 483 145 376 214 277 304 306 152 141 309 621 443 245 241 444 173 326 175 640 562 434 238 323 446 309 348 249 347 287 459 222 559 437 371 433 646 488 378 492 528 580 650 109 136 425 453 571 315 196 417 500 503 614 780 565 411 469 550 452 636 384 339 259 159 438 203 321 234 557 379 400 318 297 493 429 380 278 367 325 744 437 601 213 166 77 222 136 279 447 175 87 253 407 614 371 582 179 535 72 72 94 37 312 227 423 401 587 367 463 224 46 321 442 269 518 75 136 175 502 221 639 689 383 476 202 472 464 617 364 112 206 179 189 418 531 643 251 449 150 484 412 517 506 263 44 475 457 236 596 157 322 355 226 245 180 258 433 222 688 359 
207 377 305 610 358 339 360 204 723 483 188 586 240 605 307 486 437 420 830 811 349 625 304 529 242 622 655 523 -1 675 660 484 552 889 742 311 380 255 109 238 477 667 704 507 710 572 371 657 406 234 748 778 289 686 131 454 444 672 785 599 640 295 594 668 353 770 322 848 780 260 361 506 960 807 90 236 39 245 233 73 429 413 433 587 679 567 677 679 613 521 652 41 687 340 258 256 395 815 425 725 306 634 741 370 113 557 529 734 632 837 547 545 438 378 611 181 493 427 642 294 219 531 684 605 463 685 506 515 391 633 591 591 459 584 162 577 389 523 467 452 471 551 827 746 699 746 309 554 487 466 510 806 444 782 614 561 554 698 456 341 810 208 618 366 548 106 771 359 506 411 708 498 402 111 556 282 632 741 416 76 476 147 440 354 565 502 808 662 202 522 203 869 622 459 477 553 287 743 247 602 
468 459 369 273 349 595 492 665 191 203 593 162 572 100 492 415 454 340 462 153 351 343 518 789 612 351 155 364 675 -1 38 213 621 462 225 456 295 420 688 517 316 356 31 188 161 669 634 293 463 450 289 104 419 569 548 256 237 475 297 309 119 499 80 110 322 159 365 335 284 464 330 900 546 195 599 669 635 435 757 638 457 551 336 234 76 207 265 69 175 216 191 677 314 785 560 438 370 185 786 321 385 41 248 380 644 166 683 504 279 243 176 131 645 404 140 493 637 709 40 766 701 408 529 516 333 210 500 160 772 217 420 615 754 385 520 349 502 882 418 391 448 387 517 450 61 73 548 143 810 580 410 275 306 343 243 294 498 390 838 523 286 754 86 791 566 680 106 549 721 403 289 216 301 568 304 632 118 85 314 605 253 585 369 323 346 287 133 577 629 217 495 391 580 219 539 131 726 365 718 724 
455 466 354 300 347 564 461 662 159 202 588 124 571 119 464 378 466 309 498 154 327 371 489 801 612 312 117 383 660 38 -1 186 639 500 193 428 280 408 668 493 282 387 65 192 199 687 641 324 473 440 255 122 415 596 532 259 217 503 265 270 80 500 71 73 306 197 358 374 322 440 325 907 584 233 588 642 620 417 754 620 422 517 344 259 43 170 228 105 202 182 152 664 277 756 533 417 339 175 793 285 364 43 285 383 635 181 699 535 240 282 143 115 656 373 102 479 652 718 62 739 699 370 556 539 345 244 517 151 778 246 444 636 763 347 508 311 511 891 432 404 463 408 552 483 43 102 519 114 820 594 428 314 275 380 204 316 519 421 845 529 259 730 51 795 585 671 111 517 735 412 323 223 300 555 266 604 146 82 318 588 223 563 335 313 369 252 154 602 604 230 487 430 603 213 554 135 726 400 692 742 
289 378 185 337 232 385 284 520 245 139 444 105 439 194 280 235 402 133 582 330 141 401 305 721 480 246 174 363 484 213 186 -1 593 606 270 243 123 244 483 306 130 433 244 157 323 639 541 381 396 285 296 309 281 603 354 191 50 525 327 201 155 383 139 183 140 354 218 503 438 254 201 801 692 394 420 456 446 239 609 438 260 350 277 291 197 103 232 248 263 57 180 494 265 572 347 234 160 331 687 295 181 175 395 286 477 200 636 574 204 437 64 89 573 194 127 308 586 624 194 553 557 246 572 529 296 338 474 99 666 310 446 603 671 252 344 219 426 793 382 348 412 398 621 538 220 285 336 72 725 528 397 445 102 479 169 324 493 473 738 427 343 543 138 674 547 511 293 341 659 337 406 188 199 386 168 420 237 262 235 410 54 379 171 168 371 114 341 600 418 218 334 549 586 118 496 147 597 477 506 693 
463 232 492 362 376 786 734 365 789 466 364 672 313 521 686 782 192 660 412 766 576 308 704 199 311 838 724 256 552 621 639 593 -1 488 822 657 494 458 651 640 698 325 632 460 521 47 191 371 205 424 870 697 371 174 532 405 548 229 892 795 686 284 577 699 500 590 414 535 492 606 408 350 524 606 475 745 530 519 410 590 765 815 316 390 681 692 816 570 451 650 748 518 855 873 695 558 662 806 269 881 553 596 480 317 440 458 80 271 796 602 641 565 130 677 678 483 69 188 581 830 373 812 200 138 302 461 122 523 282 422 219 43 206 835 451 806 191 317 212 245 181 236 371 323 679 656 731 611 251 87 211 531 653 447 758 328 127 323 307 224 893 754 636 324 56 462 720 772 136 257 415 425 396 480 758 763 507 706 358 548 636 612 707 451 279 697 709 143 696 410 405 516 99 477 99 510 329 386 776 103 
707 522 655 292 547 966 874 768 646 487 725 610 678 417 851 841 467 735 76 530 696 264 877 685 702 808 617 367 889 462 500 606 488 -1 678 812 599 669 954 844 736 221 446 461 301 520 633 242 498 668 745 461 605 326 802 474 594 261 746 764 580 603 488 572 625 318 594 138 177 790 558 839 86 297 799 992 853 719 843 890 864 949 460 330 536 652 727 394 343 640 652 870 777 1125 899 745 756 587 752 782 706 471 216 520 804 409 568 220 739 256 607 522 597 788 595 737 549 667 446 1093 792 846 290 354 428 268 431 508 759 299 312 452 693 836 734 800 529 805 429 439 435 342 135 166 514 435 909 566 739 520 387 192 707 127 701 334 388 194 795 577 726 1047 536 797 443 838 501 929 624 479 202 444 517 783 750 978 374 510 488 846 661 870 777 589 323 714 448 355 943 410 687 79 392 518 480 458 775 147 1037 558 
556 630 453 493 492 553 455 790 34 361 714 166 708 310 480 331 640 329 685 177 392 564 501 972 749 200 100 569 742 225 193 270 822 678 -1 455 393 514 722 531 276 580 234 362 384 869 800 517 642 555 68 226 549 789 611 423 319 697 72 182 135 647 246 124 410 361 487 544 502 489 464 1064 760 389 686 661 706 500 880 687 394 482 514 451 150 175 91 293 395 223 90 757 127 750 554 485 358 132 950 113 437 234 470 540 745 367 876 729 137 436 206 259 825 386 149 573 828 882 255 745 828 301 750 729 521 435 699 303 931 440 635 822 928 253 612 227 677 1053 611 580 642 597 742 675 166 243 523 219 983 769 612 487 300 565 135 506 706 615 1002 686 74 760 185 941 770 778 185 502 907 581 514 397 451 650 211 609 340 169 479 666 266 618 328 437 559 246 249 794 635 412 605 603 792 359 732 311 866 591 708 925 
204 425 173 522 298 153 76 435 443 326 369 322 394 426 38 175 476 127 774 562 117 571 65 722 426 312 383 496 311 456 428 243 657 812 455 -1 213 198 269 77 178 610 488 354 553 695 534 572 455 237 448 550 286 726 194 341 229 671 487 294 381 381 381 410 189 593 251 727 659 59 274 755 895 633 287 214 282 139 507 245 125 158 387 482 432 289 379 488 476 253 370 338 381 329 104 99 96 551 651 419 112 419 615 352 358 409 672 729 330 675 289 330 589 70 350 197 624 614 437 310 469 219 706 642 418 555 559 322 621 515 583 681 658 272 243 267 466 759 479 447 501 533 798 712 459 529 97 314 703 574 511 672 160 687 320 490 595 649 695 441 516 307 378 613 626 381 531 121 675 416 610 368 308 254 252 176 466 499 346 237 208 170 132 233 523 208 583 713 181 402 271 766 686 295 559 373 528 671 263 741 
174 268 74 309 119 366 279 397 367 118 321 227 316 234 251 291 302 168 561 433 99 359 277 606 357 350 295 293 380 295 280 123 494 599 393 213 -1 127 398 248 203 398 325 146 353 538 422 358 291 164 419 398 158 532 254 128 73 467 451 309 271 262 214 297 28 404 96 519 450 193 87 679 682 443 307 401 340 142 487 344 287 359 189 269 303 225 353 305 268 176 303 384 382 530 301 154 176 443 566 414 108 254 407 177 358 201 528 522 321 479 186 165 460 200 247 198 478 506 263 503 434 317 506 451 216 347 381 136 544 304 380 510 553 341 228 314 316 672 292 258 319 330 587 500 321 366 310 181 606 421 317 466 158 475 288 278 409 437 617 310 466 473 241 551 453 393 392 332 547 237 397 155 104 274 269 380 268 362 145 310 148 298 215 46 314 206 428 523 356 189 213 556 503 88 395 179 473 457 450 590 
48 228 60 378 122 333 275 280 490 228 205 349 212 350 228 342 281 232 620 561 141 410 247 531 251 439 419 320 255 420 408 244 458 669 514 198 127 -1 290 190 284 453 449 252 459 496 342 428 258 45 533 524 88 537 138 206 198 492 567 405 397 184 340 424 104 516 75 609 540 148 113 582 747 554 180 325 215 61 367 230 313 357 213 348 430 341 464 423 365 291 423 257 486 460 247 100 222 570 472 521 103 379 498 164 232 305 474 553 426 586 309 292 393 228 371 75 425 425 387 425 317 380 521 452 246 440 364 260 445 391 404 483 470 418 101 399 267 581 289 261 308 355 632 546 449 491 276 308 519 375 326 562 240 552 399 335 403 489 520 243 586 378 369 446 429 266 519 315 480 226 475 247 155 147 361 323 378 490 181 191 253 201 272 99 355 298 553 521 276 275 93 637 492 203 360 298 364 522 369 543 
248 459 324 666 408 251 297 312 707 512 288 578 338 632 252 432 520 392 899 813 341 691 240 638 346 578 644 592 109 688 668 483 651 954 722 269 398 290 -1 191 446 733 719 539 747 674 475 715 490 285 717 790 348 776 152 496 451 752 756 563 635 381 608 664 370 802 365 899 830 233 403 614 1029 840 176 132 121 256 340 64 369 333 493 637 680 551 648 703 654 509 635 150 650 230 186 250 363 810 535 688 303 648 788 434 220 593 633 814 599 874 541 556 542 339 605 217 595 535 660 185 329 477 770 692 525 730 594 533 500 681 668 688 568 534 222 534 478 632 544 524 553 624 903 819 704 761 234 556 596 564 586 852 422 840 588 620 641 767 565 433 785 103 621 475 642 216 777 282 613 484 764 537 445 177 521 187 664 746 468 109 463 104 401 385 632 475 821 753 111 565 271 926 715 485 570 578 397 806 138 707 
177 414 188 551 307 145 124 382 518 367 322 393 355 477 69 248 470 202 800 632 167 592 72 685 383 389 456 508 238 517 493 306 640 844 531 77 248 190 191 -1 255 633 549 395 601 674 500 601 445 216 526 615 276 727 133 370 283 681 565 372 451 357 440 480 221 646 258 768 699 55 289 704 925 686 227 153 213 130 446 169 190 190 399 514 500 363 456 543 517 324 445 268 459 282 57 98 172 624 604 497 141 479 655 354 297 450 646 741 408 725 358 388 559 148 420 159 600 576 494 254 412 293 711 642 431 596 552 373 573 552 593 669 618 348 199 344 450 712 480 451 498 544 818 731 526 591 92 378 660 554 516 715 233 721 397 513 593 671 646 418 593 237 444 561 615 317 598 139 643 416 643 402 328 197 330 135 514 567 362 166 278 93 210 254 539 284 647 711 111 435 238 803 680 336 545 422 475 699 202 718 
316 471 227 467 322 288 185 562 266 265 488 160 497 320 204 105 505 57 713 396 144 530 225 805 535 155 212 483 477 316 282 130 698 736 276 178 203 284 446 255 -1 563 346 286 447 741 618 511 494 330 271 397 350 725 349 310 157 651 310 124 218 456 256 245 202 470 292 629 566 218 290 866 821 509 434 386 443 250 645 416 140 234 388 421 274 119 201 365 393 101 194 497 210 485 277 224 83 379 755 247 186 286 523 381 500 330 732 701 154 555 140 214 660 109 187 325 681 702 309 474 598 118 695 647 411 467 583 229 729 440 569 712 748 138 369 114 518 863 492 458 521 520 751 668 303 383 250 177 800 625 513 569 45 609 142 451 608 602 804 509 338 484 231 731 656 529 371 239 748 440 536 314 303 398 79 337 364 340 343 400 75 345 55 248 496 32 430 719 358 346 377 677 702 240 598 277 648 607 434 794 
488 302 445 96 330 763 678 551 546 299 505 468 459 274 648 666 252 550 166 479 497 42 673 522 486 664 497 145 667 356 387 433 325 221 580 610 398 453 733 633 563 -1 355 276 216 368 432 63 281 448 641 405 385 220 583 269 409 123 652 618 456 383 347 458 420 277 378 215 167 582 344 665 295 285 577 778 632 506 631 669 678 757 241 143 430 503 605 291 187 479 529 649 652 912 690 535 567 528 566 667 500 347 157 299 583 236 403 148 603 277 452 364 407 596 461 518 371 479 325 878 578 679 177 191 208 154 233 336 567 140 110 302 513 681 513 646 316 636 211 217 222 125 189 105 417 366 706 412 565 329 171 205 527 130 563 120 202 39 613 362 643 828 406 601 270 617 436 731 455 257 91 250 305 561 594 769 240 431 272 626 487 653 596 380 102 547 409 235 728 217 466 212 251 327 285 295 568 77 822 418 
497 479 400 277 375 627 523 690 201 229 619 190 597 118 524 444 470 372 451 134 383 346 550 804 637 373 175 376 704 31 65 244 632 446 234 488 325 449 719 549 346 355 -1 212 150 680 653 292 481 478 300 76 446 572 579 279 268 476 304 333 143 522 111 128 352 135 393 316 269 496 357 919 529 170 628 700 665 466 783 669 487 581 356 243 91 235 283 64 182 246 211 706 332 817 592 469 401 175 805 336 417 71 236 403 672 184 697 502 301 218 207 163 662 435 167 523 652 728 64 798 727 435 530 522 351 204 512 189 793 219 427 624 771 410 549 375 521 900 433 408 463 397 509 445 68 41 580 174 828 596 422 256 337 331 266 304 508 387 858 544 289 786 115 813 577 708 87 580 737 422 282 238 326 597 331 664 125 76 337 635 285 616 399 352 355 317 103 581 661 236 523 373 586 248 553 157 749 358 750 735 
299 274 215 180 163 507 413 478 330 27 407 213 384 100 393 389 278 276 430 341 237 243 419 612 424 397 263 214 507 188 192 157 460 461 362 354 146 252 539 395 286 276 212 -1 208 508 449 226 282 274 409 289 235 450 390 67 134 368 431 351 226 310 122 242 174 263 186 374 305 340 148 715 545 301 425 548 467 284 570 482 405 488 153 135 229 239 358 174 122 207 287 504 400 676 447 300 296 367 601 422 254 151 261 192 463 55 514 416 344 335 187 105 466 327 217 328 466 527 149 649 514 403 416 379 159 201 338 65 586 162 292 463 572 408 346 374 320 699 248 217 280 246 465 381 235 250 451 153 628 407 253 320 251 334 304 167 349 316 653 336 435 618 177 603 410 500 294 468 547 221 258 35 114 397 323 525 125 271 126 444 211 441 321 154 215 272 313 449 502 61 315 412 440 58 369 57 537 324 596 563 
505 413 424 159 354 703 604 652 351 235 589 310 555 128 592 551 387 456 301 263 437 217 618 707 591 507 316 277 710 161 199 323 521 301 384 553 353 459 747 601 447 216 150 208 -1 567 579 155 406 475 450 190 426 436 597 255 324 339 454 464 279 475 191 271 382 71 388 182 123 545 349 836 386 100 625 754 670 493 742 689 582 673 300 144 237 354 427 93 98 348 352 703 476 880 651 508 481 314 727 483 460 171 86 360 654 154 593 357 437 127 311 233 574 515 294 534 552 644 145 855 686 551 393 398 281 61 409 232 721 101 304 506 684 537 548 501 447 813 345 329 371 286 358 297 217 152 650 271 740 501 322 122 425 181 400 201 394 243 779 481 439 827 235 747 465 691 223 661 639 356 134 212 308 599 452 728 87 222 300 650 374 650 493 362 243 422 193 449 709 188 511 233 461 265 456 180 695 208 803 620 
497 272 532 409 419 820 771 378 837 512 386 719 337 569 722 824 237 703 444 814 617 353 740 165 330 883 772 304 572 669 687 639 47 520 869 695 538 496 674 674 741 368 680 508 567 -1 202 416 247 459 917 745 409 198 562 452 593 265 939 840 734 317 624 747 542 636 455 574 535 642 451 321 551 650 499 773 552 556 412 614 805 853 362 437 729 738 863 618 498 696 795 536 902 899 728 595 703 854 251 928 592 643 524 360 459 506 55 301 842 645 687 613 136 718 725 516 78 179 629 856 381 854 230 178 349 507 170 570 270 469 264 68 186 879 481 851 228 285 259 292 228 284 398 358 727 703 765 658 223 121 259 573 696 487 805 376 173 363 284 256 941 777 684 314 103 477 767 808 110 302 459 473 441 507 803 794 554 754 403 574 680 641 749 494 327 742 756 167 725 457 437 553 128 523 143 558 331 426 802 55 
330 174 392 427 309 642 609 175 771 442 189 637 146 535 556 685 191 570 560 787 479 398 570 188 129 771 700 306 371 634 641 541 191 633 800 534 422 342 475 500 618 432 653 449 579 202 -1 456 173 299 836 727 268 353 376 382 491 376 865 731 667 161 570 687 417 651 327 646 590 477 340 266 684 676 303 582 354 396 221 418 654 687 297 434 678 645 774 600 489 597 716 334 805 703 550 435 563 816 152 836 446 600 565 260 257 469 158 432 743 685 600 543 67 571 650 341 125 83 593 659 181 721 366 288 303 528 202 499 141 478 324 233 130 756 300 733 132 252 235 250 213 310 533 468 684 686 592 581 183 118 266 626 573 562 710 378 246 445 204 114 875 578 623 170 207 274 740 639 143 230 509 418 349 316 690 609 536 719 323 380 570 453 613 376 347 626 746 323 536 417 263 642 279 440 153 506 144 506 607 231 
467 309 413 50 306 725 636 559 483 251 506 408 464 213 610 615 267 503 204 417 456 63 636 564 494 606 435 152 657 293 324 381 371 242 517 572 358 428 715 601 511 63 292 226 155 416 456 -1 293 429 579 343 369 281 563 231 361 184 589 560 394 385 286 396 383 220 352 196 135 548 316 701 323 234 567 749 620 477 643 652 631 713 224 91 367 445 543 228 126 423 467 642 591 882 657 503 521 465 597 605 464 284 110 286 581 181 446 211 543 233 395 306 440 551 401 497 410 511 262 850 588 626 239 243 194 93 267 282 595 78 152 353 548 625 498 590 331 674 224 220 242 146 240 162 354 304 668 354 602 363 190 170 478 125 503 95 244 98 646 373 580 806 344 626 315 616 374 690 496 257 54 205 274 548 538 736 177 368 247 609 435 629 547 346 108 494 349 294 701 170 453 211 306 281 318 238 585 99 795 468 
270 31 287 258 171 590 532 270 611 280 229 483 180 364 486 577 31 455 431 616 370 242 505 330 205 638 542 141 406 463 473 396 205 498 642 455 291 258 490 445 494 281 481 282 406 247 173 293 -1 229 684 554 170 287 353 218 349 265 709 596 506 111 404 524 295 478 209 488 427 406 204 437 561 504 319 565 375 319 351 425 561 614 129 262 512 498 625 427 315 453 561 381 661 697 502 358 456 647 324 689 349 431 398 113 310 297 239 327 601 517 449 382 183 473 493 295 189 246 422 657 297 607 279 202 130 357 107 339 315 307 188 226 290 632 272 605 40 419 69 77 64 156 422 343 516 513 534 424 347 131 110 462 449 408 564 208 151 303 376 81 716 591 459 340 171 342 568 573 265 61 347 249 197 312 557 574 363 549 163 381 435 432 502 247 185 495 573 267 515 246 222 493 235 285 105 338 293 358 602 299 
42 198 104 380 124 362 313 236 531 251 161 390 167 374 263 386 254 277 614 594 186 405 280 488 205 485 459 309 234 450 440 285 424 668 555 237 164 45 285 216 330 448 478 274 475 459 299 429 229 -1 576 554 64 514 135 219 236 476 610 450 436 144 371 461 144 536 87 617 548 182 126 537 743 572 151 339 195 97 324 222 355 393 207 354 466 383 508 448 379 334 464 229 531 473 273 137 266 607 427 566 148 409 507 150 195 323 435 538 470 602 349 326 352 271 411 70 387 381 415 436 273 424 501 428 239 451 336 290 400 400 389 452 426 463 72 444 233 536 269 245 284 342 622 537 482 519 306 345 475 339 309 572 286 554 442 334 378 482 475 204 628 380 404 401 398 231 551 349 438 206 479 263 167 123 406 345 398 523 183 179 297 208 317 127 347 343 582 496 289 287 49 641 464 230 328 324 319 521 379 505 
