200
-1 398 127 272 488 324 353 448 171 150 546 196 402 261 106 158 417 403 475 150 455 217 401 113 305 457 406 387 425 166 369 362 305 237 462 285 269 431 118 318 220 163 150 175 438 527 344 497 496 464 234 358 247 436 371 550 212 278 360 266 278 236 459 399 422 413 160 183 290 559 321 163 357 171 383 358 300 40 381 61 299 359 332 190 553 378 398 518 435 183 185 240 343 176 566 264 240 406 345 274 439 395 261 467 204 406 121 466 384 445 379 346 260 504 639 197 382 290 318 620 380 479 606 394 250 99 363 354 314 477 293 499 91 449 58 213 66 382 313 345 300 247 520 262 499 443 325 295 480 309 230 383 286 112 384 429 330 181 439 450 233 416 233 292 59 106 311 457 328 300 145 44 220 309 126 178 447 575 491 402 460 284 233 197 289 385 340 389 291 323 269 420 433 345 178 405 118 246 468 254 
398 -1 460 586 652 437 676 844 392 376 149 297 63 137 412 302 685 292 864 547 702 389 799 348 560 850 527 728 428 562 751 445 663 572 76 670 667 323 283 416 182 517 500 227 445 915 303 531 479 664 346 725 467 129 532 628 185 467 248 257 175 634 844 380 81 233 320 243 624 677 274 561 700 541 677 748 660 368 41 389 123 384 121 230 163 731 171 740 265 464 561 626 194 224 737 636 302 420 73 209 649 587 619 212 574 598 277 755 274 616 35 370 655 899 677 595 531 429 152 221 432 207 668 332 482 323 576 654 191 853 691 415 470 789 344 514 456 398 243 595 606 182 122 367 124 53 640 473 164 566 507 212 117 342 762 827 70 423 91 589 291 126 424 132 406 398 402 582 595 352 303 435 254 295 287 495 50 968 680 721 244 286 410 436 353 118 162 607 258 716 394 180 526 743 566 666 295 583 121 521 
127 460 -1 364 605 452 233 398 298 278 609 317 447 332 230 278 515 521 408 139 557 345 390 112 179 457 301 451 552 193 395 276 366 324 512 216 242 396 216 445 304 57 245 236 364 458 310 407 420 340 184 404 369 464 494 444 284 172 347 256 304 236 385 525 502 522 149 289 173 444 298 170 246 244 473 371 200 121 434 188 385 486 367 230 623 434 498 623 420 64 106 276 350 264 680 316 213 335 422 382 550 513 159 569 269 284 201 553 362 563 450 286 272 450 538 180 273 417 415 677 507 488 500 352 135 217 241 229 419 393 288 445 62 338 173 86 85 316 303 453 174 344 578 390 540 511 411 420 502 418 342 382 343 237 302 400 400 88 478 337 354 506 359 335 72 62 236 581 201 426 158 145 335 278 235 284 505 515 605 283 454 405 149 321 234 414 358 502 408 268 397 431 559 312 222 278 168 129 551 129 
272 586 364 -1 273 243 517 432 195 210 717 291 613 461 189 285 150 437 487 256 194 209 318 385 532 331 665 143 364 198 215 630 104 41 661 367 287 699 331 257 411 361 122 408 709 533 613 765 767 693 506 165 141 664 208 809 424 536 622 530 522 232 491 372 575 484 430 345 459 807 587 229 496 122 111 239 431 310 585 232 464 325 563 437 711 152 505 261 695 429 339 158 595 377 332 120 510 678 516 391 203 190 410 557 111 644 355 194 648 237 556 618 209 483 901 258 638 218 452 794 309 721 865 664 499 281 600 540 425 527 251 771 302 570 287 438 279 654 575 107 494 404 703 256 706 616 55 178 710 85 82 637 498 252 451 371 517 442 653 701 307 546 181 520 323 372 582 283 544 297 412 232 335 578 313 99 636 553 259 559 713 338 500 152 561 615 584 163 364 361 235 664 296 329 165 610 376 428 609 487 
488 652 605 273 -1 216 785 693 330 355 746 387 701 566 382 409 170 394 752 522 135 299 568 589 783 558 893 326 256 467 452 844 354 312 727 640 559 864 487 237 522 616 367 557 909 795 788 978 966 945 706 392 242 764 127 1037 549 766 777 699 661 505 759 297 607 461 625 458 725 1047 756 498 768 387 220 488 702 517 669 430 536 274 680 594 726 355 510 116 841 668 603 431 736 508 86 388 696 877 580 446 76 92 678 530 383 890 518 225 807 43 617 812 480 739 1125 529 870 233 500 816 228 836 1093 839 737 444 846 804 462 797 520 949 547 843 474 687 520 851 735 165 755 488 745 294 777 661 261 202 808 194 264 777 607 410 724 624 595 669 739 938 374 563 269 640 547 594 790 79 799 301 599 460 417 755 461 323 695 805 41 829 846 366 719 292 758 724 714 109 394 633 268 786 138 597 435 870 556 691 622 734 
324 437 452 243 216 -1 666 659 153 174 539 177 484 350 224 206 270 208 708 412 274 107 556 406 630 574 714 373 122 374 459 655 348 261 513 552 491 655 289 22 309 479 259 351 713 757 583 787 767 788 515 408 110 547 95 856 337 593 567 494 449 436 705 129 398 267 434 248 602 874 550 398 660 299 284 480 596 343 452 264 320 85 464 389 523 390 306 305 628 507 483 378 523 299 302 354 498 680 364 230 215 152 563 340 314 728 320 346 597 178 402 615 428 713 937 438 696 35 285 612 67 619 909 633 571 254 686 674 248 735 473 743 404 746 292 538 376 654 527 187 620 272 536 80 562 449 276 65 591 174 173 563 391 223 649 606 379 498 522 765 159 357 96 426 383 424 601 154 653 86 407 312 202 552 261 217 481 785 242 714 631 151 539 141 563 507 500 178 179 565 59 570 112 550 351 729 363 561 418 579 
353 676 233 517 785 666 -1 302 515 498 820 548 651 557 442 509 660 754 273 263 707 562 373 336 142 445 302 549 774 318 443 339 472 476 717 171 260 521 450 663 534 190 422 462 426 310 451 421 468 224 343 480 569 653 690 402 511 240 506 437 506 300 240 752 727 756 356 523 63 365 456 288 47 398 609 402 92 354 644 409 614 710 568 448 839 522 730 775 567 211 184 374 530 496 849 422 387 411 647 616 719 696 107 801 406 215 434 676 509 746 671 396 337 333 496 260 268 630 647 883 726 656 451 473 205 449 186 46 653 222 319 529 264 115 405 162 292 406 474 621 71 576 786 613 737 728 548 623 684 591 526 551 561 465 167 349 623 253 677 292 585 735 569 545 305 289 336 776 112 652 375 354 568 430 468 466 717 377 776 49 609 636 279 526 367 608 547 676 641 216 615 606 765 283 351 118 396 106 776 160 
448 844 398 432 693 659 302 -1 542 538 993 618 840 708 478 587 530 816 65 298 577 583 131 506 426 180 597 380 782 301 247 618 339 402 903 183 181 780 567 666 669 343 407 616 710 102 698 718 758 524 574 306 548 861 640 704 659 507 742 654 701 228 89 777 871 843 547 628 297 666 692 290 255 362 477 206 235 476 823 476 748 730 762 620 1002 348 839 639 813 426 291 281 748 625 731 312 609 690 793 713 617 620 264 906 344 517 568 512 753 663 827 658 230 56 799 252 562 627 763 1065 727 886 753 733 462 539 484 348 754 133 185 808 374 255 506 387 388 678 700 534 347 694 965 639 935 891 432 598 901 518 486 780 728 536 135 76 778 470 873 594 650 862 571 727 438 457 600 715 407 684 553 418 654 669 572 444 892 129 668 307 850 698 522 527 615 811 756 588 715 130 629 829 728 110 313 419 550 315 917 419 
171 392 298 195 330 153 515 542 -1 24 523 96 421 270 73 93 303 274 583 269 330 47 457 260 477 492 568 338 260 243 381 514 281 185 467 413 364 540 159 148 221 327 136 234 579 635 460 648 635 635 375 345 91 475 207 711 239 443 456 372 345 313 576 243 381 307 294 153 451 725 430 262 512 183 288 390 450 192 392 110 269 198 378 269 518 343 317 383 524 354 334 272 421 193 413 265 365 546 321 197 295 242 415 376 209 576 189 369 485 287 361 482 316 598 796 302 547 119 259 599 211 538 765 512 420 114 534 521 234 602 360 622 252 600 144 384 223 520 411 216 467 209 508 101 513 420 248 129 521 182 116 463 309 80 512 500 322 348 462 616 117 355 63 335 230 272 460 290 499 144 269 160 140 427 135 112 441 671 342 563 537 158 393 46 427 428 405 246 180 434 100 482 262 432 228 576 225 409 417 426 
150 376 278 210 355 174 498 538 24 -1 510 86 403 251 60 74 325 279 577 258 353 67 458 236 455 496 544 352 276 237 388 489 291 197 450 402 358 516 135 167 202 309 137 211 554 629 435 623 610 613 351 354 115 456 231 686 217 420 432 348 322 309 568 256 370 306 269 134 434 702 405 253 496 183 308 394 435 168 375 90 255 213 357 245 507 356 312 407 501 333 319 273 398 171 438 271 341 521 306 188 319 266 399 373 212 553 165 389 461 312 347 457 315 594 771 294 524 141 248 586 230 517 741 487 397 89 512 502 227 593 358 597 234 586 120 364 205 495 387 239 449 194 494 115 496 407 264 154 502 204 135 440 290 55 502 499 306 324 443 593 113 346 87 314 208 249 435 314 479 156 244 144 129 402 111 120 426 667 366 547 514 160 368 69 403 407 382 270 178 427 119 461 285 428 225 556 201 392 407 404 
546 149 609 717 746 539 820 993 523 510 -1 426 171 285 552 438 802 356 1013 696 813 512 945 496 699 995 646 861 500 708 893 565 801 707 108 819 816 410 429 517 327 666 640 377 545 1064 417 629 569 790 483 864 589 196 634 730 334 602 355 390 314 781 993 453 143 288 465 382 771 786 393 709 846 683 801 892 808 516 176 533 256 471 253 378 38 866 235 844 344 610 709 769 310 371 827 777 439 526 205 327 755 692 767 230 715 726 425 875 374 714 167 487 801 1048 764 743 655 539 265 76 518 252 763 433 622 466 708 796 297 1002 838 492 619 934 491 659 605 508 366 712 749 317 39 480 116 104 769 585 198 687 636 310 266 483 911 975 215 567 156 708 412 183 545 276 556 546 528 670 734 454 451 582 382 418 431 631 103 1117 778 864 307 393 548 565 481 223 283 716 364 865 506 260 610 892 711 802 444 730 124 663 
196 297 317 291 387 177 548 618 96 86 426 -1 331 183 140 39 390 207 654 329 411 94 543 245 485 583 548 435 243 317 474 484 376 282 373 472 437 478 118 160 137 359 223 174 537 706 406 613 591 637 343 440 172 388 259 686 162 433 391 317 274 390 643 210 284 225 265 71 486 710 373 329 553 269 380 480 496 197 301 147 174 177 296 212 421 440 226 457 454 362 379 359 349 122 472 357 323 505 225 102 366 307 457 289 299 573 148 459 421 345 266 439 399 674 765 369 533 153 162 502 210 455 739 456 419 100 534 547 141 664 441 566 287 645 144 401 260 478 350 300 492 114 412 97 419 324 343 188 434 270 211 390 224 85 572 582 229 343 371 602 37 260 130 255 244 274 429 331 513 117 237 207 43 375 91 206 346 747 406 598 461 88 376 139 389 343 328 320 98 502 119 402 288 509 309 591 193 442 321 435 
402 63 447 613 701 484 651 840 421 403 171 331 -1 152 431 328 721 353 855 547 741 425 804 335 528 859 479 753 485 568 765 397 684 595 65 661 667 262 294 463 201 504 518 227 388 905 251 475 420 620 312 744 503 67 578 573 194 431 193 219 145 638 832 436 144 296 300 268 603 625 225 564 679 556 710 758 644 367 32 402 164 437 82 219 196 753 233 784 202 442 551 637 142 239 786 652 267 366 123 254 692 631 603 276 590 556 281 790 216 663 95 320 662 894 618 595 486 472 204 232 484 145 611 275 451 339 537 626 243 839 696 353 465 766 353 492 455 345 196 631 580 217 135 410 97 104 668 514 107 601 538 152 117 363 749 828 105 399 40 541 331 190 460 112 401 385 358 633 563 400 288 442 291 249 304 518 72 961 726 695 180 334 377 468 310 58 113 648 307 710 437 117 578 743 577 631 290 563 180 493 
261 137 332 461 566 350 557 708 270 251 285 183 152 -1 279 177 572 270 730 411 595 278 661 221 453 714 455 601 377 425 616 378 532 443 205 537 531 316 146 330 49 387 367 95 405 782 261 490 452 577 253 593 354 205 440 577 49 370 227 183 110 497 711 331 170 236 203 117 501 616 226 424 576 406 559 611 532 232 125 253 65 319 114 110 294 601 189 641 280 345 428 489 177 88 652 502 214 375 90 131 550 489 491 258 439 510 140 639 258 526 119 314 518 764 642 458 451 333 114 358 364 271 624 306 376 188 481 540 143 723 554 409 336 668 207 394 320 349 197 483 489 79 259 272 247 182 516 371 251 451 386 215 41 211 631 690 69 308 192 516 191 181 313 77 273 270 327 503 487 271 181 298 148 239 153 366 187 833 588 604 281 208 309 317 278 160 151 503 187 581 297 220 453 607 430 562 164 458 219 409 
106 412 230 189 382 224 442 478 73 60 552 140 431 279 -1 115 323 339 516 197 358 120 403 210 409 446 511 323 333 177 341 464 252 165 484 342 298 512 142 221 231 254 88 219 535 568 428 599 593 569 330 313 140 478 265 655 238 384 433 343 333 250 507 315 415 364 250 169 378 665 401 192 438 131 296 342 376 135 405 48 295 271 376 248 551 321 365 417 506 289 261 220 406 192 461 225 328 503 346 240 335 290 341 429 163 512 165 380 460 339 385 440 259 535 743 233 489 189 296 628 284 533 711 479 356 93 469 449 280 532 301 588 180 527 100 315 151 478 387 244 396 235 532 173 526 447 244 190 524 208 130 448 314 69 441 442 341 287 471 556 172 396 129 333 166 212 412 351 430 216 229 88 179 394 127 90 462 607 387 490 524 220 338 91 384 428 395 286 236 366 174 475 329 369 168 506 189 337 455 358 
158 302 278 285 409 206 509 587 93 74 438 39 328 177 115 -1 396 245 621 295 421 110 518 207 446 561 512 426 281 287 456 450 363 270 376 437 406 455 83 192 128 320 203 148 506 673 379 581 561 598 309 426 181 382 282 652 146 395 369 290 255 361 609 249 299 258 230 60 447 673 347 297 515 247 381 458 458 157 300 112 182 214 285 185 436 429 252 472 435 323 342 336 330 101 494 339 291 474 233 125 382 325 419 318 278 535 114 462 398 367 273 409 373 644 732 337 496 179 181 514 245 445 705 430 380 60 496 507 166 630 414 540 249 607 105 361 223 447 326 308 453 121 420 128 421 334 339 207 428 275 209 372 216 51 537 555 232 305 369 566 76 280 143 242 205 235 395 358 474 154 201 172 66 347 55 193 352 716 425 559 445 126 339 140 357 334 313 334 134 469 146 389 318 479 282 552 158 403 340 395 
417 685 515 150 170 270 660 530 303 325 802 390 721 572 323 396 -1 478 592 404 48 296 403 529 683 388 815 156 365 345 286 778 198 191 761 501 415 836 458 291 524 512 271 535 855 632 752 914 913 842 650 226 218 778 188 959 542 686 755 666 648 364 603 392 658 537 573 455 604 958 724 376 636 272 54 324 572 454 691 371 562 353 682 568 789 186 573 115 826 580 487 288 723 496 200 241 651 823 611 477 95 134 554 611 256 795 485 75 782 155 652 762 333 575 1052 400 788 264 538 876 318 841 1015 803 650 409 750 686 505 643 368 912 452 703 424 588 430 799 709 90 642 504 793 321 809 705 112 216 823 121 194 765 612 376 576 460 619 592 761 852 393 621 261 639 471 520 729 220 693 350 552 379 431 717 436 239 732 638 139 700 840 408 649 256 706 731 708 98 437 485 295 786 261 441 311 757 513 576 684 637 
403 292 521 437 394 208 754 816 274 279 356 207 353 270 339 245 478 -1 856 534 479 237 730 435 681 760 717 575 144 516 645 643 538 444 359 679 637 582 308 188 255 565 410 328 676 908 531 760 723 823 509 601 295 420 295 845 288 615 495 452 381 588 847 98 227 67 441 236 692 879 497 532 760 457 491 660 703 399 322 354 211 125 367 361 332 589 125 499 537 559 587 545 442 277 473 532 476 645 231 150 414 353 664 136 481 758 330 553 526 366 258 583 591 873 912 572 708 221 159 423 167 498 893 576 609 305 723 749 127 870 635 676 494 852 349 602 468 620 468 395 695 203 361 183 407 284 477 268 457 379 357 475 302 293 779 774 258 534 384 776 171 178 258 342 448 472 590 317 711 140 413 414 186 509 286 380 323 945 429 803 526 120 555 297 543 395 412 384 112 705 201 461 257 706 503 789 375 647 231 631 
475 864 408 487 752 708 273 65 583 577 1013 654 855 730 516 621 592 856 -1 326 639 626 196 519 408 245 575 443 830 340 310 604 398 456 919 193 219 775 593 713 694 351 452 636 694 52 696 695 739 488 575 368 597 872 695 673 681 496 744 660 713 271 34 823 896 879 557 658 282 630 693 324 227 408 538 269 224 498 840 508 774 776 775 636 1024 411 871 702 812 427 303 332 755 650 793 367 612 677 817 745 676 677 259 939 393 488 590 576 753 722 849 651 280 62 765 284 541 675 793 1083 775 890 719 727 453 570 459 320 786 72 237 795 394 206 533 383 411 667 704 592 328 722 983 683 948 912 491 648 909 573 537 784 747 569 113 141 800 472 887 565 688 891 617 742 457 469 591 771 384 727 566 449 687 669 601 490 911 109 729 269 851 737 518 572 612 822 765 647 752 152 674 835 781 158 357 384 568 308 943 408 
150 547 139 256 522 412 263 298 269 258 696 329 547 411 197 295 404 534 326 -1 450 315 260 223 281 323 431 319 528 60 255 414 234 215 609 144 120 533 269 412 371 112 159 321 503 379 445 542 559 438 320 266 309 576 428 570 362 306 476 383 414 98 314 512 573 553 270 331 203 560 430 31 250 135 357 232 185 180 528 182 449 468 473 330 704 299 544 518 551 198 82 139 471 327 587 183 344 475 495 418 457 432 156 612 148 394 270 431 494 482 529 425 133 354 666 48 400 377 466 769 476 610 626 489 263 243 350 283 459 336 153 584 88 334 208 191 92 456 430 358 237 396 669 370 644 593 294 363 617 327 262 508 433 244 244 281 480 228 583 458 364 565 316 435 149 182 376 513 289 413 268 122 361 412 274 203 596 425 513 309 582 414 289 271 372 524 474 413 427 174 368 551 506 196 94 353 257 171 618 240 
455 702 557 194 135 274 707 577 330 353 813 411 741 595 358 421 48 479 639 450 -1 316 448 566 727 431 857 200 356 391 331 818 246 236 778 549 463 868 488 296 547 556 312 564 892 678 785 953 950 887 687 271 240 800 184 1001 568 727 785 699 675 412 650 388 670 541 608 479 651 1002 757 422 684 317 102 371 619 491 710 406 579 353 706 598 798 231 581 67 855 622 533 336 751 522 153 289 686 860 628 493 69 125 601 614 302 839 516 91 814 130 668 798 381 620 1093 447 830 274 552 886 314 866 1057 837 692 440 794 732 517 690 416 946 495 752 458 632 472 836 740 114 688 524 807 335 826 719 159 229 845 149 227 793 635 406 624 505 637 632 781 895 410 631 281 664 511 560 767 196 738 358 587 419 450 751 465 278 748 683 98 748 867 419 688 284 742 755 735 96 448 533 308 811 245 489 357 803 547 622 693 681 
217 389 345 209 299 107 562 583 47 67 512 94 425 278 120 110 296 237 626 315 316 -1 493 300 522 523 608 352 213 287 410 552 304 209 465 459 407 565 188 101 231 374 175 258 613 677 488 684 668 680 411 368 78 483 172 750 254 485 479 400 364 355 620 197 369 277 330 164 499 767 457 307 559 221 289 422 497 235 395 156 266 152 390 295 504 362 295 363 545 400 382 308 440 210 384 295 398 580 316 184 273 215 462 348 244 620 219 366 509 256 357 515 355 639 834 347 589 74 246 588 164 550 804 540 463 149 578 568 217 647 399 650 299 647 185 431 270 554 436 206 515 208 501 56 513 413 258 96 529 176 127 482 319 116 558 538 323 391 465 658 99 337 35 349 275 316 497 251 546 101 304 208 135 456 162 143 437 711 315 611 554 129 433 60 462 438 421 225 154 478 53 496 218 473 269 622 260 457 400 471 
401 799 390 318 568 556 373 131 457 458 945 543 804 661 403 518 403 730 196 260 448 493 -1 483 471 73 641 249 678 236 117 646 218 295 864 211 148 787 516 566 617 343 321 577 738 230 700 761 791 596 574 177 446 835 526 764 614 533 735 642 674 165 214 680 814 764 530 567 346 736 688 239 330 274 349 80 287 436 783 413 692 633 732 588 949 218 769 509 809 435 291 185 732 574 602 202 602 714 740 643 491 500 299 832 248 575 523 381 752 541 777 672 144 172 861 213 607 527 699 1020 623 870 816 741 487 479 536 415 683 258 108 828 348 360 454 407 352 698 690 414 398 634 921 548 901 841 309 492 878 402 383 768 688 468 224 57 730 474 841 650 572 799 476 693 409 441 617 596 460 593 528 363 583 668 514 349 848 237 542 392 842 616 532 434 622 783 734 467 636 158 534 812 614 91 235 492 515 347 857 449 
113 348 112 385 589 406 336 506 260 236 496 245 335 221 210 207 529 435 519 223 566 300 483 -1 245 546 308 498 489 260 469 254 415 351 400 326 339 320 129 395 198 169 263 126 326 570 232 389 383 391 121 465 346 356 467 450 175 187 255 160 194 320 497 456 392 427 48 199 280 467 212 247 355 282 496 451 312 75 321 161 278 422 256 118 510 487 396 627 330 127 215 341 248 163 670 371 128 294 312 288 545 498 271 467 313 327 104 579 276 546 338 233 352 559 535 270 289 375 313 565 452 386 505 281 174 152 289 322 323 505 377 386 136 446 115 174 134 269 208 454 269 244 465 334 429 398 438 390 396 418 339 284 231 183 415 501 289 99 368 359 280 399 324 222 75 50 202 551 276 362 46 155 251 198 154 290 393 626 596 384 360 327 133 296 176 305 252 496 324 376 347 328 519 413 280 354 61 237 441 196 
305 560 179 532 783 630 142 426 477 455 699 485 528 453 409 446 683 681 408 281 727 522 471 245 -1 544 171 598 726 342 515 197 515 491 593 260 333 379 373 623 440 171 418 364 286 448 312 292 331 161 215 539 548 522 673 296 412 101 370 309 385 355 376 696 619 672 249 444 129 279 320 312 184 410 637 480 191 290 525 366 515 659 445 342 721 576 637 794 427 123 204 417 398 407 856 463 260 270 541 534 725 691 171 708 428 113 350 713 370 741 559 254 395 465 392 301 136 596 555 758 684 519 350 332 77 387 69 103 568 363 392 388 235 253 343 95 262 263 341 627 79 488 663 565 608 613 574 599 550 593 519 416 449 411 296 459 514 147 550 181 521 634 538 427 246 211 195 760 35 599 274 324 496 294 397 459 596 514 781 174 470 570 150 500 229 480 419 678 569 316 574 471 738 380 375 109 306 125 668 51 
457 850 457 331 558 574 445 180 492 496 995 583 859 714 446 561 388 760 245 323 431 523 73 546 544 -1 714 232 695 291 115 718 227 316 918 284 218 854 568 587 668 413 359 632 809 268 767 834 863 669 641 170 468 894 533 838 667 604 800 706 734 225 269 702 860 799 594 613 420 809 753 299 402 314 338 103 360 494 837 461 739 655 790 647 997 203 809 487 875 505 361 225 794 625 582 227 667 785 789 684 482 500 373 868 284 649 578 354 818 536 827 741 197 205 934 278 680 548 742 1070 640 932 890 809 559 528 610 488 724 313 169 899 411 426 507 479 413 768 754 416 471 680 973 576 956 890 310 509 937 410 405 831 742 513 292 106 780 543 897 723 609 842 502 750 471 505 688 595 533 620 590 417 624 735 563 381 900 256 528 463 906 650 602 463 691 842 795 464 672 231 560 873 620 164 283 564 574 420 901 522 
406 527 301 665 893 714 302 597 568 544 646 548 479 455 511 512 815 717 575 431 857 608 641 308 171 714 -1 750 791 490 678 81 664 626 538 431 500 262 429 703 461 319 544 389 134 612 229 121 167 151 208 696 651 452 774 144 428 129 291 275 358 515 542 754 600 692 283 490 300 162 254 463 348 546 775 645 362 377 487 463 521 725 405 355 675 730 645 921 324 237 363 570 337 442 972 614 241 133 531 567 845 801 342 711 570 100 400 854 277 850 537 159 555 634 236 460 34 683 569 692 758 424 200 222 167 460 116 257 592 524 558 238 364 399 423 242 385 142 283 749 249 513 607 640 540 579 713 697 468 713 635 337 437 491 465 631 500 224 489 62 580 628 631 404 347 299 128 858 191 665 311 438 544 231 457 580 551 679 898 320 368 622 175 601 177 423 366 795 613 488 655 392 827 551 521 210 354 294 646 194 
387 728 451 143 326 373 549 380 338 352 861 435 753 601 323 426 156 575 443 319 200 352 249 498 598 232 750 -1 486 259 132 727 85 158 803 380 291 818 465 389 551 432 241 541 812 480 731 859 870 751 615 75 281 801 313 889 561 623 747 652 654 249 457 502 719 625 546 486 500 878 708 287 518 215 107 174 457 427 726 360 607 457 699 567 855 31 648 259 821 514 394 181 725 515 353 136 626 782 659 534 250 273 448 698 185 712 486 134 771 305 699 726 211 421 985 298 719 353 596 937 433 855 945 780 582 416 668 581 569 499 235 883 390 575 415 510 375 760 699 194 544 546 846 397 847 759 97 308 847 198 226 766 637 390 441 307 659 537 793 777 451 690 323 656 428 474 684 367 602 436 532 343 478 696 450 234 779 483 296 583 843 480 598 296 670 751 716 236 507 353 374 797 398 300 229 657 501 480 752 559 
425 428 552 364 256 122 774 782 260 276 500 243 485 377 333 281 365 144 830 528 356 213 678 489 726 695 791 486 -1 494 579 725 468 383 498 670 612 694 362 116 348 585 379 408 771 879 632 851 822 879 585 527 233 552 178 928 380 677 605 547 486 558 826 48 369 211 508 303 711 953 598 517 772 421 390 602 710 435 453 366 329 66 486 445 476 506 268 367 656 602 595 501 555 353 331 476 560 739 361 246 288 232 675 277 437 816 391 439 636 233 393 675 551 836 1004 557 777 154 282 566 55 629 980 680 661 339 777 779 243 856 596 786 510 860 382 637 482 713 571 294 725 299 505 162 547 425 392 186 592 289 296 592 415 314 768 729 384 586 519 846 211 321 213 454 480 515 670 177 751 127 479 420 248 605 335 339 464 907 293 823 651 173 620 259 628 521 528 267 190 685 160 587 117 673 473 829 437 669 376 675 
166 562 193 198 467 374 318 301 243 237 708 317 568 425 177 287 345 516 340 60 391 287 236 260 342 291 490 259 494 -1 208 470 174 157 628 178 121 578 279 378 381 172 115 341 557 391 490 600 614 499 367 211 267 603 380 630 377 364 516 421 443 74 333 484 579 542 309 332 260 621 472 31 300 81 297 192 234 203 547 178 456 438 499 356 713 241 540 459 591 254 142 83 505 338 530 123 386 528 504 413 401 379 211 605 88 455 287 370 536 429 541 476 94 357 725 64 459 340 466 783 441 643 686 536 322 244 411 341 454 361 129 634 134 379 217 251 126 507 469 303 297 399 684 343 665 604 234 321 646 273 214 544 452 236 274 268 493 281 606 518 349 566 281 459 185 226 429 465 349 387 302 127 354 456 278 159 612 430 457 361 620 397 342 235 421 551 505 358 414 191 336 584 461 191 33 412 283 231 622 301 
369 751 395 215 452 459 443 247 381 388 893 474 765 616 341 456 286 645 310 255 331 410 117 469 515 115 678 132 579 208 -1 669 111 201 821 272 185 786 471 471 569 361 253 541 758 347 698 793 814 657 575 60 353 804 418 811 571 558 724 629 647 162 325 586 755 687 517 510 402 791 680 226 406 210 233 43 351 408 741 363 636 539 700 559 892 101 699 392 799 452 315 129 712 527 485 116 595 731 687 576 375 388 351 757 177 626 485 265 745 427 726 681 123 289 908 219 645 432 636 969 524 848 865 744 513 428 584 480 615 368 124 840 341 453 412 436 335 711 677 303 451 576 873 462 862 788 197 393 849 295 289 751 647 409 317 174 681 483 804 697 499 734 387 659 393 434 632 484 512 506 510 326 517 664 463 269 801 352 425 472 827 538 545 350 628 753 709 353 561 233 445 789 506 173 191 557 487 391 795 483 
362 445 276 630 844 655 339 618 514 489 565 484 397 378 464 450 778 643 604 414 818 552 646 254 197 718 81 727 725 470 669 -1 642 593 456 442 500 190 367 642 388 307 508 318 92 646 148 135 145 228 141 680 601 372 721 202 354 113 210 196 278 506 573 686 519 615 221 422 322 237 172 445 382 516 741 640 383 328 405 415 444 659 323 283 593 711 567 880 248 216 357 552 255 373 925 593 167 72 451 494 800 753 355 632 543 169 336 823 198 800 456 77 545 660 282 450 93 626 493 612 695 348 254 147 159 402 166 297 517 561 554 190 337 446 370 238 354 69 202 707 276 440 526 579 459 497 681 643 389 671 592 257 358 435 491 643 420 190 408 144 514 548 577 324 307 258 55 803 227 601 248 399 477 149 395 539 470 712 851 366 293 554 130 551 100 341 284 750 543 500 596 312 768 559 498 268 292 304 565 199 
305 663 366 104 354 348 472 339 281 291 801 376 684 532 252 363 198 538 398 234 246 304 218 415 515 227 664 85 468 174 111 642 -1 95 736 307 219 736 391 361 483 347 166 466 727 441 648 773 784 669 531 64 243 729 309 804 490 538 666 572 577 171 406 476 661 582 464 420 421 794 626 202 444 134 144 138 381 346 658 284 545 429 625 490 798 72 598 312 741 428 311 99 647 445 397 51 544 697 596 478 278 282 368 653 101 628 410 203 690 324 636 642 137 387 900 216 634 322 539 877 413 779 860 697 496 345 584 502 516 445 170 799 304 507 338 425 290 676 619 196 463 484 783 355 779 697 93 282 774 185 181 688 566 321 378 273 593 452 723 692 397 636 280 583 344 390 599 378 519 398 451 261 420 613 379 170 714 454 331 509 765 434 513 245 586 678 640 250 458 288 336 721 397 244 143 576 422 398 698 475 
237 572 324 41 312 261 476 402 185 197 707 282 595 443 165 270 191 444 456 215 236 209 295 351 491 316 626 158 383 157 201 593 95 -1 646 327 249 668 307 271 394 320 87 384 673 503 581 727 731 651 471 159 152 643 239 769 403 496 593 500 497 194 458 386 566 486 397 329 417 767 556 188 456 81 148 219 390 277 568 203 452 339 541 411 703 159 502 303 666 389 297 123 569 357 373 93 477 642 503 383 244 227 368 558 70 603 329 230 618 275 544 583 175 455 862 217 598 232 444 784 328 698 825 631 459 258 559 498 420 493 219 737 262 531 259 397 240 619 545 147 452 391 691 260 690 604 88 197 689 120 88 610 479 232 414 346 502 404 635 661 302 541 186 498 286 335 545 318 502 304 380 196 325 546 292 77 622 526 300 518 687 338 463 149 527 593 559 202 362 324 243 640 325 297 124 568 346 386 602 446 
462 76 512 661 727 513 717 903 467 450 108 373 65 205 484 376 761 359 919 609 778 465 864 400 593 918 538 803 498 628 821 456 736 646 -1 725 729 307 350 491 253 569 571 288 440 970 309 525 467 682 377 798 543 93 608 625 250 495 248 283 211 699 897 450 132 295 365 316 669 679 285 625 744 611 753 816 710 429 80 458 199 457 148 282 138 804 234 817 242 508 615 694 201 293 812 707 332 419 149 285 725 663 669 260 645 618 340 832 267 692 110 379 722 957 663 657 547 505 228 166 505 162 659 327 517 393 600 691 265 904 756 393 528 832 411 558 517 401 258 671 646 258 70 443 49 77 715 549 109 642 583 203 176 415 814 890 144 464 49 600 368 183 500 177 464 450 419 656 628 427 353 501 330 310 358 568 35 1025 756 760 210 362 442 512 373 115 175 683 333 774 470 156 599 805 634 695 353 629 151 558 
285 670 216 367 640 552 171 183 413 402 819 472 661 537 342 437 501 679 193 144 549 459 211 326 260 284 431 380 670 178 272 442 307 327 725 -1 89 597 402 554 501 159 294 442 534 245 514 552 585 388 390 310 446 680 558 553 487 329 558 471 520 137 174 656 704 695 365 469 135 526 508 153 137 259 449 231 79 306 646 325 582 611 582 443 831 353 683 617 629 243 110 213 565 458 696 260 425 512 625 559 569 554 89 752 257 364 398 510 570 603 656 477 170 234 650 114 397 517 603 889 618 702 605 550 283 383 325 209 599 192 148 629 200 203 344 206 220 498 516 474 186 532 790 514 755 718 390 500 718 447 393 596 553 386 99 201 606 286 694 439 508 700 457 549 263 276 419 642 249 558 372 265 503 485 411 337 717 300 625 203 666 558 339 411 432 630 574 530 570 57 510 646 640 120 206 286 374 138 751 242 
269 667 242 287 559 491 260 181 364 358 816 437 667 531 298 406 415 637 219 120 463 407 148 339 333 218 500 291 612 121 185 500 219 249 729 89 -1 638 388 496 490 195 233 441 591 270 552 618 645 472 426 220 381 694 487 629 482 387 588 496 533 56 213 604 691 662 384 447 217 607 540 109 227 191 362 147 168 300 648 294 568 557 592 449 823 263 658 530 662 287 143 128 587 446 612 174 454 566 614 531 487 477 166 724 182 442 390 421 604 524 649 523 82 238 726 72 466 458 582 889 558 725 683 593 341 358 401 295 572 245 60 680 203 288 326 262 212 550 543 394 266 513 789 464 763 712 305 434 735 370 324 622 553 354 164 161 600 325 702 514 470 681 399 555 267 294 469 567 327 508 385 237 472 520 391 274 716 310 543 292 695 518 384 354 474 643 591 450 534 74 456 667 571 75 139 372 377 208 736 306 
431 323 396 699 864 655 521 780 540 516 410 478 262 316 512 455 836 582 775 533 868 565 787 320 379 854 262 818 694 578 786 190 736 668 307 597 638 -1 380 637 348 444 580 306 139 820 88 220 159 413 213 785 631 214 737 321 318 281 88 169 208 631 745 648 404 537 272 407 494 380 111 561 561 603 808 765 550 391 282 467 371 634 216 270 444 808 479 923 66 355 497 660 140 356 949 692 192 128 357 448 835 780 517 532 634 358 351 892 57 822 346 125 666 827 356 577 282 632 422 444 677 167 353 47 321 428 357 482 457 738 685 94 446 632 412 393 451 121 128 753 453 394 371 575 295 366 754 662 216 718 642 111 280 461 662 793 327 313 257 317 497 445 597 241 394 352 184 809 412 582 287 475 454 122 405 600 330 884 880 553 109 523 258 584 165 204 170 786 504 654 597 150 763 706 600 458 323 467 442 367 
118 283 216 331 487 289 450 567 159 135 429 118 294 146 142 83 458 308 593 269 488 188 516 129 373 568 429 465 362 279 471 367 391 307 350 402 388 380 -1 275 102 266 225 77 424 646 300 498 479 520 226 451 251 337 361 568 99 315 297 212 191 352 577 327 303 305 146 72 390 591 270 280 461 262 436 466 410 98 270 108 180 295 234 110 435 462 283 542 367 251 298 344 265 58 571 358 209 391 226 165 455 401 369 354 296 456 31 519 325 445 261 326 372 623 648 316 414 260 202 503 328 391 621 352 303 49 418 443 203 593 408 462 203 554 62 294 182 365 252 373 388 130 405 212 390 325 386 284 382 338 264 307 176 82 500 546 213 228 333 484 151 298 218 191 146 164 312 439 403 235 118 152 122 268 27 232 333 694 501 499 383 198 257 204 274 286 253 405 196 442 229 333 401 463 284 481 75 345 349 323 
318 416 445 257 237 22 663 666 148 167 517 160 463 330 221 192 291 188 713 412 296 101 566 395 623 587 703 389 116 378 471 642 361 271 491 554 496 637 275 -1 290 475 262 335 697 763 566 773 752 780 501 422 119 526 117 843 319 582 549 478 430 442 710 115 376 246 421 230 599 863 533 400 658 305 303 491 596 334 431 257 299 68 445 373 502 405 284 327 609 500 481 386 504 282 323 364 483 665 343 208 237 174 562 320 322 719 306 366 579 200 381 600 436 721 924 440 685 39 263 590 64 599 896 617 562 242 678 669 226 739 481 726 400 746 282 532 371 638 509 207 616 252 514 63 540 427 292 81 570 191 183 544 371 213 651 615 357 489 501 754 140 335 97 406 376 415 587 173 646 64 393 309 183 536 247 223 459 793 264 711 611 129 528 142 549 487 481 200 157 569 48 550 127 557 356 723 349 558 396 572 
220 182 304 411 522 309 534 669 221 202 327 137 201 49 231 128 524 255 694 371 547 231 617 198 440 668 461 551 348 381 569 388 483 394 253 501 490 348 102 290 -1 358 318 76 425 746 284 507 475 573 253 544 306 254 396 590 33 364 260 200 141 454 676 304 202 234 191 68 476 623 250 382 550 359 509 565 503 195 174 206 81 286 159 105 333 552 197 594 319 326 395 443 214 43 608 454 221 393 124 106 504 444 462 268 392 507 104 590 291 482 159 330 473 725 660 418 453 289 115 402 328 318 639 332 364 140 474 521 131 690 510 439 300 642 164 373 282 367 223 435 468 52 304 229 296 223 466 325 300 403 337 254 88 162 597 648 112 292 242 520 150 202 266 118 240 245 334 463 472 233 165 254 106 258 105 316 232 795 543 582 323 175 303 268 288 207 191 457 158 543 254 265 415 566 384 549 137 433 249 393 
163 517 57 361 616 479 190 343 327 309 666 359 504 387 254 320 512 565 351 112 556 374 343 169 171 413 319 432 585 172 361 307 347 320 569 159 195 444 266 475 358 -1 250 292 398 401 359 432 453 331 233 377 388 521 512 457 339 196 399 311 361 199 328 562 557 571 206 338 126 448 350 144 195 239 466 332 145 168 491 219 439 521 424 287 679 412 549 623 471 92 53 251 405 316 687 296 266 372 477 430 556 524 104 620 257 283 254 542 413 575 506 328 238 394 553 142 287 444 467 734 538 542 513 398 152 260 239 194 469 336 247 485 74 288 216 78 103 355 357 458 141 395 635 423 597 567 403 441 559 424 352 437 400 275 245 349 456 131 536 345 396 560 384 392 119 119 274 599 183 462 215 166 380 328 282 292 562 459 612 239 507 447 188 342 279 471 415 510 453 213 427 486 582 262 205 254 223 83 606 128 
150 500 245 122 367 259 422 407 136 137 640 223 518 367 88 203 271 410 452 159 312 175 321 263 418 359 544 241 379 115 253 508 166 87 571 294 233 580 225 262 318 250 -1 300 587 502 493 643 644 580 384 226 152 562 269 688 324 414 506 413 412 180 447 371 502 443 309 258 360 689 469 141 409 46 234 256 344 189 492 118 383 324 459 326 639 236 449 377 580 309 238 136 483 279 437 136 390 555 434 325 307 275 315 510 75 528 245 316 531 326 474 496 180 463 780 179 517 225 383 716 325 614 744 543 380 179 484 438 364 476 224 650 184 492 173 322 159 532 458 208 388 323 621 231 614 536 175 206 608 175 104 524 400 157 390 364 429 320 557 582 251 482 166 417 200 249 459 355 433 277 293 109 265 458 214 44 550 535 362 467 601 295 378 120 439 512 475 260 315 306 222 556 347 297 94 503 260 324 542 371 
175 227 236 408 557 351 462 616 234 211 377 174 227 95 219 148 535 328 636 321 564 258 577 126 364 632 389 541 408 341 541 318 466 384 288 442 441 306 77 335 76 292 300 -1 364 688 231 443 417 497 181 524 325 263 430 521 48 289 221 143 113 411 616 367 266 309 115 106 406 551 199 337 481 334 514 532 437 141 207 182 152 343 159 37 388 537 273 617 290 252 333 412 187 54 642 431 152 332 186 178 529 473 395 343 368 431 56 597 250 515 214 267 435 671 595 369 379 326 190 448 382 314 572 282 288 127 398 447 206 627 468 392 242 572 128 300 229 305 178 450 395 126 348 271 324 276 464 355 308 415 342 229 112 159 535 602 164 217 264 447 199 273 290 118 179 175 263 505 397 286 89 216 159 200 99 309 275 740 573 510 305 236 228 280 220 212 175 480 224 488 292 255 462 517 351 474 68 363 315 318 
438 445 364 709 909 713 426 710 579 554 545 537 388 405 535 506 855 676 694 503 892 613 738 326 286 809 134 812 771 557 758 92 727 673 440 534 591 139 424 697 425 398 587 364 -1 735 145 86 57 282 205 768 668 349 785 185 392 205 196 224 296 596 662 729 523 640 285 470 413 241 179 534 470 599 821 731 474 401 403 486 468 707 327 326 578 797 586 953 206 306 448 640 250 419 992 679 214 32 465 531 870 820 447 646 627 235 393 903 173 866 462 97 635 751 237 540 162 685 519 583 746 307 223 113 251 465 245 382 548 648 645 104 423 529 437 330 437 58 210 780 365 476 506 634 433 493 761 707 355 744 665 237 377 499 582 735 434 276 390 182 563 559 641 339 387 338 128 864 313 650 310 477 523 167 451 616 459 801 920 449 249 598 214 619 151 330 282 820 584 592 653 285 825 651 584 343 353 396 566 291 
527 915 458 533 795 757 310 102 635 629 1064 706 905 782 568 673 632 908 52 379 678 677 230 570 448 268 612 480 879 391 347 646 441 503 970 245 270 820 646 763 746 401 502 688 735 -1 742 731 778 517 622 407 646 922 741 703 733 540 791 709 763 322 74 873 948 931 607 710 325 657 741 376 264 458 578 307 270 551 891 561 826 826 825 687 1076 449 923 740 859 475 355 380 804 702 832 413 661 718 869 798 719 722 307 991 442 522 643 612 799 765 901 695 329 64 794 336 578 724 845 1135 825 938 748 772 498 622 496 355 838 90 284 837 446 228 586 430 463 710 752 636 370 775 1035 734 999 964 534 697 958 619 585 832 799 622 159 173 852 520 937 598 740 943 668 793 509 520 636 816 422 779 617 502 740 716 653 540 962 67 770 298 898 788 565 623 658 872 815 690 804 204 725 884 828 206 408 415 620 354 995 452 
344 303 310 613 788 583 451 698 460 435 417 406 251 261 428 379 752 531 696 445 785 488 700 232 312 767 229 731 632 490 698 148 648 581 309 514 552 88 300 566 284 359 493 231 145 742 -1 232 191 375 126 697 551 223 661 326 252 211 62 88 150 543 668 588 380 494 184 335 418 374 34 473 488 515 723 677 472 304 262 381 322 570 182 194 446 720 440 842 116 271 412 572 109 284 872 604 104 118 320 389 755 701 437 500 546 314 270 807 57 745 318 70 578 746 382 489 240 558 373 464 610 207 368 51 246 346 303 416 404 663 597 161 357 565 327 313 363 95 64 671 381 334 378 503 311 353 667 585 243 635 558 109 231 380 583 708 288 228 260 291 428 414 519 193 306 264 119 736 347 515 200 387 386 34 327 515 323 805 802 487 158 459 177 503 84 194 140 706 443 571 524 165 693 621 511 403 238 388 424 293 
497 531 407 765 978 787 421 718 648 623 629 613 475 490 599 581 914 760 695 542 953 684 761 389 292 834 121 859 851 600 793 135 773 727 525 552 618 220 498 773 507 432 643 443 86 731 232 -1 69 239 272 809 736 433 855 101 473 236 283 307 381 631 661 810 610 725 354 548 422 164 265 574 468 650 876 763 484 463 490 550 553 786 413 405 663 841 672 1015 287 345 479 682 337 497 1060 723 290 114 552 613 935 888 463 732 676 210 467 957 258 935 549 176 670 754 152 575 155 758 604 664 823 386 136 199 280 535 235 375 632 642 675 157 469 514 504 357 487 140 296 842 371 558 590 709 516 579 815 777 436 806 728 322 462 569 585 752 520 323 475 139 641 645 711 425 442 393 188 936 311 728 380 534 602 250 525 675 545 798 986 435 328 678 265 686 223 416 369 885 665 609 727 369 899 671 629 321 424 414 653 312 
496 479 420 767 966 767 468 758 635 610 569 591 420 452 593 561 913 723 739 559 950 668 791 383 331 863 167 870 822 614 814 145 784 731 467 585 645 159 479 752 475 453 644 417 57 778 191 69 -1 302 262 825 725 374 841 167 442 258 233 275 342 652 707 779 560 684 342 523 460 233 225 590 513 657 878 786 522 459 438 544 513 759 366 379 603 854 628 1010 225 362 503 697 288 471 1049 736 270 89 507 580 927 877 497 685 685 265 448 961 205 923 500 153 690 797 197 595 200 740 564 600 799 322 193 149 304 521 283 423 595 690 699 87 480 566 494 383 495 115 255 837 411 525 530 688 454 525 819 763 374 801 723 268 421 555 628 786 475 333 417 201 616 598 697 382 445 396 186 919 355 703 366 535 575 217 507 673 489 845 977 487 264 649 271 676 208 362 320 877 634 642 708 310 879 703 641 376 409 446 600 342 
464 664 340 693 945 788 224 524 635 613 790 637 620 577 569 598 842 823 488 438 887 680 596 391 161 669 151 751 879 499 657 228 669 651 682 388 472 413 520 780 573 331 580 497 282 517 375 239 302 -1 324 688 709 599 834 188 542 208 437 407 490 503 453 847 732 807 382 588 254 142 396 468 270 570 796 619 309 446 625 525 642 813 543 469 817 727 766 954 474 280 358 570 480 546 1017 617 365 284 659 674 887 852 306 835 587 66 494 869 426 903 670 305 542 550 277 453 135 754 686 840 840 575 231 372 218 540 102 180 704 427 533 383 397 290 498 257 424 293 424 789 207 624 752 721 687 717 733 759 617 755 680 484 565 567 389 573 629 293 634 101 671 755 697 535 405 365 262 921 149 752 410 485 642 371 546 621 693 584 942 219 519 718 269 661 311 566 507 840 714 438 731 540 897 505 533 105 448 271 780 211 
