200
-1 369 531 389 397 155 411 455 368 386 215 558 209 689 362 110 618 581 456 635 531 309 687 602 593 88 622 339 444 327 497 705 328 500 41 559 129 277 307 445 464 270 95 88 656 769 767 414 346 258 314 312 249 511 493 124 784 320 404 201 497 503 486 244 292 303 203 157 546 569 595 87 446 271 431 465 376 458 707 373 239 324 383 232 194 324 236 556 243 402 480 335 593 456 81 144 572 561 568 394 159 219 237 544 384 307 152 316 158 522 642 148 477 163 259 527 481 149 197 217 635 503 232 124 598 566 188 196 463 202 443 518 626 502 602 488 479 197 604 120 530 297 651 825 318 182 528 427 304 583 710 619 541 637 555 673 77 346 698 338 357 646 690 230 668 351 302 591 498 261 282 640 93 325 329 541 476 545 390 185 397 413 175 498 246 574 184 862 380 526 502 391 545 602 471 452 386 297 123 452 
369 -1 238 381 501 500 476 101 221 272 252 862 543 854 672 479 708 653 86 882 728 423 804 893 696 451 846 692 775 138 654 716 690 608 401 447 442 430 175 758 157 543 313 406 689 670 635 106 503 495 680 667 137 767 136 273 1019 297 425 231 516 134 800 591 527 620 431 258 624 702 793 367 624 628 410 608 707 94 947 709 608 83 668 590 187 352 556 497 590 46 216 411 576 223 323 320 798 208 387 623 331 188 403 781 570 522 511 187 362 449 647 454 563 224 460 571 762 488 496 207 827 748 492 299 524 825 246 374 477 561 662 280 558 732 851 756 682 562 844 487 323 72 493 720 685 550 656 728 644 614 919 635 817 902 192 668 405 82 839 656 579 856 963 496 535 459 608 427 314 622 574 783 281 610 583 715 269 556 196 501 343 108 194 680 285 623 306 765 506 172 795 649 654 871 528 702 738 245 246 309 
531 238 -1 324 469 682 427 268 187 209 334 908 647 799 740 631 622 565 206 880 708 428 723 926 621 593 831 799 852 203 620 580 810 552 570 284 554 456 227 820 81 607 507 593 570 478 429 136 505 547 811 843 288 783 138 409 998 288 367 453 424 228 859 773 570 819 500 379 545 645 766 492 609 746 329 574 789 172 934 900 760 221 719 711 340 338 752 357 700 255 56 398 446 92 460 423 789 124 192 642 545 410 449 783 572 554 643 426 575 314 518 650 502 428 504 481 797 605 586 315 792 758 559 421 367 838 351 442 394 734 668 80 399 734 855 784 674 698 841 651 131 280 290 520 844 708 603 783 742 507 887 514 844 912 274 529 536 320 770 733 603 832 975 707 340 446 682 233 149 746 645 721 462 668 626 683 115 448 150 600 275 322 370 658 332 525 389 566 487 294 837 683 589 887 458 723 842 266 415 186 
389 381 324 -1 144 537 104 475 167 122 198 594 400 485 448 448 327 271 427 555 383 126 424 607 317 405 506 536 559 243 297 349 560 235 429 179 334 167 208 519 319 323 428 476 313 379 380 315 189 263 572 668 287 461 401 284 675 92 45 452 137 475 554 614 274 687 244 254 243 330 442 309 285 500 42 250 504 400 610 743 554 299 415 474 289 64 622 167 451 426 273 87 216 236 309 245 464 432 229 326 496 424 183 459 252 251 429 505 514 135 280 538 186 398 219 189 482 380 333 233 470 436 287 269 208 515 229 207 97 566 345 258 237 411 531 466 349 479 517 482 231 352 280 436 641 521 286 478 475 237 566 263 525 588 537 306 347 438 463 447 290 508 651 617 285 127 398 234 195 507 362 409 378 374 324 360 211 182 205 354 49 488 328 334 152 242 206 473 164 536 523 371 277 564 148 404 572 144 336 143 
397 501 469 144 -1 522 47 599 303 264 270 458 330 353 333 420 227 184 557 410 239 93 312 466 207 381 362 442 441 365 155 310 475 112 430 283 300 120 326 394 460 230 464 484 259 421 445 450 71 181 494 625 384 319 539 329 532 206 104 517 126 607 425 585 174 668 202 309 149 202 300 309 140 421 150 109 394 534 465 707 501 417 291 404 368 149 608 229 375 547 418 90 221 380 330 269 320 575 359 191 536 500 160 314 115 146 383 594 546 226 253 541 80 461 152 134 346 333 269 317 330 293 215 302 269 371 295 203 114 535 203 402 283 267 386 327 204 423 372 459 371 458 382 475 582 482 156 352 382 189 425 227 385 444 670 285 334 545 340 340 164 365 507 625 370 48 297 353 337 434 265 283 420 262 208 218 356 166 344 294 194 602 400 189 225 177 245 503 28 665 388 241 160 421 81 265 471 255 390 287 
155 500 682 537 522 -1 544 574 523 542 370 560 240 767 382 105 729 699 586 675 607 442 785 612 701 141 676 304 428 478 593 832 273 613 113 710 222 404 461 450 611 341 188 95 780 915 917 559 461 355 245 166 395 556 631 279 822 473 546 289 633 629 486 91 381 150 319 312 665 668 665 227 538 240 578 570 370 593 747 218 145 468 422 210 342 472 86 702 240 527 632 473 731 610 235 295 629 702 723 468 197 323 369 596 481 404 162 399 171 671 774 67 599 277 372 656 510 201 270 371 705 556 322 279 744 603 343 333 602 65 516 673 771 563 641 525 556 163 650 65 685 430 805 971 196 92 632 445 297 712 766 749 567 665 674 806 191 460 786 353 441 705 709 128 819 479 337 746 653 220 334 730 222 375 399 626 631 680 545 248 548 522 315 583 400 699 335 1006 500 640 519 448 655 630 601 506 345 453 267 607 
411 476 427 104 47 544 -1 572 269 226 259 506 366 382 379 445 236 185 527 453 280 102 329 513 221 404 403 484 488 338 193 294 515 133 446 235 325 139 300 441 423 270 469 499 247 384 403 417 114 217 533 655 367 366 504 329 571 178 60 513 90 576 473 611 215 692 226 305 153 227 338 324 185 460 103 146 439 502 507 736 534 392 338 440 357 125 630 185 412 522 377 79 188 340 338 274 363 536 311 239 540 492 175 359 163 188 413 582 553 179 231 558 87 457 182 117 394 362 302 304 366 339 249 306 226 417 287 215 69 561 251 358 242 312 430 374 249 456 415 483 325 438 335 439 617 510 183 400 424 173 461 208 432 489 638 262 353 526 364 385 211 404 551 641 324 66 340 305 291 471 307 308 423 307 253 256 313 136 308 326 153 580 392 231 212 167 244 469 74 635 436 289 178 467 62 313 515 231 388 243 
455 101 268 475 599 574 572 -1 309 359 354 962 639 953 771 565 802 746 62 983 829 524 899 994 792 540 947 785 873 234 754 800 781 705 483 519 538 532 273 858 199 644 387 479 776 734 692 169 604 596 769 739 238 868 132 369 1120 394 519 289 606 64 900 663 628 681 532 357 718 800 894 463 725 721 500 708 804 97 1048 774 692 183 769 682 285 450 620 577 684 56 267 510 660 286 418 420 899 188 446 725 390 251 504 883 671 623 602 205 421 529 732 521 659 299 562 662 863 582 594 308 927 849 592 397 599 927 347 475 569 637 764 331 634 834 953 858 783 652 946 569 380 166 550 781 765 632 754 828 740 703 1020 721 919 1004 100 751 499 115 936 754 681 957 1064 551 596 559 707 487 380 713 674 880 363 710 685 815 333 645 277 598 433 67 285 781 386 714 407 827 606 72 896 750 750 973 623 804 833 344 335 385 
368 221 187 167 303 523 269 309 -1 50 156 724 462 652 553 459 493 437 259 708 542 247 591 744 484 419 664 612 664 89 459 494 626 402 410 237 372 271 73 634 157 419 368 442 468 465 441 148 327 360 628 678 166 605 235 244 835 104 212 351 297 307 673 612 384 669 313 211 410 497 603 315 439 562 190 412 601 232 767 742 584 146 533 528 198 159 601 278 515 264 131 221 355 97 291 244 619 274 208 462 422 313 261 609 395 369 464 373 448 230 426 503 353 308 317 353 615 423 399 154 634 581 372 248 308 661 180 255 259 569 491 152 342 560 681 603 502 518 670 484 162 209 306 518 670 537 452 597 555 394 729 413 664 737 369 447 360 289 631 545 420 669 799 572 338 271 494 240 133 563 457 577 318 481 440 522 107 335 41 415 124 329 237 492 146 404 207 562 316 368 653 499 445 710 315 543 655 80 269 100 
386 272 209 122 264 542 226 359 50 -1 171 698 457 607 535 470 445 388 308 673 503 218 544 716 437 428 626 604 647 138 418 444 621 357 428 193 373 248 115 613 196 403 398 465 417 420 400 195 295 343 627 691 208 573 278 264 796 83 167 391 247 354 651 628 363 689 303 231 362 452 563 324 402 558 141 372 587 280 730 758 590 196 511 526 233 129 622 228 510 315 155 188 304 118 306 252 583 311 181 433 456 355 246 575 363 345 467 420 480 181 375 527 308 345 298 304 588 423 392 182 592 549 358 263 259 629 200 249 210 583 458 156 294 526 647 574 466 521 634 497 149 257 271 475 677 546 408 575 546 344 688 363 635 703 416 396 368 339 585 530 393 629 766 599 297 237 479 207 113 561 442 531 347 462 418 481 106 285 84 409 75 380 273 454 146 355 212 517 279 417 627 473 399 678 268 513 645 89 299 65 
215 252 334 198 270 370 259 354 156 171 -1 612 315 617 427 302 494 445 326 630 481 181 582 641 476 262 596 468 534 144 414 543 476 383 256 350 220 180 109 512 281 295 234 294 502 570 560 244 257 243 476 522 120 514 336 94 769 112 228 255 328 379 553 457 274 518 182 60 412 471 547 159 378 412 239 371 468 314 696 587 428 174 418 377 98 139 450 360 368 298 279 182 414 250 135 88 547 394 353 371 299 232 150 529 321 269 309 323 319 321 475 357 344 201 208 372 510 271 258 48 583 495 244 92 400 573 31 122 289 413 411 309 431 480 599 504 433 363 593 327 316 196 438 626 513 380 426 479 413 425 673 456 565 649 440 503 203 281 610 414 327 609 710 431 459 223 364 377 283 412 329 551 183 361 331 473 263 376 185 269 191 343 133 435 47 425 58 666 268 425 544 396 430 618 320 449 512 82 139 237 
558 862 908 594 458 560 506 962 724 698 612 -1 348 368 196 479 480 500 939 177 277 479 456 57 452 474 225 261 136 752 354 635 304 435 557 738 437 452 713 112 878 318 653 601 582 825 869 851 406 369 339 530 724 152 944 598 291 620 561 757 564 991 73 550 341 636 430 605 485 396 276 510 330 320 608 383 189 926 230 608 430 787 193 349 679 569 614 675 324 906 852 512 632 815 557 543 212 996 817 268 710 766 467 186 343 354 417 868 698 682 618 621 471 711 409 533 112 408 373 655 297 180 370 568 708 131 616 489 567 518 258 850 711 212 158 133 273 397 182 507 825 797 835 869 452 469 403 134 263 562 291 594 87 137 1052 646 487 872 416 219 305 260 156 686 813 467 259 811 789 340 289 393 641 251 284 319 801 582 764 376 641 939 688 309 591 534 556 881 433 1034 71 225 437 111 511 193 233 651 647 736 
209 543 647 400 330 240 366 639 462 457 315 348 -1 529 154 140 509 488 626 440 369 277 554 394 479 127 437 152 237 459 364 630 164 400 209 578 100 235 425 236 597 110 304 258 575 750 767 558 260 149 172 299 407 318 647 269 588 374 391 410 455 677 277 273 162 363 156 287 456 440 425 175 310 101 433 350 169 620 512 384 172 478 184 74 355 345 316 547 53 583 591 316 552 559 221 229 389 709 622 231 362 422 217 357 258 188 78 523 352 529 580 289 398 366 185 462 278 60 67 347 465 316 116 244 589 369 307 208 433 225 278 611 608 323 406 289 319 96 413 176 605 473 680 804 251 168 409 219 101 515 527 554 337 436 735 613 143 538 550 129 210 465 485 366 681 300 99 633 568 107 94 496 295 135 164 390 562 497 497 47 431 606 355 349 316 497 258 834 304 711 295 208 436 400 411 266 197 382 308 515 
689 854 799 485 353 767 382 953 652 607 617 368 529 -1 415 664 191 243 909 200 160 436 110 330 182 637 143 544 457 718 203 324 592 250 710 546 563 442 679 400 803 428 774 765 286 538 597 800 363 430 625 808 735 246 886 658 227 559 439 849 376 958 397 798 397 889 490 646 256 155 107 608 246 570 471 246 462 884 198 893 684 771 361 579 713 502 845 467 543 901 753 443 389 717 643 594 164 914 645 300 845 838 480 199 308 382 606 937 847 497 340 809 299 793 437 321 311 568 502 665 73 231 458 628 482 238 638 523 404 753 251 723 468 212 210 283 212 619 186 703 681 810 617 567 740 695 199 373 507 312 117 326 287 252 1021 355 613 897 54 442 332 109 292 891 578 396 437 622 653 591 434 78 739 396 368 148 684 362 691 521 532 956 740 191 575 286 581 567 350 1017 335 322 210 261 341 271 543 609 720 613 
362 672 740 448 333 382 379 771 553 535 427 196 154 415 -1 291 446 443 752 293 265 322 464 239 415 281 302 132 112 570 296 589 178 359 364 613 241 287 532 86 702 134 458 412 532 746 776 670 266 193 210 394 534 178 763 404 439 453 423 561 456 804 128 393 174 483 245 414 417 365 307 315 248 157 471 302 61 741 364 479 274 600 56 174 487 408 448 563 141 715 684 360 543 648 361 352 258 818 677 158 517 570 291 223 224 196 228 672 507 558 552 438 376 515 237 444 127 213 178 467 345 185 183 375 602 221 427 305 447 352 187 691 613 202 260 145 226 220 271 323 674 606 714 796 325 297 348 64 93 488 390 526 185 283 864 584 291 678 447 29 171 333 330 510 703 324 64 679 637 179 98 401 445 74 125 298 641 488 592 180 490 746 494 264 412 464 369 818 305 844 140 109 381 248 405 144 145 476 451 583 
110 479 631 448 420 105 445 565 459 470 302 479 140 664 291 -1 624 596 566 580 503 344 679 528 596 42 577 240 354 429 487 731 222 509 86 626 120 305 404 366 568 236 191 123 678 822 828 520 357 250 205 221 357 458 601 222 728 395 453 302 535 613 405 166 276 247 219 252 562 563 563 145 433 171 488 465 290 567 652 295 130 432 325 133 301 385 189 610 154 513 578 378 633 551 171 217 529 669 649 364 235 325 272 497 375 299 63 418 220 583 673 148 497 270 269 555 417 96 165 316 603 456 217 211 653 509 281 241 506 117 412 611 678 461 546 430 452 91 553 39 617 407 723 878 212 77 527 355 216 610 667 648 476 574 665 706 102 455 681 263 336 605 622 227 733 380 240 667 583 157 232 625 202 274 295 521 566 582 486 143 466 522 285 479 323 597 257 912 398 636 431 347 550 539 500 406 285 383 233 534 
618 708 622 327 227 729 236 802 493 445 494 480 509 191 446 624 -1 57 753 350 203 320 100 460 31 588 286 576 526 570 150 155 619 118 648 358 508 343 533 468 636 398 690 703 104 358 412 640 271 373 647 807 604 330 721 556 416 413 283 745 199 799 482 780 350 868 416 536 84 84 216 531 202 579 304 159 505 725 374 893 680 626 390 575 593 362 814 278 540 753 580 312 198 546 556 496 274 742 458 291 762 726 384 294 250 325 576 818 771 312 152 757 150 688 360 142 387 530 461 540 218 303 407 530 291 354 521 428 234 731 258 544 277 272 344 358 223 605 320 664 499 674 426 394 752 674 100 430 524 121 301 135 392 400 861 173 549 762 151 465 299 267 454 841 387 276 440 433 473 597 421 115 647 396 349 161 509 175 529 485 369 814 626 184 448 98 472 403 239 862 424 336 73 395 179 314 590 466 617 439 
581 653 565 271 184 699 185 746 437 388 445 500 488 243 443 596 57 -1 696 386 224 277 158 486 62 558 323 570 531 514 150 146 610 88 613 303 477 304 479 475 579 379 648 667 89 326 374 583 238 346 636 788 552 348 663 511 464 359 228 698 142 742 494 755 327 842 381 490 34 109 251 493 194 566 247 142 504 668 417 872 661 571 389 558 543 310 785 223 524 698 523 264 148 488 515 453 303 684 403 284 720 677 344 318 231 300 551 767 731 256 118 723 104 642 327 84 400 503 435 489 260 320 380 486 240 380 473 387 177 706 261 487 229 288 375 373 231 585 353 635 442 621 375 368 736 650 98 435 515 70 349 95 414 433 803 145 515 708 207 459 284 309 490 807 339 232 428 378 416 583 406 165 604 386 335 182 451 119 472 460 313 759 578 193 398 43 427 382 200 805 440 334 64 424 126 322 588 412 572 381 
456 86 206 427 557 586 527 62 259 308 326 939 626 909 752 566 753 696 -1 950 790 486 851 968 744 537 911 776 856 193 713 744 775 660 487 459 526 498 234 838 138 621 398 491 722 673 630 113 568 570 766 752 219 838 72 357 1083 351 472 310 555 52 879 676 601 702 508 340 669 755 855 452 687 713 449 666 788 34 1013 793 695 152 745 675 271 408 639 520 674 65 206 469 604 227 408 400 864 136 384 694 411 269 475 849 636 593 597 245 443 472 677 538 612 309 533 612 836 572 577 284 887 817 569 382 541 896 324 449 518 647 730 269 575 800 920 830 747 648 912 573 319 158 488 719 771 636 710 805 727 651 981 667 891 973 114 694 490 141 890 737 650 919 1034 576 535 519 688 425 320 708 654 835 367 687 658 775 273 591 224 583 383 119 280 742 353 663 383 765 566 109 871 722 704 943 575 774 823 303 332 328 
635 882 880 555 410 675 453 983 708 673 630 177 440 200 293 580 350 386 950 -1 175 464 301 132 328 564 63 403 293 756 266 502 451 346 645 666 506 451 716 243 866 367 729 697 455 708 760 850 382 397 487 678 749 124 941 642 148 605 514 822 485 1002 226 685 362 775 464 640 382 276 135 569 270 448 556 309 320 931 72 760 565 800 255 468 713 549 742 592 435 928 828 487 531 790 612 580 90 983 757 259 794 822 479 100 314 361 517 925 789 611 501 729 392 770 423 441 166 493 438 677 137 135 412 611 618 72 642 514 500 646 219 812 613 149 34 150 206 514 38 615 778 825 752 745 603 591 300 234 384 455 113 480 115 52 1064 523 559 907 253 322 303 91 104 803 722 437 340 742 745 470 354 244 706 310 311 209 767 489 749 451 605 972 732 223 597 426 581 750 393 1053 169 246 329 66 437 185 389 647 699 696 
531 728 708 383 239 607 280 829 542 503 481 277 369 160 265 503 203 224 790 175 -1 304 200 262 175 477 122 397 328 597 90 358 443 172 551 491 404 301 556 269 698 268 619 606 305 550 597 686 224 274 475 652 601 126 777 510 293 441 341 699 310 842 280 639 239 730 336 502 213 119 66 453 103 415 382 134 318 769 226 738 527 645 209 421 572 384 685 419 385 774 657 321 363 619 490 446 84 814 581 140 689 692 335 94 160 228 445 793 689 436 342 649 217 644 286 269 185 408 342 529 104 99 299 479 447 156 498 375 325 594 90 639 444 69 156 156 52 460 138 542 604 677 579 592 588 536 130 235 354 289 191 319 190 216 905 369 455 762 183 289 174 128 277 730 551 271 279 567 571 436 274 136 587 237 208 42 594 318 582 361 433 824 596 49 443 261 438 604 225 896 221 164 162 202 261 121 403 487 571 523 
309 423 428 126 93 442 102 524 247 218 181 479 277 436 322 344 320 277 486 464 304 -1 403 498 300 303 424 409 435 293 233 395 435 205 344 302 225 42 252 397 404 196 371 397 347 479 491 385 81 136 449 558 299 357 477 235 597 142 113 424 191 538 433 511 148 591 128 216 242 290 370 222 201 376 156 189 378 466 526 637 439 340 293 352 277 89 529 271 327 469 373 39 289 336 239 176 377 521 356 215 443 408 73 364 150 128 316 503 454 251 333 456 172 368 93 217 369 266 211 229 404 335 162 209 313 414 204 113 161 461 245 371 335 315 436 356 260 362 426 382 351 374 404 534 524 412 245 357 349 274 496 309 417 490 601 365 251 461 428 321 174 433 553 539 403 44 271 361 315 385 235 370 327 248 200 293 322 238 288 234 167 521 308 257 139 266 152 567 87 592 408 254 252 463 161 296 445 183 296 260 
687 804 723 424 312 785 329 899 591 544 582 456 554 110 464 679 100 158 851 301 200 403 -1 425 107 647 239 597 526 666 192 214 643 199 713 456 569 420 629 468 736 445 765 769 181 429 489 739 343 432 674 846 695 317 821 637 336 507 380 827 300 898 473 827 403 917 483 620 181 118 180 601 246 611 403 221 519 824 307 932 720 721 408 613 680 454 867 377 577 850 681 401 293 646 631 575 244 842 558 323 837 812 460 273 305 383 626 906 843 412 237 819 241 771 428 242 381 583 514 629 163 295 464 609 386 324 607 505 334 779 281 645 368 268 304 351 240 649 279 719 599 767 519 457 784 721 160 435 551 219 227 226 370 353 960 249 614 855 58 488 344 210 398 902 477 360 472 531 574 631 461 65 725 429 389 166 609 275 628 537 468 909 712 205 537 198 555 457 317 960 412 360 152 356 276 322 603 560 699 539 
602 893 926 607 466 612 513 994 744 716 641 57 394 330 239 528 460 486 968 132 262 498 425 -1 434 521 188 316 192 779 347 615 360 430 603 741 478 474 739 162 901 352 698 650 564 813 859 877 420 398 396 587 756 147 970 634 234 640 570 799 563 1021 127 606 367 692 462 639 475 379 248 550 331 373 617 381 241 953 176 665 485 816 226 401 713 587 668 674 374 938 871 528 624 833 596 577 186 1018 824 283 756 806 493 168 354 376 465 909 746 685 604 672 469 751 435 528 131 453 412 686 262 175 403 603 705 106 647 519 570 572 262 865 705 205 121 141 270 449 146 557 837 830 835 853 509 522 392 175 314 551 243 581 81 85 1082 630 530 907 381 265 323 220 100 739 810 481 300 815 802 394 326 364 683 286 310 303 817 577 785 418 655 974 725 301 617 523 587 863 443 1066 100 246 424 69 511 202 290 675 686 750 
593 696 621 317 207 701 221 792 484 437 476 452 479 182 415 596 31 62 744 328 175 300 107 434 -1 561 264 545 495 558 119 183 588 95 622 364 481 320 521 437 631 369 666 677 130 380 432 632 246 345 616 777 588 301 715 535 402 399 272 724 196 791 452 750 321 839 390 516 76 55 193 506 171 549 297 130 474 717 355 863 650 613 359 544 575 347 785 285 510 742 577 294 210 541 532 474 248 738 463 260 738 707 360 267 221 297 547 800 747 315 173 730 134 668 334 140 357 501 432 522 199 274 379 508 302 327 502 405 228 702 227 544 291 242 319 329 192 576 296 636 500 659 437 419 721 645 69 399 493 132 287 153 364 376 853 196 523 747 149 434 269 248 432 814 401 255 409 440 473 567 391 103 625 366 319 132 506 180 521 456 361 801 607 153 431 105 452 429 215 853 395 305 47 369 168 284 559 452 596 435 
88 451 593 405 381 141 404 540 419 428 262 474 127 637 281 42 588 558 537 564 477 303 647 521 561 -1 557 250 357 393 455 691 240 472 82 583 81 264 366 362 532 209 181 132 639 780 785 486 319 215 229 264 324 441 569 186 712 352 410 289 494 585 402 209 243 287 178 214 524 530 538 104 401 183 445 430 290 536 636 338 166 398 309 143 268 342 227 568 155 486 540 336 592 512 134 176 507 635 606 337 235 308 230 477 342 264 63 405 226 540 633 173 458 251 230 515 404 71 135 278 578 436 183 172 611 493 242 198 464 160 386 571 635 439 530 414 425 111 535 78 576 379 680 836 251 118 493 346 217 571 646 608 464 562 639 665 59 433 651 255 306 583 612 255 691 339 225 625 542 173 211 595 181 254 269 492 526 541 447 116 423 500 256 449 281 558 216 870 359 612 422 325 515 526 460 385 297 342 205 492 
622 846 831 506 362 676 403 947 664 626 596 225 437 143 302 577 286 323 911 63 122 424 239 188 264 557 -1 423 323 717 211 438 471 289 636 608 493 416 676 269 821 352 714 689 391 644 697 808 342 373 506 695 716 123 898 617 172 562 463 801 428 962 260 694 338 785 439 612 321 214 72 550 224 459 504 256 339 890 103 779 576 763 255 474 684 505 748 533 440 892 780 443 470 742 591 553 50 937 701 232 781 798 447 80 275 333 515 900 779 554 437 726 336 748 394 382 182 486 426 644 75 121 393 585 558 97 611 485 446 653 187 761 551 121 67 158 163 519 43 614 725 792 693 681 623 596 241 249 395 393 89 417 147 115 1025 459 545 876 193 330 275 35 167 804 661 393 339 685 693 481 346 181 687 303 293 151 717 430 705 441 556 940 705 172 561 364 550 687 347 1016 198 232 268 119 381 172 415 607 676 646 
339 692 799 536 442 304 484 785 612 604 468 261 152 544 132 240 576 570 776 403 397 409 597 316 545 250 423 -1 125 611 426 716 48 483 325 710 251 368 577 160 749 214 429 361 659 862 887 710 370 272 83 274 557 301 799 418 541 521 519 539 568 826 188 289 268 376 301 438 542 496 437 324 376 68 565 427 83 771 471 356 169 629 188 107 504 486 353 669 101 730 742 448 659 709 368 381 384 861 763 286 474 558 359 348 343 295 187 655 457 657 675 369 495 502 316 563 241 203 213 499 473 313 248 394 710 333 458 357 553 258 319 759 725 333 372 265 358 149 387 259 750 621 813 914 200 212 477 173 60 610 509 648 288 381 883 707 286 681 578 110 288 457 416 429 807 422 145 770 714 85 177 533 431 184 237 430 710 604 648 198 571 749 500 396 466 588 410 938 413 858 235 240 509 347 519 275 47 532 451 659 
444 775 852 559 441 428 488 873 664 647 534 136 237 457 112 354 526 531 856 293 328 435 526 192 495 357 323 125 -1 679 381 676 167 452 437 723 335 399 641 58 812 245 538 477 619 845 879 779 375 305 203 394 637 211 870 503 423 565 534 645 561 908 67 414 286 499 354 516 509 442 353 410 340 188 582 396 68 847 356 473 295 705 150 221 588 521 479 670 201 816 796 472 643 760 457 455 292 928 789 255 589 660 403 258 328 308 295 760 575 667 645 491 476 603 349 543 146 297 279 572 384 231 293 475 708 227 532 414 555 384 270 803 717 258 265 176 302 268 284 379 786 706 823 893 317 336 433 95 140 583 404 620 178 263 967 676 380 774 498 120 277 359 292 553 810 435 171 790 749 208 207 461 532 186 236 367 754 590 703 274 602 843 591 342 522 558 476 912 413 945 125 203 468 231 509 211 98 587 545 695 
327 138 203 243 365 478 338 234 89 138 144 752 459 718 570 429 570 514 193 756 597 293 666 779 558 393 717 611 679 -1 520 581 618 471 367 325 361 306 40 655 139 437 307 390 552 553 526 99 374 383 615 640 89 646 192 206 889 159 286 272 378 245 695 569 411 617 325 178 485 565 661 294 493 554 272 474 612 174 819 696 558 57 559 517 137 216 549 366 510 183 154 276 442 137 259 229 670 250 286 501 353 231 285 656 442 402 446 284 380 319 512 449 425 235 344 432 647 411 402 114 694 625 386 222 397 704 153 265 339 530 537 203 431 606 727 639 553 500 718 447 230 120 388 605 642 506 520 621 558 477 787 498 700 780 308 534 337 201 702 558 458 725 842 510 423 326 508 321 209 552 472 646 260 503 469 582 171 419 79 413 206 245 170 549 161 485 202 650 372 300 683 532 516 751 390 582 656 110 213 186 
497 654 620 297 155 593 193 754 459 418 414 354 364 203 296 487 150 150 713 266 90 233 192 347 119 455 211 426 381 520 -1 295 469 83 522 400 377 239 480 324 615 255 577 577 238 472 514 606 160 240 497 661 533 202 695 456 377 361 253 647 220 763 343 637 211 727 294 443 131 75 145 412 54 430 293 46 356 689 314 746 534 570 241 427 509 304 675 329 392 701 571 243 278 533 445 393 175 729 491 141 649 636 278 180 113 191 435 734 654 345 266 627 126 591 239 181 251 391 322 462 174 173 272 427 358 242 435 321 235 589 110 550 358 142 247 224 81 460 228 527 514 608 490 517 603 532 52 285 374 208 269 242 269 306 826 296 423 694 202 315 153 211 367 710 463 194 290 476 481 449 274 143 540 247 202 62 506 230 499 345 346 754 537 46 373 180 378 533 148 820 291 186 86 290 170 171 441 410 518 435 
705 716 580 349 310 832 294 800 494 444 543 635 630 324 589 731 155 146 744 502 358 395 214 615 183 691 438 716 676 581 295 -1 757 233 739 296 611 429 551 619 614 522 763 792 56 214 277 631 374 485 782 929 635 485 699 621 551 440 315 799 214 785 635 893 468 978 513 595 175 239 369 617 341 711 312 288 650 712 519 1013 803 639 535 701 638 403 919 225 668 758 550 372 139 520 633 568 429 705 394 430 833 772 467 450 376 442 690 854 847 271 69 851 234 744 461 178 541 641 575 581 366 457 519 599 214 509 573 508 253 844 405 500 185 426 498 512 373 726 474 770 449 697 330 244 880 789 242 580 661 121 440 87 548 553 842 51 644 781 273 606 429 416 604 934 282 354 574 359 433 727 550 259 715 532 481 316 476 166 523 599 376 824 675 334 495 133 537 248 332 851 579 480 208 549 233 465 735 492 678 415 
328 690 810 560 475 273 515 781 626 621 476 304 164 592 178 222 619 610 775 451 443 435 643 360 588 240 471 48 167 618 469 757 -1 523 309 738 256 394 586 207 757 245 413 338 700 897 919 715 403 300 36 228 558 349 802 418 588 538 547 524 601 825 233 247 301 332 320 441 582 541 484 325 418 64 592 468 131 772 518 309 131 632 234 100 504 507 314 700 111 727 754 474 695 722 366 388 432 866 785 328 452 547 380 396 382 328 178 640 433 686 714 339 533 491 342 600 289 206 230 504 521 361 273 397 742 381 464 372 584 221 364 775 758 380 420 313 403 131 435 235 769 618 840 949 152 181 520 221 95 649 557 687 335 428 879 746 284 674 625 155 327 505 460 393 837 452 182 795 732 67 210 580 421 224 276 476 726 640 660 211 593 741 496 441 479 627 420 975 447 852 282 284 551 394 554 322 73 545 446 679 
500 608 552 235 112 613 133 705 402 357 383 435 400 250 359 509 118 88 660 346 172 205 199 430 95 472 289 483 452 471 83 233 523 -1 530 319 391 225 433 398 553 290 572 585 176 393 433 550 154 259 548 699 496 284 636 440 449 311 189 629 139 709 420 667 238 754 298 421 58 94 219 413 112 478 223 57 420 634 390 784 572 525 306 469 480 256 699 246 436 654 504 201 196 468 438 379 257 665 412 200 644 612 266 263 143 212 463 706 652 265 193 639 49 573 243 98 330 416 348 429 241 256 293 413 275 325 407 310 159 618 183 478 275 225 329 304 162 496 310 549 439 568 407 441 648 562 51 357 428 130 336 167 352 388 771 224 431 656 231 374 196 283 449 723 380 160 341 396 408 494 317 175 530 299 248 137 437 147 440 372 282 712 512 129 337 105 357 460 121 769 371 251 47 373 93 248 504 363 501 365 
41 401 570 429 430 113 446 483 410 428 256 557 209 710 364 86 648 613 487 645 551 344 713 603 622 82 636 325 437 367 522 739 309 530 -1 600 146 310 347 444 502 285 104 55 689 809 807 451 376 281 291 273 287 522 527 165 794 361 442 215 533 533 484 203 313 261 232 198 578 595 613 122 470 257 471 493 371 491 717 332 208 361 391 218 232 364 194 596 235 432 520 372 630 496 122 184 586 597 610 411 152 239 272 556 408 331 141 331 143 563 678 111 510 185 287 561 486 152 210 258 653 516 252 165 638 575 229 232 500 163 461 559 665 517 611 496 498 178 616 85 571 329 693 865 283 149 556 429 297 618 725 654 546 644 583 709 99 371 721 338 377 661 694 194 709 385 307 633 540 243 291 664 120 335 345 563 517 582 431 195 438 437 209 520 288 608 224 901 412 553 505 404 575 609 506 464 372 339 158 494 
559 447 284 179 283 710 235 519 237 193 350 738 578 546 613 626 358 303 459 666 491 302 456 741 364 583 608 710 723 325 400 296 738 319 600 -1 514 344 308 677 324 496 584 643 290 228 210 350 347 438 751 846 401 593 408 444 762 239 191 584 180 496 708 791 444 861 424 411 292 400 537 484 410 678 145 360 672 426 708 920 734 380 574 653 424 241 794 79 629 484 257 263 166 232 477 415 576 408 101 474 646 548 363 579 398 418 609 610 668 56 236 705 273 537 396 228 627 560 512 371 555 565 465 435 83 641 381 386 171 743 481 204 116 536 647 606 472 659 629 658 153 445 102 281 821 699 367 635 650 237 648 236 661 707 550 245 524 522 509 616 446 600 768 781 109 289 569 76 140 686 534 467 532 540 487 457 186 184 252 534 162 553 464 445 312 260 375 325 310 563 669 524 343 689 230 545 745 273 486 139 
129 442 554 334 300 222 325 538 372 373 220 437 100 563 241 120 508 477 526 506 404 225 569 478 481 81 493 251 335 361 377 611 256 391 146 514 -1 185 329 327 500 140 223 202 558 704 713 459 238 136 256 334 307 382 548 169 654 292 335 321 415 577 369 286 167 367 98 187 443 451 467 75 324 192 373 350 266 520 578 412 220 378 256 157 254 273 308 494 149 483 499 260 513 468 121 132 442 610 546 265 288 328 154 414 263 185 95 431 286 469 553 250 377 273 149 434 354 51 67 248 507 374 105 143 537 438 208 128 387 236 315 523 560 372 472 359 352 148 475 159 522 373 613 760 307 187 413 304 201 490 580 528 414 510 634 585 52 439 575 220 231 516 564 333 620 259 178 561 486 192 154 518 204 197 200 417 475 461 404 61 357 507 255 374 227 477 165 793 278 611 378 261 434 475 380 322 297 292 210 434 
277 430 456 167 120 404 139 532 271 248 180 452 235 442 287 305 343 304 498 451 301 42 420 474 320 264 416 368 399 306 239 429 394 225 310 344 185 -1 266 364 426 157 346 364 379 520 533 402 79 97 407 517 300 339 495 217 589 168 155 408 230 551 402 471 114 552 87 203 269 303 367 189 199 334 198 200 341 481 516 597 397 349 262 310 271 121 491 313 285 476 400 81 328 364 212 155 368 543 395 195 418 396 40 351 141 98 274 494 427 293 369 421 200 352 52 251 344 224 168 228 404 318 120 189 355 397 197 85 202 421 232 404 377 301 422 333 253 320 414 343 387 376 446 576 482 371 260 326 308 308 493 345 395 474 613 401 214 461 440 284 152 429 536 505 445 75 233 402 350 343 197 381 305 213 169 295 354 276 311 192 204 523 297 256 145 297 138 608 104 601 382 228 272 445 196 276 406 200 279 296 
307 175 227 208 326 461 300 273 73 115 109 713 425 679 532 404 533 479 234 716 556 252 629 739 521 366 676 577 641 40 480 551 586 433 347 308 329 266 -1 616 172 399 298 376 520 536 513 138 334 343 585 619 93 605 231 183 849 121 250 278 344 285 657 551 372 603 287 152 449 526 621 265 453 522 240 434 576 215 779 679 532 92 520 486 127 176 535 342 477 221 173 237 413 149 233 197 630 286 281 461 350 241 245 615 402 362 416 306 376 295 482 436 387 235 304 398 607 380 367 89 654 584 349 194 374 663 124 227 305 509 496 212 408 566 687 599 513 471 678 425 231 145 379 589 617 482 481 582 523 444 747 467 660 740 348 505 309 231 664 521 418 685 802 502 410 286 470 313 205 521 434 607 249 464 429 542 173 387 84 379 175 280 165 508 121 451 167 633 332 340 643 492 478 711 354 542 622 70 200 173 
445 758 820 519 394 450 441 858 634 613 512 112 236 400 86 366 468 475 838 243 269 397 468 162 437 362 269 160 58 655 324 619 207 398 444 677 327 364 616 -1 785 217 541 489 563 791 827 755 332 274 243 435 621 153 847 490 381 532 491 645 511 890 41 447 250 535 330 500 453 383 295 401 285 212 539 341 80 826 310 516 326 686 104 239 573 485 508 621 212 801 764 433 591 728 448 438 235 902 747 204 597 656 373 200 279 268 304 758 586 621 590 510 424 600 316 490 89 296 265 553 327 173 268 461 658 175 513 390 507 412 214 768 665 200 213 117 245 287 230 395 748 692 777 839 360 360 377 41 152 529 352 564 128 221 950 620 376 764 440 107 231 304 259 577 761 392 151 746 711 233 183 403 530 152 196 309 719 537 673 265 563 832 580 284 495 503 455 857 366 930 75 153 411 186 458 153 146 558 537 657 
464 157 81 319 460 611 423 199 157 196 281 878 597 803 702 568 636 579 138 866 698 404 736 901 631 532 821 749 812 139 615 614 757 553 502 324 500 426 172 785 -1 568 432 520 596 535 492 55 485 511 755 775 215 762 85 345 992 261 364 373 436 172 825 703 537 744 458 318 555 648 760 433 597 693 333 568 747 103 925 828 697 144 686 657 270 317 678 388 649 178 68 379 475 93 398 368 777 117 246 619 467 329 412 767 553 524 585 344 497 342 548 576 504 351 469 494 770 551 539 254 789 739 519 361 406 819 293 398 402 666 649 131 440 718 839 759 660 639 828 584 181 199 350 581 780 644 605 749 695 528 884 540 820 894 228 563 477 239 779 692 577 825 957 630 397 429 641 287 183 691 605 727 389 632 594 678 138 468 116 551 271 246 296 649 289 542 339 627 473 239 808 655 594 867 463 700 794 226 344 200 
270 543 607 323 230 341 270 644 419 403 295 318 110 428 134 236 398 379 621 367 268 196 445 352 369 209 352 214 245 437 255 522 245 290 285 496 140 157 399 217 568 -1 363 339 466 652 673 537 158 60 264 409 406 243 630 282 514 320 305 456 356 673 258 382 55 472 112 287 347 330 328 203 200 192 351 239 183 609 438 494 282 469 125 179 361 278 421 455 146 587 550 235 450 515 247 225 302 684 552 128 429 458 158 273 148 83 181 561 426 443 474 381 291 404 105 357 222 140 74 337 369 233 51 252 496 299 297 172 339 334 177 559 512 232 333 223 216 207 334 275 544 479 598 705 358 276 299 184 154 409 440 447 280 373 734 506 193 555 445 126 101 376 430 462 593 207 76 557 507 206 39 389 339 66 60 285 509 395 458 93 361 622 373 242 278 389 238 732 201 716 252 121 326 340 309 182 249 342 336 453 
95 313 507 428 464 188 469 387 368 398 234 653 304 774 458 191 690 648 398 729 619 371 765 698 666 181 714 429 538 307 577 763 413 572 104 584 223 346 298 541 432 363 -1 93 717 804 794 378 422 345 395 354 219 605 445 143 877 347 452 111 550 441 582 278 379 312 284 174 613 647 684 166 529 361 470 543 471 406 801 397 309 288 478 322 171 366 246 594 336 339 461 390 642 444 134 195 663 517 576 483 72 138 305 636 466 391 243 227 85 555 697 144 544 89 338 586 576 245 291 216 723 596 321 163 634 661 202 261 513 250 532 509 664 593 696 582 566 282 697 185 530 244 669 860 378 248 605 522 398 642 801 676 636 732 487 727 170 273 779 434 445 736 786 203 692 415 397 605 502 348 376 721 51 420 420 625 472 599 381 281 425 337 137 583 277 637 226 900 451 454 598 484 619 698 531 545 476 311 99 463 
88 406 593 476 484 95 499 479 442 465 294 601 258 765 412 123 703 667 491 697 606 397 769 650 677 132 689 361 477 390 577 792 338 585 55 643 202 364 376 489 520 339 93 -1 743 856 852 467 431 337 316 261 305 574 537 200 845 403 492 197 585 534 528 185 368 227 287 234 633 651 668 175 525 292 518 548 414 499 769 307 223 376 441 256 253 411 159 643 277 432 544 423 681 524 166 231 640 608 646 466 114 229 325 609 464 386 184 310 97 608 730 62 564 182 342 614 536 204 264 288 708 569 307 207 684 626 265 284 551 157 516 588 713 570 663 547 553 211 668 103 604 336 733 912 287 163 611 476 339 671 778 707 595 694 579 761 154 365 777 385 433 715 743 142 752 438 357 672 574 276 343 719 130 387 399 619 548 633 460 248 481 428 223 576 330 662 269 949 467 546 552 457 630 658 559 517 405 376 177 531 
656 689 570 313 259 780 247 776 468 417 502 582 575 286 532 678 104 89 722 455 305 347 181 564 130 639 391 659 619 552 238 56 700 176 689 290 558 379 520 563 596 466 717 743 -1 254 310 609 320 431 725 874 600 431 682 577 514 405 275 758 176 766 580 839 413 925 461 552 119 185 320 568 284 655 279 231 593 692 476 958 748 609 478 645 599 363 867 213 612 732 535 327 124 503 585 522 378 693 392 373 788 734 418 397 319 386 636 818 801 256 57 800 180 703 408 130 486 587 520 543 321 403 465 554 213 458 532 460 216 790 349 490 191 372 449 457 317 671 425 717 441 665 341 290 824 735 186 523 604 76 401 55 495 505 825 69 593 751 238 549 373 371 558 884 297 304 517 360 421 671 494 215 671 476 424 262 461 132 499 545 345 797 635 279 455 81 492 299 279 831 524 423 151 499 185 409 678 457 635 396 
769 670 478 379 421 915 384 734 465 420 570 825 750 538 746 822 358 326 673 708 550 479 429 813 380 780 644 862 845 553 472 214 897 393 809 228 704 520 536 791 535 652 804 856 254 -1 69 569 493 601 916 1037 629 673 613 661 765 457 369 811 295 703 814 989 596 1065 607 630 340 434 573 688 506 843 338 449 807 638 730 1116 918 607 696 825 650 444 1001 213 796 704 467 444 202 449 689 624 628 598 288 590 869 776 550 644 521 568 795 838 889 249 208 918 369 762 566 301 723 745 686 595 575 645 633 649 171 706 602 582 318 940 577 405 144 613 700 696 553 840 677 858 354 673 188 56 1001 891 422 750 803 263 654 231 740 757 752 185 724 747 487 757 576 625 812 997 138 450 717 247 356 856 686 469 753 679 625 509 402 257 478 711 379 774 690 516 528 291 586 96 450 771 763 642 388 750 343 642 889 497 708 366 
767 635 429 380 445 917 403 692 441 400 560 869 767 597 776 828 412 374 630 760 597 491 489 859 432 785 697 887 879 526 514 277 919 433 807 210 713 533 513 827 492 673 794 852 310 69 -1 531 516 620 936 1047 607 717 567 654 825 448 378 791 319 657 852 995 618 1067 618 621 384 484 625 689 543 863 340 487 837 595 786 1123 930 578 729 842 633 444 1002 220 815 666 425 454 237 411 686 623 677 546 247 623 856 754 559 691 551 591 806 809 878 245 259 914 402 746 582 337 763 756 702 581 630 688 650 644 178 753 591 587 334 946 616 361 162 657 750 737 595 853 728 862 312 644 142 92 1015 900 467 786 827 307 712 279 784 808 703 241 728 714 548 785 605 679 864 991 103 467 742 208 321 874 710 526 743 707 652 556 365 289 448 725 370 736 673 560 521 336 583 138 473 724 804 675 434 798 370 681 916 483 696 340 
414 106 136 315 450 559 417 169 148 195 244 851 558 800 670 520 640 583 113 850 686 385 739 877 632 486 808 710 779 99 606 631 715 550 451 350 459 402 138 755 55 537 378 467 609 569 531 -1 467 482 711 724 164 741 93 299 980 245 361 317 442 159 795 651 510 691 425 274 557 645 749 390 583 651 336 559 712 84 911 775 650 91 658 614 220 302 624 408 609 135 109 364 491 120 352 328 762 151 283 597 411 274 384 750 535 500 541 292 441 360 564 522 502 296 442 499 745 509 502 211 780 720 486 317 430 799 251 365 406 615 631 174 465 700 821 736 645 594 812 535 219 144 389 618 732 595 600 720 657 537 875 554 798 875 221 582 432 188 779 658 554 814 938 575 433 415 608 324 213 649 572 725 337 602 567 668 167 478 111 512 271 205 244 637 260 550 302 663 461 222 782 630 593 847 463 678 755 202 293 216 
346 503 505 189 71 461 114 604 327 295 257 406 260 363 266 357 271 238 568 382 224 81 343 420 246 319 342 370 375 374 160 374 403 154 376 347 238 79 334 332 485 158 422 431 320 493 516 467 -1 111 422 556 377 278 559 296 515 223 159 487 198 620 365 519 102 604 144 283 204 225 290 260 121 349 207 121 325 548 444 639 431 421 228 333 350 168 547 299 303 550 451 107 292 413 288 233 295 602 415 137 494 475 118 282 68 75 316 574 501 292 320 485 140 431 89 202 294 267 201 305 325 254 145 267 340 334 276 162 183 469 164 444 354 233 354 278 179 354 344 397 420 452 448 547 512 415 182 291 310 256 416 294 339 409 683 353 277 538 361 270 101 353 472 569 439 61 226 414 383 363 193 302 382 193 140 216 396 237 368 225 235 599 377 178 219 240 218 574 44 673 334 182 199 383 152 217 401 265 358 331 
258 495 547 263 181 355 217 596 360 343 243 369 149 430 193 250 373 346 570 397 274 136 432 398 345 215 373 272 305 383 240 485 300 259 281 438 136 97 343 274 511 60 345 337 431 601 620 482 111 -1 316 444 358 276 575 245 542 260 247 428 306 622 313 409 35 495 66 244 313 314 339 179 188 242 292 215 244 556 466 527 320 418 176 223 318 217 440 400 195 539 491 176 402 455 218 183 323 628 492 140 415 425 99 299 127 49 205 528 416 385 432 386 251 374 44 314 267 157 89 287 378 261 34 213 442 334 249 121 285 359 188 498 460 252 364 262 221 242 362 290 484 433 540 655 400 304 277 238 212 368 458 406 323 410 684 465 183 513 440 187 100 393 470 470 537 152 136 498 447 254 100 382 314 121 88 282 449 348 399 114 301 578 335 239 222 351 188 684 155 668 301 155 300 378 262 212 309 284 303 392 
