200
-1 645 369 487 95 613 389 352 747 255 685 88 452 294 196 432 361 738 516 228 541 502 495 401 521 395 405 215 607 267 168 105 297 302 588 130 134 565 192 650 738 853 180 84 307 75 380 119 230 545 355 742 474 31 523 274 369 183 549 347 206 719 199 701 391 76 747 221 415 610 249 559 543 408 452 182 730 390 675 785 794 260 132 55 801 268 520 210 376 696 596 379 724 333 335 284 399 493 452 777 296 269 215 791 130 588 331 522 484 437 315 625 173 510 291 193 329 465 605 132 532 364 153 839 207 432 707 814 715 221 149 134 287 246 702 591 666 500 577 386 399 409 800 755 345 242 50 419 264 153 360 575 47 671 535 473 452 196 233 226 171 622 567 677 248 431 69 435 297 631 120 305 272 327 337 47 175 694 735 750 321 512 474 301 463 749 402 433 429 364 317 62 167 559 431 863 621 107 427 547 
645 -1 365 183 562 506 373 791 520 444 438 730 460 447 600 214 540 743 329 573 629 358 336 806 482 431 313 457 357 516 562 655 349 724 431 514 555 249 487 60 276 732 646 702 797 712 891 532 422 212 662 581 280 674 178 476 276 789 149 458 559 211 630 92 262 617 255 423 297 118 674 252 202 707 395 695 158 284 148 152 152 399 671 607 585 619 255 699 743 550 77 269 358 846 400 428 471 208 334 147 567 378 496 683 735 181 400 393 537 798 655 269 735 156 747 590 441 302 232 558 248 480 709 195 482 619 386 217 675 510 717 606 686 415 57 576 248 695 655 648 358 259 472 142 304 486 620 946 596 517 341 375 649 61 299 660 469 767 824 755 477 149 128 163 550 281 575 611 559 644 631 373 522 518 365 601 536 54 466 105 324 133 294 474 725 426 736 235 979 699 655 650 497 591 400 225 708 721 430 99 
369 365 -1 183 325 634 380 652 721 323 637 457 499 365 438 227 495 843 454 435 665 463 127 688 560 85 336 295 539 155 385 430 203 585 572 269 351 440 176 343 577 900 464 449 629 415 718 253 163 193 297 754 112 400 346 119 166 549 226 419 211 529 279 450 141 381 569 206 69 284 314 195 387 635 104 351 504 278 335 517 490 131 456 316 789 495 159 517 638 709 356 217 615 669 38 86 469 161 403 462 202 160 162 838 492 241 349 502 572 704 548 498 518 210 592 243 76 98 243 244 410 120 492 552 322 270 621 578 791 369 385 277 321 261 421 662 516 680 701 286 31 118 724 505 216 140 370 766 233 216 314 528 351 415 448 644 153 548 595 560 213 425 248 475 191 333 306 590 468 726 304 80 420 153 41 340 207 399 683 462 188 249 391 110 677 669 372 280 785 605 289 404 299 652 438 546 757 408 106 293 
487 183 183 -1 414 534 320 693 594 334 507 575 434 355 484 115 476 764 343 466 611 362 183 718 480 254 259 330 411 333 438 516 212 623 464 361 419 299 313 168 408 791 524 553 686 548 780 369 257 98 480 639 116 517 198 293 128 648 63 390 379 354 449 267 97 472 397 271 115 123 492 142 241 637 228 516 323 203 190 335 316 229 536 443 662 521 116 579 659 599 178 154 462 732 217 246 423 45 313 294 384 219 317 734 591 119 319 403 514 721 567 349 601 27 640 410 259 136 162 386 277 300 575 373 358 444 476 395 703 397 542 430 503 286 239 584 355 653 644 468 178 80 576 321 181 305 470 833 413 347 262 411 484 232 325 616 301 634 688 631 315 256 80 300 367 239 417 562 473 652 456 195 428 336 182 447 359 220 548 282 184 75 285 291 668 523 555 173 860 619 472 503 360 585 368 380 701 552 258 115 
95 562 325 414 -1 525 295 337 656 160 592 169 363 201 139 348 282 665 421 159 468 407 452 380 433 371 310 121 512 263 93 105 212 275 496 57 49 470 162 572 644 771 147 140 307 170 393 83 167 483 390 654 420 118 431 256 290 233 478 256 219 626 241 613 317 58 652 143 359 538 300 504 450 360 420 250 639 298 605 699 713 200 130 94 712 212 464 196 341 608 509 293 629 344 298 248 311 428 357 699 310 196 198 709 176 523 236 429 402 407 265 530 193 436 275 219 304 415 547 137 438 352 167 754 112 449 612 723 636 133 231 171 336 154 618 509 572 439 504 414 357 341 706 666 259 225 57 441 289 129 266 480 126 584 440 408 435 224 275 234 112 530 494 585 257 337 51 365 223 553 172 251 189 325 288 47 172 613 642 667 238 431 379 284 412 655 449 343 460 319 354 88 72 480 337 784 552 199 402 463 
613 506 634 534 525 -1 260 493 143 376 125 654 161 327 435 427 263 237 191 396 175 173 705 475 92 719 297 422 153 700 446 542 442 453 74 525 479 257 600 562 323 266 477 607 536 685 607 570 531 629 865 130 638 626 347 667 469 639 569 268 694 366 743 468 502 541 353 488 600 590 805 676 310 354 727 771 432 356 646 533 615 543 534 618 188 387 651 500 418 83 432 417 233 582 641 623 213 579 230 633 763 499 637 204 609 632 309 132 146 438 376 246 570 528 488 710 678 653 685 632 266 739 556 600 417 883 191 486 170 392 756 681 836 421 524 86 288 274 181 875 653 536 231 485 418 650 563 659 763 597 323 131 650 468 213 257 787 592 642 550 541 361 565 376 716 303 573 241 330 144 690 570 342 745 600 570 645 551 158 560 449 472 250 687 334 202 936 366 703 380 836 571 463 123 203 684 221 721 740 456 
389 373 380 320 295 260 -1 423 373 134 301 451 119 100 260 205 167 463 126 224 293 113 468 434 180 463 63 177 217 439 242 348 182 358 212 279 260 190 341 411 360 526 309 410 437 465 529 322 271 418 605 388 404 409 198 406 223 473 371 85 436 357 490 386 260 329 375 229 357 413 551 460 193 333 479 525 389 117 480 472 519 282 352 381 435 256 428 354 370 341 299 175 335 487 383 362 103 360 64 520 503 239 377 463 428 435 58 140 197 424 285 242 407 324 385 455 419 415 482 381 162 480 385 537 182 623 317 470 411 180 519 432 580 164 417 282 290 334 328 614 403 297 413 430 165 390 345 585 504 343 66 187 418 367 149 298 533 437 495 411 286 279 376 328 456 92 336 244 191 346 445 312 164 485 344 343 388 428 352 465 192 280 97 426 355 360 677 151 622 326 578 363 224 273 58 594 384 494 487 286 
352 791 652 693 337 493 423 -1 634 359 609 317 384 345 214 593 267 500 518 226 339 489 776 52 421 706 479 367 576 600 266 249 484 69 514 389 302 602 499 821 756 650 190 280 61 381 114 420 488 780 708 594 732 337 620 593 566 230 754 337 549 768 551 810 602 293 777 447 671 807 600 810 615 143 752 527 809 509 877 895 940 520 221 399 663 173 771 144 76 558 720 542 697 92 630 582 345 719 477 938 641 500 535 598 245 811 391 482 351 101 138 641 189 706 62 541 640 732 846 467 580 690 201 960 338 779 662 887 509 295 483 485 638 409 838 426 692 248 360 737 683 635 723 852 512 562 316 168 614 466 450 536 398 790 550 246 772 182 201 134 444 701 765 747 589 511 377 252 232 427 473 573 269 662 612 346 506 846 650 887 511 680 517 622 184 688 753 556 211 113 669 291 352 383 417 1015 377 426 738 697 
747 520 721 594 656 143 373 634 -1 501 86 793 296 455 575 499 406 277 268 536 303 265 774 613 231 807 393 547 184 808 582 681 546 596 161 650 613 294 714 580 275 214 618 747 678 820 747 694 642 681 975 76 706 762 396 772 555 781 615 400 809 336 864 460 582 678 307 602 678 622 925 728 353 493 806 897 406 447 668 505 599 648 675 748 68 530 710 643 558 82 455 504 174 724 735 724 349 639 326 624 871 604 749 173 751 674 429 233 289 573 520 253 712 581 631 828 775 723 729 754 317 835 698 566 545 983 136 438 207 526 886 804 954 538 523 211 273 404 298 981 737 613 106 460 513 759 699 798 876 717 429 194 782 470 273 393 872 735 786 693 659 371 606 365 827 389 702 383 471 239 816 668 480 847 692 703 762 556 57 548 547 523 330 789 467 110 1049 442 843 522 949 708 591 253 321 659 320 855 824 496 
255 444 323 334 160 376 134 359 501 -1 433 320 215 50 156 236 174 546 260 133 355 247 435 385 286 396 155 46 352 338 121 223 129 289 339 149 128 313 231 467 487 633 202 281 356 330 450 194 175 422 496 506 383 276 290 312 207 354 395 112 321 475 368 479 245 198 498 126 324 449 429 456 300 314 427 396 496 161 519 566 596 198 233 248 559 187 418 254 327 459 380 183 469 403 313 278 169 362 196 589 398 163 270 570 304 452 75 270 271 391 235 371 294 347 308 335 339 387 489 256 282 399 269 627 48 529 451 579 505 66 386 305 461 61 496 375 415 358 392 510 352 280 546 529 152 289 212 505 393 222 113 320 284 454 280 322 467 326 383 310 168 385 406 438 348 185 202 269 146 429 315 244 99 392 282 208 271 498 483 545 154 324 221 336 354 494 565 210 535 289 465 232 90 353 179 670 446 360 424 346 
685 438 637 507 592 125 301 609 86 433 -1 737 243 391 524 414 361 328 187 484 300 189 688 595 189 723 314 478 98 728 525 627 467 564 100 581 552 208 638 497 211 294 570 692 648 759 724 624 564 595 896 144 620 702 309 692 471 736 529 340 733 265 790 383 498 618 242 527 592 537 851 642 266 474 721 827 334 365 585 436 525 569 624 681 154 487 623 600 536 120 371 421 113 696 652 643 295 552 249 549 792 525 672 246 700 588 359 162 258 560 485 169 667 495 598 754 692 637 643 682 231 752 650 499 480 901 69 376 256 465 820 733 879 465 444 211 195 399 306 901 652 528 118 389 431 680 638 777 799 643 352 115 717 390 189 380 787 691 745 653 586 288 520 288 749 307 636 358 424 260 746 586 425 766 609 640 687 476 50 473 466 437 248 708 457 78 971 357 821 496 872 651 524 248 254 589 341 792 740 410 
88 730 457 575 169 654 451 317 793 320 737 -1 497 352 220 516 393 754 578 258 561 561 582 369 563 479 475 287 666 346 213 112 380 282 638 215 192 634 280 737 808 880 184 47 264 66 321 208 318 634 410 780 563 57 600 357 455 109 637 396 282 793 257 782 478 122 818 306 504 698 295 648 617 403 537 216 808 467 763 868 880 348 125 140 843 281 609 190 358 736 678 461 786 277 422 371 444 582 515 864 366 356 300 820 71 677 394 577 517 413 318 692 128 597 262 262 413 554 694 216 603 445 121 923 272 495 765 892 738 273 167 204 332 323 786 621 736 505 594 444 487 497 854 836 428 327 111 353 330 241 431 631 111 753 600 482 532 139 159 183 260 699 655 754 323 503 157 453 326 653 183 394 313 404 426 128 257 780 787 835 405 597 542 383 458 805 444 512 356 357 371 88 240 586 486 949 632 109 510 631 
452 460 499 434 363 161 119 384 296 215 243 497 -1 166 281 319 121 344 142 241 177 111 587 381 70 581 175 262 193 547 286 386 298 330 143 364 318 230 443 506 372 418 326 451 414 524 497 410 379 532 709 291 523 466 282 517 342 492 481 106 536 390 583 453 379 381 394 333 476 517 645 575 261 264 598 609 439 234 581 533 596 395 381 456 349 245 545 357 317 245 383 294 315 463 500 476 53 475 127 603 609 352 482 355 457 545 155 97 80 358 250 260 423 435 363 551 534 534 595 472 217 595 407 600 255 735 284 511 295 231 594 520 677 265 495 164 311 234 210 722 522 416 361 487 284 498 403 553 607 438 185 152 489 441 175 201 651 448 503 411 383 339 483 376 561 196 411 154 180 226 528 428 184 596 462 409 487 513 291 539 310 387 166 539 270 317 779 261 594 273 680 412 302 154 66 670 266 560 605 385 
294 447 365 355 201 327 100 345 455 50 391 352 166 -1 162 249 130 496 226 128 306 209 472 365 237 441 140 96 314 388 141 247 164 276 294 197 161 289 281 476 461 583 210 310 350 369 444 243 223 448 546 457 416 312 281 361 235 372 415 62 371 455 417 473 274 230 474 175 360 465 478 485 285 282 468 443 483 164 534 560 598 245 251 292 512 172 448 258 304 411 378 201 434 400 358 325 119 388 165 594 448 206 320 520 327 474 49 228 221 365 212 343 308 366 299 385 386 422 515 305 260 446 285 623 90 579 414 565 455 79 431 353 511 107 495 324 390 315 343 561 393 310 505 520 176 339 248 500 443 272 106 280 327 450 249 279 512 338 396 316 218 372 424 423 398 173 247 225 117 379 362 287 75 441 325 249 321 502 441 545 186 335 196 385 317 455 615 212 533 263 515 264 136 303 136 672 398 401 468 352 
196 600 438 484 139 435 260 214 575 156 524 220 281 162 -1 392 173 542 380 39 346 358 561 250 344 495 301 154 461 400 53 107 273 146 424 181 93 450 293 624 620 662 48 172 201 258 295 220 274 568 529 560 518 199 442 387 356 214 547 188 358 616 377 633 391 120 635 233 456 603 435 596 447 221 539 376 645 317 672 720 753 306 99 224 623 73 558 98 205 516 535 338 584 248 417 371 228 508 323 745 448 285 332 601 176 601 210 367 297 271 126 501 147 500 157 358 431 517 634 276 422 483 127 782 126 588 558 727 521 90 346 308 472 198 651 402 550 305 381 553 469 423 642 681 306 358 147 349 428 265 264 423 242 609 407 276 564 177 235 155 234 533 560 585 395 334 188 239 106 436 304 358 100 461 398 167 310 655 572 701 300 480 357 416 273 595 585 365 379 180 492 142 138 367 280 826 424 300 526 503 
432 214 227 115 348 427 205 593 499 236 414 516 319 249 392 -1 364 652 237 368 496 253 279 614 367 312 144 244 315 347 351 441 135 524 358 301 341 212 290 231 356 688 435 487 592 501 686 322 217 213 510 538 211 461 120 306 74 575 167 278 375 315 443 270 86 402 352 211 178 215 496 256 160 527 306 502 308 90 285 353 366 202 457 398 567 420 226 489 553 496 165 55 388 640 248 255 309 156 200 355 407 171 309 629 520 230 208 294 399 613 462 271 521 119 544 403 291 226 276 357 183 346 495 407 269 496 394 389 593 302 517 407 514 201 270 471 291 539 530 507 238 113 496 325 89 306 405 741 426 314 150 309 440 239 225 502 373 554 610 544 268 210 174 264 376 125 363 449 367 539 430 194 324 370 205 387 342 266 458 319 111 87 176 314 556 441 586 60 771 512 494 435 282 471 253 438 586 514 326 115 
361 540 495 476 282 263 167 267 406 174 361 393 121 130 173 364 -1 383 251 135 186 222 602 271 175 570 229 213 313 508 193 280 294 210 262 300 233 335 399 578 489 491 213 345 293 429 379 346 349 571 659 387 544 369 364 485 361 376 532 86 483 501 519 548 401 286 510 300 490 576 580 610 353 166 599 532 544 274 645 632 685 373 271 377 451 125 575 238 206 343 466 322 436 343 487 452 78 511 213 687 566 336 439 430 345 593 157 218 124 257 130 374 307 483 242 492 514 551 637 409 315 573 292 699 194 701 405 620 354 153 509 451 615 235 582 230 425 185 224 678 523 438 479 588 301 460 310 435 556 383 213 273 403 531 283 148 641 330 383 291 334 438 538 481 514 259 334 95 66 271 454 417 93 564 455 323 433 595 407 630 315 444 253 510 192 437 724 315 475 162 626 313 237 198 150 760 275 468 598 453 
738 743 843 764 665 237 463 500 277 546 328 754 344 496 542 652 383 -1 425 510 197 402 928 461 286 925 513 590 388 884 573 646 642 492 312 682 615 494 776 799 539 160 569 707 558 800 598 729 718 861 1041 201 862 742 583 856 684 705 803 434 865 592 903 702 720 662 570 670 818 826 963 906 547 365 942 914 660 573 883 762 848 736 629 759 253 474 879 570 427 208 669 635 440 591 844 818 379 808 452 868 944 695 816 130 693 866 497 362 274 410 437 480 642 760 524 874 877 875 919 792 502 938 637 827 575 1074 396 705 71 536 888 835 998 602 760 181 517 256 161 1056 866 756 382 714 628 835 688 638 937 765 529 368 782 704 449 272 996 653 691 604 713 597 800 608 893 527 716 303 442 117 837 772 476 936 806 704 814 788 329 794 654 706 479 879 316 385 1107 592 684 408 1008 684 620 192 406 915 124 842 949 692 
516 329 454 343 421 191 126 518 268 260 187 578 142 226 380 237 251 425 -1 342 300 31 516 520 152 540 127 302 94 541 367 473 279 459 121 402 386 88 452 380 241 450 429 536 542 591 630 443 377 438 708 301 448 536 159 504 287 595 378 193 547 250 606 312 317 456 259 341 414 402 665 484 127 406 542 646 297 178 461 391 457 381 476 505 335 364 459 470 455 258 252 236 208 592 466 456 172 387 65 467 604 338 484 391 552 441 185 64 211 499 381 123 528 336 490 568 506 464 494 499 81 566 507 459 309 714 192 370 361 305 643 551 692 283 358 249 174 373 326 713 470 349 291 345 244 493 472 686 612 459 166 74 544 303 33 341 605 557 614 527 402 198 374 234 562 120 461 297 296 318 566 399 281 579 423 469 502 379 236 401 278 281 62 520 412 237 783 177 725 411 684 490 350 261 102 530 379 620 558 267 
228 573 435 466 159 396 224 226 536 133 484 258 241 128 39 368 135 510 342 -1 313 319 555 256 305 497 269 142 421 411 65 146 257 157 384 192 109 414 302 599 582 626 87 211 223 294 318 235 273 553 548 522 508 234 410 395 339 253 528 149 374 581 400 602 376 152 598 228 447 582 459 584 413 206 537 404 611 289 652 688 725 303 139 250 584 60 546 130 203 477 506 316 545 272 417 373 188 493 286 719 463 278 342 565 216 584 177 328 259 269 114 464 186 480 175 377 434 509 620 294 386 490 167 751 114 601 519 693 486 69 377 330 495 183 623 365 513 280 349 570 466 409 602 649 285 366 177 373 446 277 233 384 272 579 369 249 567 214 271 188 239 500 539 551 410 302 210 208 69 402 330 354 61 471 394 194 325 628 532 673 284 456 321 423 256 556 608 338 405 171 512 177 139 331 241 799 394 334 528 477 
541 629 665 611 468 175 293 339 303 355 300 561 177 306 346 496 186 197 300 313 -1 270 760 312 149 744 352 397 307 692 376 451 461 314 227 487 418 385 584 678 490 321 376 513 390 605 449 533 529 709 846 255 698 546 454 667 515 520 658 246 670 525 706 610 553 465 518 481 648 692 767 752 427 196 766 717 584 410 756 684 756 550 435 562 325 279 721 382 262 223 551 468 406 431 662 631 195 652 303 768 752 510 624 264 503 722 315 238 97 270 248 396 454 612 348 679 692 708 772 596 381 752 447 751 380 884 365 647 178 340 691 638 802 413 658 92 444 100 37 863 690 590 402 636 455 644 491 498 742 570 357 272 585 602 332 93 815 470 513 422 520 496 660 524 700 373 519 107 245 93 640 590 280 747 626 507 619 680 330 700 478 563 338 691 164 378 911 438 543 232 813 488 424 51 243 828 92 646 770 559 
502 358 463 362 407 173 113 489 265 247 189 561 111 209 358 253 222 402 31 319 270 -1 532 490 124 549 129 291 105 542 349 454 280 432 109 393 370 119 449 408 267 437 406 518 515 577 602 435 376 458 709 290 464 521 185 506 297 573 400 170 544 279 601 343 329 439 287 337 427 427 661 504 156 375 554 638 327 185 488 422 488 382 455 494 330 338 478 445 425 246 281 246 226 565 473 459 144 406 61 498 605 339 483 376 532 464 171 40 180 468 353 151 505 357 463 564 512 479 517 492 110 572 486 490 295 719 205 401 340 287 632 544 689 276 388 224 202 342 297 716 481 363 299 376 249 493 456 657 611 453 163 74 532 333 64 310 616 534 590 502 396 229 398 265 561 130 449 266 270 293 557 404 258 583 431 455 498 409 239 431 282 303 77 524 381 247 783 192 697 381 684 473 337 233 77 561 351 607 568 293 
495 336 127 183 452 705 468 776 774 435 688 582 587 472 561 279 602 928 516 555 760 532 -1 810 641 125 414 413 591 258 509 558 308 708 637 396 476 481 302 295 589 967 590 576 755 537 845 381 288 125 356 816 68 526 380 231 245 676 188 521 322 531 384 428 207 509 575 328 112 227 407 98 423 750 67 457 491 354 257 479 429 255 583 442 843 615 81 643 758 775 354 293 645 795 159 211 565 140 476 394 284 277 283 908 619 167 448 572 664 823 667 532 645 201 717 353 176 52 144 367 457 178 620 499 441 292 660 553 870 488 498 395 404 375 384 746 538 786 796 332 95 171 760 478 305 258 497 893 323 342 403 588 475 395 503 749 136 676 723 687 340 437 208 477 292 402 433 695 582 812 422 203 534 227 164 468 328 353 730 414 286 258 455 211 789 706 423 339 912 723 361 531 423 741 522 473 852 526 108 295 
401 806 688 718 380 475 434 52 613 385 595 369 381 365 250 614 271 461 520 256 312 490 810 -1 410 746 493 398 570 644 303 297 512 104 504 429 341 606 541 840 753 614 233 331 111 432 138 463 525 807 756 568 764 387 632 635 593 282 779 348 595 770 599 819 630 339 776 482 703 830 650 840 624 121 790 578 814 528 899 903 954 556 269 446 638 197 802 191 64 535 733 565 688 132 668 621 348 747 484 954 687 533 578 565 297 837 408 478 338 52 152 641 240 730 110 588 680 765 874 513 586 732 252 970 370 826 651 890 475 324 534 532 688 439 851 403 692 216 329 785 719 664 707 859 537 605 363 185 661 509 468 530 447 801 553 220 813 234 251 186 483 709 788 752 635 525 422 237 248 397 521 608 290 706 648 392 551 861 633 899 539 700 524 664 150 674 803 574 230 109 717 339 388 360 421 1029 340 477 777 715 
521 482 560 480 433 92 180 421 231 286 189 563 70 237 344 367 175 286 152 305 149 124 641 410 -1 643 227 332 165 615 354 451 362 374 93 434 387 236 513 532 350 348 387 516 458 592 536 480 447 577 779 221 576 533 309 584 399 551 522 176 606 379 654 461 434 449 376 402 532 551 715 622 279 289 657 679 436 287 612 535 607 461 444 526 280 300 594 413 349 175 404 349 278 506 564 542 121 523 167 619 678 418 551 285 520 586 223 89 73 379 295 249 482 477 408 621 599 589 637 542 233 660 467 603 326 802 241 502 231 300 664 590 747 334 509 104 298 231 173 790 582 470 306 488 343 566 471 589 676 508 245 127 558 454 183 205 713 505 558 465 453 347 521 376 630 241 481 173 240 172 599 492 250 663 524 478 556 531 233 551 372 425 197 605 281 267 849 306 633 308 749 479 372 109 121 679 227 629 666 416 
395 431 85 254 371 719 463 706 807 396 723 479 581 441 495 312 570 925 540 497 744 549 125 746 643 -1 421 362 625 138 442 472 283 641 658 317 404 525 209 400 657 985 516 479 678 428 763 291 225 235 235 839 154 424 429 121 252 579 284 498 204 606 261 519 226 423 648 273 140 335 281 220 471 702 62 335 577 363 375 581 542 197 499 340 875 558 192 567 699 795 431 303 699 713 82 124 549 222 488 510 158 234 180 923 524 282 430 588 653 766 612 582 557 279 645 233 67 132 268 263 495 53 533 609 388 190 706 647 875 436 378 281 278 334 484 745 598 754 781 217 76 200 809 573 301 152 406 808 198 247 398 614 368 485 534 718 71 586 628 604 262 505 306 552 171 419 341 665 537 808 307 153 490 102 119 376 221 458 769 521 271 325 477 95 747 754 306 365 822 669 237 440 359 734 522 591 837 412 31 368 
405 313 336 259 310 297 63 479 393 155 314 475 175 140 301 144 229 513 127 269 352 129 414 493 227 421 -1 189 220 414 275 379 152 412 237 283 283 160 325 349 333 563 350 437 489 480 582 321 250 357 582 418 349 428 142 378 172 508 309 145 420 319 480 333 207 353 343 216 305 349 539 400 146 395 430 523 343 60 417 419 461 254 387 388 459 308 369 399 429 374 241 121 326 539 344 330 166 300 67 460 478 211 357 502 460 372 91 166 255 485 342 220 446 261 438 442 383 361 420 375 127 444 423 483 203 590 316 426 457 215 523 427 566 162 358 331 261 397 385 587 356 243 417 379 121 366 365 638 485 334 44 199 428 311 135 361 489 477 535 456 277 232 312 284 435 32 344 308 247 398 443 275 213 454 302 357 375 368 363 407 153 217 71 395 418 362 656 88 673 386 557 387 237 328 109 536 442 505 442 224 
215 457 295 330 121 422 177 367 547 46 478 287 262 96 154 244 213 590 302 142 397 291 413 398 332 362 189 -1 395 295 108 198 118 298 385 103 99 349 186 475 523 679 193 251 356 291 450 148 138 413 451 553 365 239 314 271 201 332 393 158 275 506 321 500 237 166 532 89 305 450 382 443 330 340 398 350 522 181 519 587 610 165 213 203 606 202 404 248 344 506 398 189 510 401 280 241 215 353 237 599 355 136 227 617 279 447 119 316 316 410 254 409 277 347 311 288 303 367 479 209 317 361 251 645 28 487 494 606 551 74 341 258 414 44 511 420 451 393 434 466 325 268 590 552 155 247 176 503 347 176 145 365 241 473 319 358 433 310 366 301 123 412 407 467 303 216 158 307 174 473 269 214 127 351 254 168 225 510 528 561 146 331 258 297 384 538 519 229 530 310 419 200 48 398 225 682 487 317 392 358 
607 357 539 411 512 153 217 576 184 352 98 666 193 314 461 315 313 388 94 421 307 105 591 570 165 625 220 395 -1 633 453 559 372 523 82 496 476 113 546 414 185 383 508 623 607 682 690 537 471 500 801 230 522 626 214 596 373 675 436 272 641 217 700 315 399 544 211 435 494 449 760 547 172 451 622 740 280 268 500 381 462 473 559 598 252 434 527 545 507 194 285 323 123 656 554 547 238 456 158 480 696 430 578 329 635 496 276 95 237 542 443 93 607 399 555 662 595 540 551 593 134 654 588 448 400 803 99 339 318 392 736 645 786 377 372 233 137 396 324 804 553 429 197 333 335 586 562 745 705 553 260 40 636 316 91 370 688 635 690 601 496 209 428 223 655 210 553 335 368 296 660 489 360 669 511 560 596 400 144 407 369 341 152 611 446 143 876 259 787 464 778 578 442 259 180 531 370 712 641 318 
267 516 155 333 263 700 439 600 808 338 728 346 547 388 400 347 508 884 541 411 692 542 258 644 615 138 414 295 633 -1 349 355 261 539 649 219 306 548 110 497 703 964 410 352 565 291 644 180 168 348 167 827 265 294 466 40 273 450 381 450 66 661 126 596 266 307 699 214 223 439 159 344 503 618 200 199 646 365 490 668 645 159 383 212 872 469 310 456 604 781 497 316 726 596 117 92 506 316 481 617 63 203 69 901 397 396 392 577 609 670 524 610 436 360 537 95 83 248 393 135 516 98 413 706 314 192 724 723 842 359 240 143 170 282 573 711 636 685 730 174 175 258 827 652 299 49 287 686 80 135 379 614 234 562 544 651 186 462 500 486 174 556 402 609 35 423 223 601 463 767 169 152 419 62 151 256 94 552 777 615 263 391 481 47 667 772 243 385 697 579 147 318 275 691 497 702 783 273 167 435 
168 562 385 438 93 446 242 266 582 121 525 213 286 141 53 351 193 573 367 65 376 349 509 303 354 442 275 108 453 349 -1 105 226 199 426 130 44 430 241 582 602 684 85 169 250 238 343 170 221 519 483 574 467 179 411 335 309 233 501 184 310 594 335 601 343 95 615 181 405 558 394 546 421 269 486 341 617 281 627 687 715 253 112 186 634 120 507 141 257 528 500 296 575 294 364 318 233 460 306 706 399 234 280 622 185 554 187 364 315 324 174 485 173 455 208 312 378 466 585 230 400 431 148 748 81 538 553 700 547 62 316 265 430 152 615 422 531 345 412 506 417 374 641 650 262 306 118 395 381 214 234 418 210 575 391 315 511 205 262 194 181 506 515 559 346 306 145 272 130 463 265 306 103 410 345 131 261 616 574 665 254 438 336 363 320 592 542 330 422 230 447 126 85 391 273 788 458 276 473 464 
105 655 430 516 105 542 348 249 681 223 627 112 386 247 107 441 280 646 473 146 451 454 558 297 451 472 379 198 559 355 105 -1 308 197 527 162 100 535 262 670 708 769 77 65 209 154 291 180 272 588 459 668 526 98 512 353 389 133 580 287 301 698 302 699 419 49 720 245 464 639 354 610 524 305 524 286 719 379 707 786 807 306 28 150 730 172 570 105 270 623 597 385 680 241 402 351 332 532 412 795 393 300 294 708 81 627 292 468 404 332 214 591 87 536 187 292 405 521 652 220 505 449 61 844 177 531 658 803 628 167 249 236 392 240 710 509 637 401 485 488 462 445 744 750 351 322 68 336 364 225 336 523 152 672 497 376 534 119 171 131 218 608 595 662 342 409 131 343 214 542 225 357 202 417 394 98 261 708 676 759 335 526 442 382 360 696 507 427 354 260 420 43 158 474 378 879 525 198 504 556 
297 349 203 212 212 442 182 484 546 129 467 380 298 164 273 135 294 642 279 257 461 280 308 512 362 283 152 118 372 261 226 308 -1 414 388 166 209 296 176 361 462 708 312 352 474 367 568 191 99 295 429 567 254 325 232 226 83 442 275 216 270 433 333 404 118 268 465 77 196 332 390 327 260 443 305 382 436 108 401 488 501 102 326 265 610 315 289 367 456 522 299 82 471 520 202 180 266 235 219 487 325 58 206 646 386 328 146 316 369 520 364 358 391 229 429 294 236 258 362 234 262 298 365 542 146 441 466 519 593 188 391 286 415 75 405 463 391 479 498 435 229 151 568 458 49 213 270 621 333 191 118 352 307 373 284 443 354 424 479 419 139 331 289 386 283 163 228 388 275 524 306 130 228 303 164 252 228 401 516 455 27 218 220 244 481 512 503 142 648 418 405 300 150 450 241 571 554 383 308 251 
302 724 585 623 275 453 358 69 596 289 564 282 330 276 146 524 210 492 459 157 314 432 708 104 374 641 412 298 523 539 199 197 414 -1 466 324 237 541 436 753 699 633 129 240 84 341 171 358 421 710 655 562 663 291 554 530 496 214 685 273 491 708 499 744 533 237 719 379 602 738 551 741 551 127 686 482 747 441 808 830 874 453 170 345 631 104 702 93 75 524 653 472 645 133 563 517 287 650 414 870 583 431 473 578 213 742 323 427 308 135 79 583 157 637 34 486 576 664 777 409 518 627 161 895 269 722 612 826 490 226 441 431 589 340 771 394 634 236 340 683 616 566 680 788 442 500 261 227 558 404 382 483 349 724 491 223 708 162 200 112 379 638 696 684 531 445 318 215 167 406 421 505 201 601 544 289 447 778 607 820 441 611 453 559 180 641 704 489 265 83 617 240 285 353 357 948 367 386 672 629 
588 431 572 464 496 74 212 514 161 339 100 638 143 294 424 358 262 312 121 384 227 109 637 504 93 658 237 385 82 649 426 527 388 466 -1 488 454 182 553 487 263 329 469 593 550 662 629 533 482 557 816 181 570 604 274 614 406 635 496 242 648 299 702 395 437 520 291 441 534 516 763 604 236 382 662 735 362 294 571 463 543 490 523 587 223 387 580 500 442 137 357 354 185 599 582 568 195 508 170 559 712 446 589 270 600 558 267 72 166 472 387 174 566 456 500 667 621 585 612 592 191 681 550 530 384 828 147 421 245 367 725 643 793 377 450 151 219 319 242 823 590 470 218 415 358 600 540 683 716 555 269 56 622 394 139 295 724 591 645 553 498 287 491 305 667 239 541 266 323 215 654 513 325 691 540 543 601 477 148 487 391 399 182 632 372 175 889 298 726 401 789 552 430 178 160 612 288 695 677 381 
130 514 269 361 57 525 279 389 650 149 581 215 364 197 181 301 300 682 402 192 487 393 396 429 434 317 283 103 496 219 130 162 166 324 488 -1 88 442 111 522 615 779 198 192 361 201 449 46 110 427 360 655 363 159 394 206 239 288 424 258 184 592 221 570 264 114 621 91 302 485 282 447 416 398 365 246 600 262 551 654 665 143 187 104 709 250 408 250 386 608 465 248 608 400 242 193 315 372 337 649 271 142 150 716 231 468 222 419 412 453 304 503 250 383 327 192 251 358 490 109 409 302 224 708 109 409 595 684 648 146 240 156 316 121 571 518 543 469 524 380 301 286 692 624 215 176 109 497 256 85 239 467 144 540 417 436 383 281 332 291 56 493 441 548 218 307 62 389 248 568 166 194 207 280 231 86 134 564 631 620 190 382 354 234 448 639 424 304 517 360 326 142 63 493 328 734 574 221 349 416 
134 555 351 419 49 479 260 302 613 128 552 192 318 161 93 341 233 615 386 109 418 370 476 341 387 404 283 99 476 306 44 100 209 237 454 88 -1 442 199 570 616 723 113 153 278 207 369 126 187 495 439 609 438 150 413 294 291 234 483 213 265 602 290 599 323 69 626 152 376 542 350 520 427 313 450 299 621 280 610 686 707 221 117 144 667 164 480 167 298 563 497 285 595 320 327 280 266 437 323 696 355 207 238 661 180 533 202 389 353 365 218 500 182 438 241 267 338 436 560 185 410 390 155 744 80 494 576 704 587 87 277 221 386 140 609 461 544 390 455 461 383 350 667 651 251 264 86 419 336 171 240 442 171 572 407 359 471 214 270 213 141 510 498 564 302 312 101 315 173 504 222 273 141 367 312 91 217 607 602 659 237 427 349 322 364 617 498 328 443 273 403 104 59 431 297 779 502 241 435 456 
565 249 440 299 470 257 190 602 294 313 208 634 230 289 450 212 335 494 88 414 385 119 481 606 236 525 160 349 113 548 430 535 296 541 182 442 442 -1 472 305 173 497 499 595 622 640 712 478 395 387 715 344 413 588 101 509 278 662 322 269 565 167 629 224 299 512 185 368 389 336 686 434 58 493 517 677 209 187 389 302 370 392 541 546 362 442 415 543 541 307 175 232 177 673 459 459 257 344 127 383 611 351 500 442 616 382 242 147 299 587 464 62 597 287 570 590 501 431 437 528 33 558 575 370 362 708 181 285 426 368 680 581 709 321 273 327 101 461 409 715 451 325 284 256 251 503 525 768 624 486 204 126 587 217 54 429 585 627 685 601 431 111 314 146 574 135 504 385 375 394 599 398 353 578 415 517 524 297 248 314 287 228 93 521 501 228 791 163 807 497 695 546 397 344 184 443 460 664 539 204 
192 487 176 313 162 600 341 499 714 231 638 280 443 281 293 290 399 776 452 302 584 449 302 541 513 209 325 186 546 110 241 262 176 436 553 111 199 472 -1 481 636 861 308 273 468 241 553 81 76 358 266 728 283 223 402 94 216 373 371 343 95 602 157 556 224 213 637 112 226 433 214 369 434 509 262 212 597 284 494 635 629 88 289 140 776 361 330 358 498 682 452 247 647 503 143 91 400 311 389 607 168 121 40 799 317 403 290 481 502 565 416 534 348 338 437 117 142 273 415 73 438 191 323 682 204 302 641 679 736 249 230 119 240 179 544 605 566 575 621 280 207 233 742 612 221 64 197 598 163 39 286 522 176 523 459 541 273 377 421 394 64 498 391 553 117 339 132 491 353 660 144 119 309 169 146 167 52 531 688 591 187 354 395 123 558 687 336 314 614 472 236 231 165 584 397 693 674 240 241 395 
650 60 343 168 572 562 411 821 580 467 497 737 506 476 624 231 578 799 380 599 678 408 295 840 532 400 349 475 414 497 582 670 361 753 487 522 570 305 481 -1 336 792 667 712 823 714 918 534 422 169 634 640 246 680 224 459 282 803 117 494 546 270 616 145 259 629 313 430 274 67 657 204 253 745 357 684 213 312 87 184 148 396 687 609 645 648 214 721 777 608 130 286 418 871 380 413 512 181 379 127 544 381 485 741 748 131 431 444 584 834 688 328 752 142 774 578 419 268 178 554 299 451 726 210 501 584 447 262 731 534 711 599 665 431 90 629 309 739 706 617 331 248 533 188 320 472 629 972 576 514 371 431 650 119 351 704 430 785 841 776 479 208 95 223 532 319 580 653 592 697 624 363 552 493 349 608 527 58 526 120 334 144 340 453 766 487 706 265 1003 734 631 661 512 641 444 212 760 720 395 125 
738 276 577 408 644 323 360 756 275 487 211 808 372 461 620 356 489 539 241 582 490 267 589 753 350 657 333 523 185 703 602 708 462 699 263 615 616 173 636 336 -1 488 669 769 782 813 869 649 560 474 866 348 524 762 236 662 429 833 405 434 726 66 793 197 440 685 31 537 517 392 848 519 202 635 637 845 135 355 422 231 326 552 713 719 332 605 512 711 689 331 235 390 101 833 602 611 412 449 296 355 763 514 660 449 788 452 415 275 422 727 620 118 767 387 730 753 646 545 506 696 206 698 746 291 536 847 143 165 467 540 851 748 869 494 262 409 72 581 503 861 581 458 203 186 415 661 698 924 781 653 378 224 760 217 212 555 710 797 854 768 600 152 390 114 731 308 677 520 538 467 768 550 521 725 560 691 689 298 218 279 449 334 266 670 631 167 942 321 965 646 850 720 571 440 344 384 545 837 665 294 
853 732 900 791 771 266 526 650 214 633 294 880 418 583 662 688 491 160 450 626 321 437 967 614 348 985 563 679 383 964 684 769 708 633 329 779 723 497 861 792 488 -1 695 832 705 920 752 826 795 883 1127 152 899 861 596 932 734 842 819 521 954 550 1000 674 766 778 519 751 864 831 1062 930 555 509 991 1021 621 622 879 719 813 808 755 866 157 599 908 704 575 192 665 683 388 742 907 888 464 836 496 839 1027 765 900 62 825 879 572 397 369 564 570 463 776 781 667 968 944 915 934 888 515 1005 769 778 670 1149 350 648 143 638 1000 935 1094 683 737 262 487 401 293 1139 919 799 296 674 684 915 802 794 1025 856 589 379 894 684 465 410 1052 792 834 743 801 583 812 579 978 568 822 428 556 228 942 837 582 1011 866 814 905 769 271 763 715 724 512 952 465 321 1198 628 840 550 1098 803 716 294 467 872 274 960 1005 701 
180 646 464 524 147 477 309 190 618 202 570 184 326 210 48 435 213 569 429 87 376 406 590 233 387 516 350 193 508 410 85 77 312 129 469 198 113 499 308 667 669 695 -1 137 165 232 257 230 301 604 528 600 550 175 489 403 395 166 587 236 362 665 373 680 429 109 684 263 488 644 427 631 496 228 563 362 693 363 713 767 798 334 59 218 664 96 591 55 198 556 582 381 632 208 440 392 274 545 372 790 454 318 345 636 132 640 259 415 335 262 137 550 99 541 128 358 450 548 670 280 471 499 80 829 166 593 606 776 554 136 326 304 465 237 698 438 599 323 409 555 496 459 688 729 348 372 135 309 430 276 311 471 227 656 456 299 582 128 186 109 254 582 601 633 402 382 189 268 147 468 296 386 148 472 425 161 318 700 617 747 340 523 406 431 283 642 579 412 336 184 490 119 168 401 329 872 448 275 547 548 
84 702 449 553 140 607 410 280 747 281 692 47 451 310 172 487 345 707 536 211 513 518 576 331 516 479 437 251 623 352 169 65 352 240 593 192 153 595 273 712 769 832 137 -1 230 101 298 195 300 618 433 733 551 60 566 358 430 100 617 352 291 756 277 751 456 85 780 282 490 677 322 636 581 358 535 247 774 433 744 837 853 332 77 140 796 233 596 147 316 689 647 432 744 251 417 365 398 565 474 839 380 334 299 772 45 660 353 532 469 372 271 652 93 575 222 275 412 544 680 217 564 449 79 894 234 514 722 858 691 230 202 217 360 290 757 574 697 458 546 465 480 478 809 803 398 326 83 335 346 234 394 587 124 722 559 435 536 113 149 148 242 664 633 718 332 466 142 405 279 605 200 381 267 412 415 109 259 753 741 807 378 571 502 385 413 761 474 479 345 312 394 51 206 538 442 924 585 146 511 603 
307 797 629 686 307 536 437 61 678 356 648 264 414 350 201 592 293 558 542 223 390 515 755 111 458 678 489 356 607 565 250 209 474 84 550 361 278 622 468 823 782 705 165 230 -1 329 94 388 466 769 663 642 716 289 631 562 558 171 749 353 510 790 506 822 593 257 802 429 654 804 553 796 630 195 727 477 827 513 874 908 948 499 181 358 711 181 757 111 130 604 728 539 729 50 604 555 371 709 495 943 602 484 502 652 192 803 398 511 391 162 164 666 137 702 52 500 611 714 835 430 598 657 154 972 328 739 696 906 563 290 431 442 591 399 846 474 717 303 413 694 661 623 764 867 507 530 277 149 572 433 456 567 352 800 573 297 742 125 140 82 418 717 761 765 551 522 341 295 247 480 428 552 276 627 590 308 470 851 690 895 502 680 533 590 241 725 705 561 184 158 624 248 334 431 439 1022 434 373 710 701 
75 712 415 548 170 685 465 381 820 330 759 66 524 369 258 501 429 800 591 294 605 577 537 432 592 428 480 291 682 291 238 154 367 341 662 201 207 640 241 714 813 920 232 101 329 -1 388 180 291 599 344 813 524 59 595 307 435 175 609 420 225 793 193 771 454 143 821 290 467 670 229 609 617 458 488 149 802 463 733 855 860 319 175 105 873 326 571 248 417 767 666 449 799 344 378 328 471 551 527 841 306 334 254 859 137 644 406 597 552 474 369 700 192 572 324 202 364 513 656 170 607 390 181 907 282 431 782 886 780 294 101 147 266 320 769 659 741 556 639 378 444 469 875 826 416 279 121 419 267 203 435 649 64 740 610 531 477 206 225 247 235 695 628 750 265 505 139 497 363 695 123 359 342 347 387 122 209 760 809 817 389 578 549 332 513 824 377 506 421 412 305 116 242 625 505 927 680 44 458 615 
380 891 718 780 393 607 529 114 747 450 724 321 497 444 295 686 379 598 630 318 449 602 845 138 536 763 582 450 690 644 343 291 568 171 629 449 369 712 553 918 869 752 257 298 94 388 -1 472 556 862 730 704 807 358 724 645 652 214 843 444 587 879 575 915 686 340 889 521 746 899 617 889 722 254 814 538 918 607 968 1001 1042 590 263 434 774 273 849 202 189 670 822 633 811 49 692 642 457 803 586 1037 677 576 585 703 254 897 492 595 465 188 249 753 208 796 144 573 696 805 928 509 689 740 231 1065 421 812 776 997 613 384 487 515 654 493 940 538 804 354 467 763 750 717 838 959 601 613 357 56 644 516 550 650 422 893 661 356 825 185 167 159 506 809 856 856 628 615 422 366 338 535 498 642 369 706 680 388 550 946 764 989 596 774 624 673 288 802 765 655 96 228 691 326 426 495 528 1116 478 429 795 795 
119 532 253 369 83 570 322 420 694 194 624 208 410 243 220 322 346 729 443 235 533 435 381 463 480 291 321 148 537 180 170 180 191 358 533 46 126 478 81 534 649 826 230 195 388 180 472 -1 111 426 314 701 356 150 423 173 255 295 430 304 139 623 174 593 274 131 654 113 296 492 235 441 448 440 343 203 627 294 556 675 679 141 208 75 754 291 402 278 424 654 487 272 647 422 223 171 361 374 378 661 228 153 115 763 238 469 265 462 459 490 345 540 266 392 358 145 224 348 486 62 445 269 242 727 155 367 636 710 695 193 202 110 269 160 589 565 577 514 571 336 285 290 734 648 240 142 116 517 211 46 278 509 117 561 456 481 354 296 342 312 54 522 449 577 175 342 52 435 293 615 122 186 253 242 219 86 90 579 674 637 211 398 393 202 491 680 377 333 533 400 280 150 109 540 373 746 620 192 323 435 
230 422 163 257 167 531 271 488 642 175 564 318 379 223 274 217 349 718 377 273 529 376 288 525 447 225 250 138 471 168 221 272 99 421 482 110 187 395 76 422 560 795 301 300 466 291 556 111 -1 318 334 659 253 260 327 138 146 398 319 284 170 527 233 487 162 225 561 48 191 380 290 337 357 477 265 285 525 208 445 568 568 33 296 186 705 334 297 354 476 613 382 172 571 507 144 103 339 264 315 549 231 46 107 733 341 359 224 410 443 542 388 458 360 280 428 194 165 249 380 139 362 224 334 617 162 356 565 607 674 210 299 190 315 116 479 543 490 531 567 343 195 179 667 542 145 119 218 605 234 97 212 449 228 454 383 496 295 392 442 399 58 424 337 479 185 263 161 444 312 601 213 85 265 218 124 192 128 468 614 527 111 288 320 161 522 612 407 238 626 444 307 252 136 525 328 635 621 299 255 327 
545 212 193 98 483 629 418 780 681 422 595 634 532 448 568 213 571 861 438 553 709 458 125 807 577 235 357 413 500 348 519 588 295 710 557 427 495 387 358 169 474 883 604 618 769 599 862 426 318 -1 471 730 83 576 286 313 214 716 68 486 405 414 473 304 177 542 457 343 132 102 506 47 328 731 188 544 369 301 142 353 307 286 610 496 749 610 44 659 750 692 240 248 539 813 232 275 521 60 410 274 387 288 352 826 659 48 414 499 612 813 657 431 675 101 725 437 265 103 66 430 368 288 648 376 442 416 558 429 799 484 578 468 509 370 258 681 429 750 742 451 173 145 655 353 272 333 536 914 423 396 359 504 535 272 418 714 261 707 759 709 376 325 85 361 384 337 477 659 565 749 495 240 519 333 213 509 397 228 633 289 268 158 381 301 763 603 541 271 938 710 471 570 437 683 466 356 799 597 227 187 
