200
-1 145 515 101 664 890 386 469 628 378 307 855 839 619 761 326 240 441 318 138 295 278 463 718 369 619 585 36 385 533 58 848 604 786 119 622 498 202 886 322 519 501 943 702 779 859 377 249 584 706 720 585 650 159 566 386 273 631 648 272 479 361 366 240 333 347 575 86 913 657 578 345 542 542 286 431 623 340 193 483 442 863 391 149 657 252 418 717 742 938 408 54 410 225 346 756 487 245 707 199 183 625 693 78 429 870 721 660 680 753 176 441 548 514 230 112 647 349 770 305 364 736 424 841 669 779 851 1000 392 824 488 341 629 554 656 537 299 534 835 302 497 651 289 879 446 922 59 314 463 824 797 698 519 553 578 238 523 268 461 544 253 864 471 450 252 496 936 271 420 202 888 649 441 381 771 763 440 932 235 316 431 139 351 820 509 207 455 406 609 580 162 522 277 822 136 886 632 836 495 231 
145 -1 611 202 621 855 268 363 546 233 388 753 793 484 631 358 192 353 201 142 254 232 442 578 281 603 563 111 243 431 180 765 472 665 40 626 353 275 828 420 528 377 890 661 760 726 377 292 614 638 601 580 551 82 509 335 369 603 596 320 402 290 229 95 190 217 620 79 784 518 505 239 410 504 141 385 518 300 72 339 544 839 294 193 577 171 399 590 652 905 304 107 266 249 239 710 573 105 685 225 66 503 695 67 462 804 613 523 590 631 32 486 625 618 117 58 556 419 766 184 338 662 479 721 644 749 753 968 254 710 447 288 485 579 651 400 194 588 758 164 355 538 196 805 438 786 117 227 484 718 663 595 455 563 437 320 442 123 401 401 135 832 326 451 169 493 894 152 291 145 874 657 296 248 633 696 367 859 104 312 500 113 206 754 537 251 331 262 631 436 65 465 267 692 97 840 564 701 402 219 
515 611 -1 419 589 719 676 688 705 808 223 945 720 909 1001 309 497 621 639 474 477 794 436 1022 591 470 475 528 766 711 457 865 879 971 610 405 893 335 798 193 350 771 823 605 581 1098 373 336 294 705 914 419 778 550 584 505 244 518 608 310 606 547 729 686 782 691 231 533 1121 970 642 627 833 513 716 500 780 475 681 855 77 658 621 419 717 763 425 946 809 748 649 567 798 385 847 659 56 657 545 401 592 850 450 567 269 816 865 953 768 949 626 227 92 46 598 552 745 206 520 795 439 745 200 1015 530 618 924 794 746 974 500 503 980 305 451 855 605 185 830 688 858 836 797 856 394 1172 503 572 304 935 1050 825 585 356 914 290 638 688 548 900 745 684 893 366 553 385 781 624 731 517 638 400 860 853 1056 743 576 890 715 395 149 506 768 777 281 368 739 840 335 940 659 563 419 1045 648 753 657 1093 662 441 
101 202 419 -1 592 812 382 449 583 428 206 821 767 628 760 232 201 408 319 105 242 377 386 733 340 535 504 109 415 506 44 799 607 771 193 531 537 101 820 225 427 498 873 629 695 860 294 154 486 649 706 497 617 170 505 330 175 552 581 175 435 320 387 291 390 359 474 123 907 673 527 334 548 471 332 369 595 282 267 513 347 780 367 75 610 344 342 712 700 859 389 149 444 143 431 685 388 279 625 121 209 615 602 149 332 809 695 670 640 740 225 341 447 421 241 147 607 247 680 383 294 682 324 826 588 700 813 920 411 802 420 291 656 458 567 551 291 432 782 328 524 632 378 824 363 927 86 290 369 793 800 666 465 461 599 137 480 307 406 571 331 784 520 363 235 409 861 280 425 180 800 556 488 450 782 705 395 875 306 238 329 128 394 759 412 116 454 458 513 609 242 463 207 817 229 813 577 841 463 170 
664 621 589 592 -1 234 429 349 194 643 505 376 175 521 531 387 434 304 461 526 372 849 208 612 357 125 115 641 560 306 629 278 486 461 654 205 641 516 231 558 240 428 280 40 172 607 305 451 313 127 425 173 279 542 121 286 551 73 43 444 245 334 524 615 660 492 379 599 603 585 167 418 480 121 605 237 309 326 676 589 596 231 362 521 183 779 250 482 249 285 372 679 582 449 802 92 536 566 109 471 556 416 212 640 342 233 347 551 236 454 606 374 513 633 513 590 233 465 227 740 300 165 408 488 84 138 350 348 520 436 176 332 637 289 173 523 447 410 241 542 576 366 790 267 240 679 607 402 295 379 581 307 180 234 577 520 227 584 223 594 716 215 678 254 453 216 273 496 464 480 286 231 657 739 617 153 266 306 678 354 458 535 607 189 308 479 434 666 281 622 685 160 387 551 715 221 124 619 287 433 
890 855 719 812 234 -1 658 569 382 871 694 443 86 708 677 591 666 533 694 755 603 1083 427 781 590 282 308 869 786 516 851 310 675 586 887 320 856 727 141 739 408 639 119 193 138 729 518 663 425 271 573 328 450 775 353 519 744 259 264 651 475 568 752 849 891 722 488 829 702 766 383 650 683 351 838 469 490 557 911 804 747 72 593 744 357 1013 472 636 367 52 601 909 805 669 1034 152 673 800 190 693 790 597 269 872 520 196 487 729 393 592 840 541 630 765 747 822 408 647 206 973 527 280 575 592 224 113 411 114 745 538 408 566 830 422 273 727 681 535 269 774 788 537 1024 251 449 793 835 636 472 468 722 456 411 384 776 722 449 817 457 799 950 34 898 453 687 408 62 730 687 713 136 319 879 968 771 237 498 245 912 575 617 765 836 203 459 696 654 892 384 823 919 394 612 676 948 65 324 752 508 660 
386 268 676 382 429 658 -1 100 300 214 470 486 583 248 378 367 193 125 68 277 199 458 324 357 94 462 418 351 131 169 389 510 225 399 308 515 236 386 601 523 444 116 667 469 594 477 322 351 553 406 334 461 287 227 307 199 481 440 394 373 183 140 94 215 234 66 588 299 527 300 277 51 168 338 189 237 252 208 293 188 632 661 72 319 331 382 298 332 394 710 57 368 157 306 381 506 625 172 520 302 208 238 572 322 438 567 345 291 333 366 240 477 652 701 156 275 300 471 626 322 253 422 490 455 481 567 488 772 92 441 289 179 303 514 523 180 90 578 510 125 185 269 383 558 346 544 332 106 432 450 417 329 249 475 237 424 209 176 218 224 311 643 259 373 147 395 685 117 54 202 712 552 233 310 402 461 169 613 278 282 532 257 178 519 487 335 71 237 553 264 316 272 257 437 361 628 338 458 154 248 
469 363 688 449 349 569 100 -1 201 303 499 390 492 223 322 381 248 69 162 346 227 559 287 335 110 402 358 435 217 69 464 409 191 322 403 466 293 432 504 555 411 91 571 386 519 422 316 385 522 310 257 411 188 311 229 183 519 372 310 402 112 145 187 316 330 166 567 384 461 286 186 125 154 275 289 201 155 215 393 240 653 579 82 379 232 483 275 269 294 622 61 458 236 347 480 417 633 272 448 351 299 170 514 412 430 468 252 265 232 291 336 472 650 717 247 362 199 490 559 422 249 323 491 376 410 486 390 683 177 355 237 189 314 483 465 188 172 565 410 226 229 183 483 457 319 493 412 159 413 355 367 232 175 436 248 465 121 277 165 254 412 558 329 349 218 360 592 211 118 272 635 503 309 403 368 363 120 513 379 296 539 333 272 421 465 380 85 322 514 287 415 202 285 374 458 536 246 410 61 293 
628 546 705 583 194 382 300 201 -1 503 564 248 299 331 340 435 388 192 353 492 340 755 269 419 265 296 263 598 418 138 609 220 297 279 584 375 475 534 303 621 367 258 371 222 361 421 350 473 467 112 235 328 87 480 122 254 599 248 151 479 149 267 389 512 532 367 527 549 427 393 63 310 300 196 489 227 115 302 585 423 691 404 253 508 31 680 289 289 117 433 248 628 433 452 681 235 649 465 303 466 479 224 400 584 436 266 165 359 63 266 523 477 644 743 428 532 43 537 421 623 306 122 506 315 275 317 234 491 377 270 205 292 451 434 356 345 352 544 212 425 407 172 683 259 311 495 569 320 401 231 390 124 126 378 394 554 105 475 181 417 611 376 519 339 382 323 397 399 317 427 468 408 503 603 423 162 189 315 576 368 559 489 474 219 435 486 279 521 444 441 603 143 382 365 643 341 69 429 147 413 
378 233 808 428 643 871 214 303 503 -1 586 648 795 306 458 516 317 339 197 340 359 306 523 375 296 671 627 345 85 365 412 699 309 519 261 718 125 479 807 628 637 257 875 683 808 542 497 472 741 614 462 665 471 263 522 396 579 653 608 499 398 334 119 138 53 153 766 307 609 318 488 234 254 549 95 441 429 388 198 132 749 875 283 395 534 235 490 431 582 923 271 335 76 423 190 719 763 152 734 406 221 368 779 300 607 769 505 335 525 485 204 641 804 822 209 281 495 604 837 147 436 625 645 573 693 782 657 985 126 577 498 362 268 702 730 222 225 746 706 124 154 422 217 754 537 591 347 273 612 606 478 502 463 670 235 524 421 121 430 192 169 857 93 561 262 591 896 189 186 291 925 754 62 100 435 666 382 809 158 442 678 308 41 723 669 440 226 31 747 220 234 486 404 521 281 839 549 510 363 371 
307 388 223 206 505 694 470 499 564 586 -1 812 668 713 820 128 281 437 425 250 274 583 306 825 393 413 396 313 548 535 249 758 685 806 390 382 676 113 735 57 286 574 776 534 563 920 214 119 309 596 744 365 623 327 456 326 51 447 509 97 438 353 512 462 559 476 282 313 953 769 501 419 634 398 493 338 616 285 459 640 164 648 424 196 584 545 276 767 679 735 451 355 580 167 627 592 185 434 504 179 369 668 449 349 174 738 709 756 627 780 403 162 241 237 377 330 599 51 529 573 262 635 134 855 474 582 797 792 531 821 364 310 771 290 426 650 392 234 731 468 645 665 578 765 268 992 285 364 221 794 866 673 437 313 707 69 477 465 387 689 523 662 672 251 336 291 751 405 523 296 653 398 640 630 864 645 401 809 493 205 125 282 546 691 245 145 537 617 343 729 440 423 214 870 433 710 534 909 486 224 
855 753 945 821 376 443 486 390 248 648 812 -1 362 373 273 684 621 415 551 725 580 937 514 398 486 500 480 822 569 323 843 132 353 171 793 581 575 780 307 870 598 394 363 380 497 296 598 720 686 249 198 544 205 699 362 498 847 448 345 726 387 501 554 699 690 546 751 771 259 409 311 515 397 432 665 474 234 546 779 532 936 499 465 747 229 861 537 255 136 480 450 847 572 696 838 353 889 659 469 708 689 281 583 801 679 249 143 372 185 194 726 719 878 985 637 751 215 785 575 788 553 211 750 156 457 441 31 519 534 107 451 532 486 658 549 436 561 776 174 607 511 226 855 198 556 353 797 541 640 43 305 158 375 602 457 801 343 659 428 497 789 457 629 582 603 559 421 601 478 654 570 608 625 746 367 235 427 232 759 615 802 716 630 242 668 731 435 655 657 502 803 390 626 250 847 380 287 326 360 652 
839 793 720 767 175 86 583 492 299 795 668 362 -1 622 591 556 608 460 623 702 547 1019 381 695 522 258 272 816 709 436 804 231 590 500 827 314 775 689 82 717 387 558 108 138 157 644 477 623 427 187 487 309 365 715 285 459 716 221 196 614 403 503 676 781 817 649 493 774 620 680 306 579 599 297 767 411 405 501 846 723 739 136 522 696 273 947 425 550 281 134 527 854 728 624 963 83 670 732 175 646 728 511 280 815 497 124 401 643 307 506 776 524 635 765 682 764 323 624 238 902 476 194 558 509 196 106 331 192 668 454 352 506 744 415 269 644 613 535 188 702 707 451 956 179 410 709 783 570 449 385 636 369 341 369 692 689 374 748 392 716 882 94 818 419 624 377 101 662 610 654 208 323 800 893 685 150 430 187 844 528 604 710 762 120 447 653 574 815 387 738 856 328 563 591 888 46 246 667 431 608 
619 484 909 628 521 708 248 223 331 306 713 373 622 -1 152 601 441 292 309 523 438 612 507 112 320 602 561 583 248 224 631 459 35 220 522 674 208 633 606 767 630 139 674 552 691 242 539 595 741 436 174 620 257 464 417 406 727 563 478 615 324 363 255 402 357 272 788 534 305 65 357 299 80 479 358 424 217 434 481 175 871 735 289 567 351 539 498 128 354 757 261 591 236 552 492 565 856 379 629 550 436 110 714 547 654 556 243 43 314 187 452 696 874 937 391 507 299 708 746 453 471 428 714 270 596 649 390 812 230 284 452 407 122 702 666 86 337 788 480 320 153 173 523 524 541 302 570 351 636 329 178 261 376 653 85 671 312 364 383 127 470 705 264 571 395 579 713 350 202 449 800 710 267 394 154 473 343 574 449 515 761 500 303 520 686 583 177 303 729 129 513 404 498 215 562 659 398 216 264 494 
761 631 1001 760 531 677 378 322 340 458 820 273 591 152 -1 700 564 383 444 655 549 764 575 127 431 635 600 725 399 290 768 388 158 101 670 713 353 753 556 877 691 261 619 554 691 100 628 708 797 421 106 664 253 603 453 498 841 588 489 724 395 467 403 552 509 414 852 675 153 155 388 426 220 524 508 502 232 535 632 326 972 718 401 694 348 692 577 54 310 722 375 737 388 669 643 551 946 525 640 671 578 151 740 692 735 500 190 125 297 85 599 778 955 1033 531 649 298 809 757 605 564 400 801 134 614 641 298 769 378 168 513 510 232 761 696 238 468 861 420 467 304 172 675 457 614 171 709 473 710 232 50 227 428 707 228 787 368 513 455 272 622 682 410 644 525 641 669 489 341 579 788 747 416 544 95 442 425 500 601 616 851 635 455 476 754 701 307 453 779 262 663 455 607 63 712 620 409 92 338 613 
326 358 309 232 387 591 367 381 435 516 128 684 556 601 700 -1 198 316 334 218 168 579 182 713 281 310 285 317 464 412 275 632 571 680 373 299 590 137 618 186 195 462 664 419 468 798 87 77 260 471 620 268 496 280 329 202 166 335 387 59 311 237 425 410 499 386 262 296 829 660 372 318 524 274 431 210 489 166 430 548 272 554 312 180 456 528 148 646 550 636 340 362 496 109 593 477 257 372 401 135 318 548 370 339 105 617 582 644 499 656 362 129 289 336 308 304 471 109 448 534 136 508 128 729 367 478 669 695 440 693 236 193 670 228 336 545 301 233 606 392 550 541 555 642 147 872 283 263 137 665 747 545 309 229 604 132 350 403 259 591 489 562 595 138 254 183 645 327 422 230 569 323 563 577 749 521 276 688 454 85 165 245 474 570 184 119 429 547 283 631 419 295 113 747 427 600 406 790 363 147 
240 192 497 201 434 666 193 248 388 317 281 621 608 441 564 198 -1 206 143 104 63 424 250 551 139 411 372 212 269 304 221 608 417 570 221 436 396 192 650 332 341 305 709 474 568 665 192 162 436 467 505 389 416 109 328 149 288 412 413 187 239 121 231 219 302 194 453 166 708 494 337 142 361 315 234 197 394 109 256 358 445 648 166 130 417 360 207 514 503 716 190 246 301 114 409 525 449 176 493 109 134 416 504 206 292 631 493 485 442 540 184 324 487 517 111 156 409 291 574 347 146 496 327 624 453 559 615 779 249 600 258 103 490 398 460 372 110 429 595 193 363 430 380 639 248 734 181 91 304 592 606 465 279 377 427 231 283 206 222 408 309 643 397 264 56 303 708 128 244 46 682 469 365 381 595 524 200 692 271 130 361 102 276 581 360 142 264 349 448 447 257 285 88 620 282 655 393 649 262 57 
441 353 621 408 304 533 125 69 192 339 437 415 460 292 383 316 206 -1 164 310 172 565 219 404 72 342 298 409 256 100 428 412 260 372 391 402 349 379 484 494 343 159 548 344 469 482 248 327 454 290 308 347 209 288 182 115 461 317 269 341 58 89 219 323 357 188 498 359 516 356 157 120 222 216 306 133 188 152 394 297 588 535 62 334 223 491 206 330 302 586 67 437 279 293 502 382 566 275 396 300 286 231 454 392 361 454 287 334 239 344 330 404 582 651 235 341 206 425 504 441 182 311 423 424 357 442 409 648 216 396 173 128 382 415 405 255 160 496 405 241 289 230 497 452 250 555 382 128 344 385 430 259 124 369 316 408 90 288 100 318 423 518 379 280 191 292 562 207 164 239 587 439 355 435 435 346 52 507 387 232 471 302 303 405 396 327 144 362 448 353 411 147 227 433 450 506 218 474 55 243 
318 201 639 319 461 694 68 162 353 197 425 551 623 309 444 334 143 164 -1 214 168 402 326 415 104 476 433 283 131 231 323 569 289 468 242 521 255 332 648 475 440 183 713 501 619 543 303 306 545 454 403 468 350 159 340 198 430 462 429 330 220 137 91 159 202 52 573 231 594 356 321 43 229 358 144 245 316 191 232 216 589 690 102 260 384 327 292 399 454 746 105 300 163 258 340 543 590 112 544 250 140 306 582 254 416 617 411 351 392 435 174 453 623 660 88 207 359 432 642 278 239 473 461 524 503 597 552 808 106 509 304 165 348 506 534 233 33 556 565 81 220 337 333 613 340 608 265 76 418 516 482 394 282 472 286 373 254 124 240 264 259 676 264 364 89 393 725 49 106 141 736 557 234 283 463 510 195 668 223 253 499 191 156 569 474 284 137 226 549 304 253 300 221 504 296 669 382 522 206 200 
138 142 474 105 526 755 277 346 492 340 250 725 702 523 655 218 104 310 214 -1 157 362 330 629 240 488 452 114 316 406 118 712 502 668 154 500 442 140 748 288 398 393 805 565 648 755 250 150 477 568 602 458 520 77 427 248 239 497 509 178 343 225 286 212 309 256 480 79 802 569 440 229 443 405 245 292 496 202 214 414 411 731 265 55 521 310 284 607 608 804 286 155 346 108 381 618 434 187 575 83 119 511 570 124 323 732 595 566 546 637 153 345 484 485 140 86 513 277 645 324 227 598 337 723 535 645 719 866 309 701 350 203 555 443 530 447 186 446 698 231 423 530 338 741 316 821 80 187 349 695 695 569 381 434 496 185 388 218 322 470 276 729 430 325 130 369 800 177 320 75 759 529 397 379 677 625 303 794 244 186 358 32 303 681 400 109 349 371 497 509 201 384 144 713 210 748 494 736 365 94 
295 254 477 242 372 603 199 227 340 359 274 580 547 438 549 168 63 172 168 157 -1 487 188 551 119 349 309 270 299 273 270 558 411 544 284 376 423 206 591 329 284 299 648 411 505 649 139 158 383 411 480 328 377 172 270 90 292 349 353 176 193 83 259 275 351 220 407 226 688 496 285 150 360 252 284 136 360 46 318 381 433 585 150 167 367 422 145 497 457 654 177 307 331 120 467 463 426 229 430 128 195 398 443 268 248 574 459 482 397 516 246 285 456 501 165 218 365 272 512 404 85 442 293 597 389 496 571 716 273 568 195 48 502 345 398 379 136 388 542 235 382 403 440 585 188 721 237 95 253 554 594 428 224 319 437 237 237 256 165 423 368 580 432 207 101 243 646 170 254 109 620 410 401 432 590 468 152 637 330 85 334 162 317 524 310 155 264 390 393 463 320 226 59 602 345 593 337 637 227 72 
278 232 794 377 849 1083 458 559 755 306 583 937 1019 612 764 579 424 565 402 362 487 -1 675 679 498 836 796 270 372 628 336 969 613 822 208 857 423 474 1049 600 758 543 1112 889 992 849 608 507 839 855 762 812 745 315 734 565 551 835 822 534 620 515 383 243 255 393 840 283 916 624 722 445 555 734 272 615 707 532 172 439 720 1070 503 402 786 76 631 736 853 1135 506 227 377 470 141 936 765 290 916 444 293 665 926 240 685 1020 794 642 791 787 243 704 825 791 336 277 759 622 998 160 571 876 692 876 876 980 942 1198 403 876 677 519 566 806 883 528 407 803 967 332 460 712 90 1015 670 896 301 448 711 898 785 784 677 794 541 514 656 281 627 498 148 1062 372 682 396 724 1120 358 458 377 1107 888 355 234 739 912 589 1070 180 542 705 338 311 971 762 464 502 315 859 521 166 691 498 827 152 1065 783 816 608 449 
463 442 436 386 208 427 324 287 269 523 306 514 381 507 575 182 250 219 326 330 188 675 -1 617 230 161 122 444 450 289 424 452 474 537 470 195 559 308 438 362 123 379 488 243 319 668 97 242 234 289 482 143 342 360 152 127 349 167 204 237 183 189 409 459 525 371 280 406 687 572 206 290 442 92 461 87 347 144 506 510 422 401 251 317 284 610 45 521 378 475 274 485 478 243 651 299 379 411 245 266 383 429 258 450 167 435 429 548 333 517 434 208 380 473 349 402 309 273 324 588 104 328 237 580 205 315 496 537 415 538 64 164 602 195 211 475 301 285 424 404 504 405 628 459 42 743 409 252 135 501 625 389 150 151 536 313 207 436 124 536 555 400 582 70 285 72 475 345 374 297 432 231 554 607 641 339 167 505 517 148 289 343 482 387 179 271 362 551 229 572 508 127 186 614 531 426 229 668 244 235 
718 578 1022 733 612 781 357 335 419 375 825 398 695 112 127 713 551 404 415 629 551 679 617 -1 432 702 663 682 335 329 734 506 143 227 615 777 257 744 668 879 738 251 733 640 780 176 652 707 848 515 211 724 336 567 517 519 838 661 569 727 433 475 351 490 429 374 897 634 250 60 454 409 190 582 444 534 303 547 565 245 984 816 401 675 434 610 609 148 416 828 374 686 316 663 549 646 968 473 722 660 535 196 813 643 765 614 296 69 389 204 546 808 986 1050 494 607 382 821 840 519 584 500 827 261 691 734 422 879 326 295 559 519 117 810 765 182 445 899 535 415 226 248 589 574 652 216 671 462 747 355 118 325 480 760 142 782 417 455 492 183 544 783 310 682 503 687 779 453 309 556 883 812 324 449 60 544 453 620 529 627 874 605 383 585 796 693 288 364 835 159 599 509 610 175 648 728 488 138 372 605 
369 281 591 340 357 590 94 110 265 296 393 486 522 320 431 281 139 72 104 240 119 498 230 432 -1 375 331 337 219 165 358 485 292 432 319 424 330 322 550 448 350 181 614 398 515 531 229 277 459 358 367 370 280 215 237 104 411 358 326 295 121 46 179 259 305 142 494 286 572 379 224 62 242 254 248 145 255 117 326 282 551 586 31 269 295 425 203 379 374 643 58 364 248 237 444 440 538 210 440 240 214 281 483 319 345 523 355 363 312 402 260 386 562 618 164 268 278 388 540 382 160 381 400 485 399 493 481 705 184 461 201 88 391 419 434 265 91 485 477 185 279 291 434 523 251 602 311 56 338 455 475 329 180 381 325 356 160 226 136 316 359 573 351 278 118 301 623 140 147 167 633 460 323 385 471 415 92 578 322 195 444 230 256 473 393 270 148 323 459 355 340 197 178 485 378 568 285 518 126 182 
619 603 470 535 125 282 462 402 296 671 413 500 258 602 635 310 411 342 476 488 349 836 161 702 375 -1 44 601 593 378 576 402 567 573 631 81 692 446 331 460 129 490 365 135 160 717 241 383 188 251 531 51 382 521 185 280 462 52 156 369 290 339 554 617 678 517 254 566 719 667 249 437 549 126 616 231 405 305 667 640 483 245 390 470 294 771 205 582 370 325 407 643 619 394 809 189 418 568 91 419 544 506 112 610 240 346 459 637 349 562 594 266 391 514 508 563 338 368 166 746 265 290 300 604 61 169 475 385 555 555 173 321 711 166 63 589 455 288 364 557 630 464 788 386 172 791 566 406 192 501 685 417 229 114 647 440 290 592 244 656 714 251 721 172 444 126 337 501 506 458 271 112 695 759 715 278 293 420 676 303 347 503 632 307 190 418 486 698 156 689 669 200 344 661 692 297 229 725 346 393 
585 563 475 504 115 308 418 358 263 627 396 480 272 561 600 285 372 298 433 452 309 796 122 663 331 44 -1 566 549 337 544 391 526 542 592 113 647 419 339 446 125 447 380 138 196 684 210 355 207 233 497 65 349 481 146 237 444 50 135 344 246 295 509 575 635 473 271 529 689 627 212 393 507 83 573 188 368 264 626 596 480 278 345 437 264 730 167 546 347 354 363 607 575 362 766 196 420 526 122 386 503 467 156 572 228 347 428 597 319 529 554 259 400 517 466 525 306 354 209 703 226 273 294 576 84 195 456 416 511 527 129 279 669 178 106 546 411 297 355 513 587 428 746 382 141 758 531 363 181 477 650 386 186 122 604 417 249 549 199 613 673 280 676 147 402 104 359 458 462 418 311 149 651 716 677 267 248 420 634 268 343 466 588 304 193 388 442 653 181 645 629 158 308 628 653 315 200 691 303 357 
36 111 528 109 641 869 351 435 598 345 313 822 816 583 725 317 212 409 283 114 270 270 444 682 337 601 566 -1 349 500 74 819 568 751 90 609 463 203 861 334 506 466 919 680 762 823 361 242 577 679 685 570 617 124 540 360 284 611 623 267 449 331 330 206 300 311 572 51 877 621 549 311 506 520 252 406 589 316 165 447 456 845 357 137 628 235 399 682 711 918 374 44 375 212 324 733 496 209 689 185 147 590 680 46 422 843 688 624 649 718 141 438 554 529 195 76 615 352 756 279 342 708 424 806 650 759 819 981 355 790 464 314 593 546 641 501 264 534 806 266 461 617 270 851 429 886 35 281 453 790 761 665 491 542 542 243 493 232 434 508 227 844 438 435 219 480 914 236 384 171 872 637 407 352 735 736 410 904 206 298 434 109 316 793 501 198 419 373 601 545 136 496 257 786 120 863 605 800 463 209 
385 243 766 415 560 786 131 217 418 85 548 569 709 248 399 464 269 256 131 316 299 372 450 335 219 593 549 349 -1 280 408 615 243 450 279 644 127 449 721 595 568 175 789 599 726 490 435 430 675 528 390 590 387 244 438 323 549 572 523 456 314 261 41 155 120 80 704 304 552 275 403 160 183 469 110 365 346 322 233 98 713 791 203 369 448 297 420 365 498 838 188 351 31 381 270 634 718 140 652 370 207 293 702 309 548 683 425 284 440 415 211 585 754 785 176 277 410 560 757 218 369 539 592 505 612 698 577 900 40 504 419 295 243 635 653 161 163 688 621 86 112 343 286 669 468 546 343 206 548 529 426 420 380 599 193 492 336 119 349 159 225 772 133 493 213 520 810 143 100 253 843 680 104 185 391 580 301 724 202 385 629 287 61 637 605 404 141 106 677 195 265 403 351 462 314 754 463 462 278 325 
533 431 711 506 306 516 169 69 138 365 535 323 436 224 290 412 304 100 231 406 273 628 289 329 165 378 337 500 280 -1 524 341 189 271 471 449 339 479 442 593 409 123 510 342 478 387 338 427 519 250 208 396 119 376 195 210 561 341 265 440 106 189 253 385 396 235 569 448 417 290 139 192 173 254 357 212 90 250 462 287 683 532 142 433 168 552 287 235 225 568 127 524 294 394 546 366 655 341 411 401 367 140 490 478 446 403 189 261 163 244 405 489 665 743 314 428 131 520 527 489 275 259 511 323 376 441 321 628 240 296 230 229 333 481 442 216 238 574 342 295 272 130 551 390 326 461 475 219 422 290 339 165 151 430 271 508 88 346 166 287 481 507 381 356 281 358 535 279 179 333 592 485 364 466 351 301 135 446 447 330 561 395 337 357 469 428 140 382 506 315 484 180 328 335 526 478 192 382 48 343 
58 180 457 44 629 851 389 464 609 412 249 843 804 631 768 275 221 428 323 118 270 336 424 734 358 576 544 74 408 524 -1 827 613 785 163 574 526 146 855 264 470 506 909 666 736 867 334 198 531 680 719 539 638 166 537 360 214 591 616 219 460 343 384 273 370 360 519 104 917 674 555 344 552 507 317 401 614 312 239 506 385 821 383 107 637 307 380 721 725 898 403 110 435 181 398 721 429 268 666 158 200 626 645 119 377 842 713 673 664 753 207 386 489 457 240 131 631 292 723 353 329 712 368 840 628 739 837 960 408 819 454 317 651 502 609 551 299 477 812 322 519 647 343 854 403 932 65 305 412 813 806 687 494 505 597 181 505 295 435 566 301 824 505 405 246 451 899 281 429 192 842 599 473 425 784 736 420 906 279 276 373 132 381 792 456 158 461 441 558 603 210 494 241 827 191 850 607 846 483 199 
848 765 865 799 278 310 510 409 220 699 758 132 231 459 388 632 608 412 569 712 558 969 452 506 485 402 391 819 615 341 827 -1 432 289 804 480 645 744 174 814 515 442 233 272 373 425 545 680 591 162 295 451 227 700 303 469 799 351 257 681 369 487 592 726 734 576 657 769 392 506 272 527 462 361 699 434 269 517 801 598 866 368 471 724 191 893 483 358 116 347 463 849 624 664 884 233 811 681 355 680 699 353 472 804 608 117 215 468 177 303 741 645 791 908 647 753 210 724 453 829 513 123 678 286 351 317 101 388 576 233 395 510 579 567 443 506 571 688 43 636 578 289 892 68 492 485 789 541 565 162 427 201 335 512 539 758 326 687 393 573 822 325 697 513 603 483 289 616 517 647 440 502 687 799 484 124 408 115 788 575 729 709 675 113 584 698 474 711 557 586 821 341 595 375 862 247 226 452 363 629 
604 472 879 607 486 675 225 191 297 309 685 353 590 35 158 571 417 260 289 502 411 613 474 143 292 567 526 568 243 189 613 432 -1 210 511 639 221 609 576 740 596 111 644 517 657 254 508 568 706 403 157 585 224 447 382 375 701 528 443 587 290 333 244 395 357 256 754 518 311 100 322 275 62 444 352 390 184 404 474 182 842 701 260 544 318 539 465 123 325 724 233 579 235 526 498 531 825 367 594 525 421 80 678 534 622 527 218 74 283 176 441 664 842 908 374 492 266 679 711 455 440 397 683 264 561 614 368 780 220 271 417 377 154 668 630 86 315 755 451 308 160 143 525 496 508 319 553 326 603 310 192 232 341 618 107 645 277 355 349 143 468 672 277 538 373 545 682 333 184 427 766 675 276 401 179 441 310 548 445 485 730 481 301 490 653 558 153 309 695 154 505 369 470 220 554 627 364 233 229 469 
786 665 971 771 461 586 399 322 279 519 806 171 500 220 101 680 570 372 468 668 544 822 537 227 432 573 542 751 450 271 785 289 210 -1 705 653 428 751 460 863 644 288 522 478 611 147 602 699 746 342 65 607 195 626 400 479 832 523 420 712 369 461 445 596 567 448 805 699 150 245 335 441 267 473 556 473 191 522 676 393 949 631 404 701 279 747 546 92 222 629 381 767 445 665 709 468 915 563 567 671 607 162 673 722 702 403 113 209 224 34 635 744 917 1006 556 675 235 788 682 665 544 315 771 56 545 559 197 674 422 67 472 500 323 712 631 297 487 819 323 506 370 141 735 358 578 218 730 481 671 130 137 155 386 656 304 780 333 556 424 347 675 593 484 607 538 597 574 516 375 593 702 685 486 612 196 354 404 399 650 601 822 653 510 383 710 699 334 520 723 345 705 411 599 91 753 527 343 166 319 613 
119 40 610 193 654 887 308 403 584 261 390 793 827 522 670 373 221 391 242 154 284 208 470 615 319 631 592 90 279 471 163 804 511 705 -1 650 384 277 864 417 550 417 925 694 789 765 400 302 632 675 641 605 590 111 543 368 366 634 631 330 439 325 267 126 214 257 634 78 823 554 542 278 449 536 173 417 558 330 75 374 540 869 333 199 615 156 426 630 691 937 344 73 301 263 238 743 575 144 714 238 104 543 719 44 478 841 653 561 629 671 70 499 630 614 157 69 595 424 792 190 366 700 489 761 674 780 793 1000 292 750 478 321 519 597 677 437 233 599 796 202 390 578 187 842 463 824 107 264 503 758 701 635 490 585 473 321 480 159 435 436 137 864 354 474 204 517 927 192 331 174 903 680 324 262 670 732 404 897 116 335 506 130 238 790 555 260 371 288 651 470 49 500 290 732 61 873 601 739 441 241 
622 626 405 531 205 320 515 466 375 718 382 581 314 674 713 299 436 402 521 500 376 857 195 777 424 81 113 609 644 449 574 480 639 653 650 -1 749 435 393 423 103 556 418 209 183 797 249 376 113 331 610 54 462 543 260 322 433 133 237 358 354 383 603 651 720 566 180 579 800 739 326 484 616 194 656 279 482 337 693 699 428 267 443 473 375 796 232 660 451 355 463 653 672 397 843 257 356 604 139 423 571 581 70 623 209 415 540 710 429 642 621 223 321 451 541 580 418 333 149 780 291 370 257 686 129 213 555 410 608 636 229 358 779 102 46 654 496 220 440 599 691 542 817 459 188 871 574 447 165 582 764 498 298 70 714 421 361 629 302 719 745 286 775 175 477 133 380 540 563 481 272 36 748 802 791 356 350 488 707 315 297 519 678 380 140 416 547 746 77 754 691 269 359 740 709 348 310 804 413 408 
498 353 893 537 641 856 236 293 475 125 676 575 775 208 353 590 396 349 255 442 423 423 559 257 330 692 647 463 127 339 526 645 221 428 384 749 -1 576 774 723 681 216 843 679 812 429 555 558 790 588 379 695 423 367 522 435 676 664 601 583 403 375 164 258 178 203 823 422 499 203 476 277 183 565 211 472 380 441 323 52 840 870 308 495 503 356 534 336 532 908 286 457 95 509 292 705 845 258 741 497 328 295 803 420 670 730 437 227 481 395 322 708 879 912 302 395 457 687 852 263 488 591 717 478 703 779 589 967 150 491 521 413 144 750 754 140 288 810 660 211 68 357 332 706 582 473 461 328 667 531 366 444 468 711 125 619 414 231 448 81 293 847 56 609 340 631 873 270 186 381 928 786 67 192 317 635 399 760 284 509 755 412 146 688 723 531 207 108 789 98 359 494 476 414 407 816 532 394 354 452 
202 275 335 101 516 727 386 432 534 479 113 780 689 633 753 137 192 379 332 140 206 474 308 744 322 446 419 203 449 479 146 744 609 751 277 435 576 -1 747 149 332 497 796 550 605 853 211 65 385 587 687 405 581 217 442 281 100 469 510 77 394 290 415 352 449 381 372 200 894 686 474 334 553 398 385 310 566 234 346 544 271 691 352 84 559 433 267 702 652 772 378 247 480 85 514 607 298 326 538 83 259 603 506 237 232 741 664 677 595 722 291 240 352 345 273 217 564 148 585 460 230 623 222 803 503 614 769 832 436 774 352 251 680 358 473 565 300 331 722 365 551 610 465 761 279 924 173 282 271 756 797 631 410 365 618 45 437 358 353 596 410 698 567 274 242 320 779 306 436 195 707 458 535 519 787 640 354 809 380 169 230 172 441 692 312 51 456 511 413 636 327 403 153 807 322 733 518 839 433 140 
886 828 798 820 231 141 601 504 303 807 735 307 82 606 556 618 650 484 648 748 591 1049 438 668 550 331 339 861 721 442 855 174 576 460 864 393 774 747 -1 786 459 560 68 201 239 599 536 681 506 194 456 383 353 754 321 501 781 289 239 675 429 538 692 808 835 668 573 816 566 660 326 604 594 349 789 455 396 545 876 723 814 207 546 747 273 975 480 520 253 173 547 897 737 678 983 143 747 759 253 699 762 496 362 856 567 57 371 622 294 470 809 596 714 843 714 804 317 693 320 923 526 184 631 460 269 188 275 214 681 406 400 547 729 493 349 639 642 613 136 724 706 433 981 110 471 659 829 602 520 336 597 346 373 444 681 751 393 772 429 710 907 164 821 484 659 443 115 690 621 694 277 404 806 907 651 141 461 106 871 582 678 753 777 86 522 708 582 824 467 728 890 365 613 548 925 76 265 624 447 656 
322 420 193 225 558 739 523 555 621 628 57 870 717 767 877 186 332 494 475 288 329 600 362 879 448 460 446 334 595 593 264 814 740 863 417 423 723 149 786 -1 331 629 825 585 606 977 271 171 339 652 801 411 681 366 512 383 50 497 563 153 496 409 560 500 598 525 302 342 1010 823 558 471 688 453 534 396 673 342 489 689 123 690 479 233 641 569 333 824 736 778 507 374 627 217 655 642 167 475 550 225 408 725 487 374 220 791 767 811 685 837 438 200 233 197 421 362 657 92 566 604 320 690 167 913 522 628 854 834 580 878 420 366 822 326 468 703 442 251 786 513 695 723 603 820 322 1049 310 417 268 851 923 731 495 355 759 103 535 507 445 740 553 707 716 304 385 342 797 452 575 342 691 435 684 666 919 699 459 863 525 262 140 320 590 745 283 191 591 660 376 779 467 480 270 927 454 758 590 966 544 275 
519 528 350 427 240 408 444 411 367 637 286 598 387 630 691 195 341 343 440 398 284 758 123 738 350 129 125 506 568 409 470 515 596 644 550 103 681 332 459 331 -1 502 495 260 277 781 150 272 111 355 593 79 448 445 244 245 336 171 258 254 305 306 527 559 634 488 161 478 794 695 308 407 565 171 568 211 459 249 596 632 356 363 373 370 375 699 147 636 463 448 397 550 597 294 751 316 296 514 218 320 475 548 174 522 111 471 532 669 428 627 525 136 279 392 449 480 410 239 253 688 202 395 171 683 191 296 576 506 534 637 179 274 726 72 142 599 412 177 480 515 627 519 721 507 99 856 471 364 64 592 741 491 262 35 659 319 324 541 246 660 650 376 700 77 386 51 465 453 496 385 374 131 672 715 760 392 290 544 613 215 219 419 596 429 69 312 485 666 109 696 593 235 260 725 608 426 312 783 366 309 
501 377 771 498 428 639 116 91 258 257 574 394 558 139 261 462 305 159 183 393 299 543 379 251 181 490 447 466 175 123 506 442 111 288 417 556 216 497 560 629 502 -1 628 464 600 361 403 457 613 371 224 502 214 342 312 270 589 458 387 476 202 224 160 310 296 160 657 415 411 199 261 164 63 364 272 292 172 295 390 164 732 655 150 434 287 467 365 215 326 691 122 480 182 414 445 489 717 274 531 414 320 126 603 435 518 517 250 182 270 254 347 560 737 798 271 390 243 569 645 393 334 376 577 344 495 564 401 750 140 335 328 268 223 574 554 98 207 654 451 218 149 168 461 498 410 428 448 214 503 354 301 245 262 528 157 533 203 269 256 166 395 630 261 439 263 451 656 230 87 318 714 593 247 357 290 419 211 553 367 376 623 374 236 474 555 446 46 269 606 198 418 290 359 320 465 600 315 343 145 357 
943 890 823 873 280 119 667 571 371 875 776 363 108 674 619 664 709 548 713 805 648 1112 488 733 614 365 380 919 789 510 909 233 644 522 925 418 843 796 68 825 495 628 -1 245 246 658 584 730 529 261 521 416 421 814 381 559 824 329 295 722 492 599 758 872 901 734 594 875 621 727 391 669 662 401 854 512 464 602 940 792 845 192 610 801 341 1039 531 585 320 131 612 956 804 730 1049 188 774 823 279 752 824 564 376 915 605 119 437 689 362 534 872 631 736 869 776 864 386 732 322 989 580 252 666 518 303 205 332 157 748 466 455 606 796 520 372 707 705 638 199 790 774 500 1046 165 517 716 886 664 557 395 659 413 435 476 749 797 459 837 489 778 972 151 889 527 721 485 67 754 688 754 253 423 874 974 715 208 523 139 935 634 711 811 844 154 553 759 650 892 488 797 952 425 667 609 986 69 330 685 513 712 
702 661 605 629 40 193 469 386 222 683 534 380 138 552 554 419 474 344 501 565 411 889 243 640 398 135 138 680 599 342 666 272 517 478 694 209 679 550 201 585 260 464 245 -1 139 625 339 485 321 137 447 186 305 582 161 326 581 89 77 477 285 374 563 656 700 532 388 638 617 615 202 458 514 159 646 276 337 365 717 626 616 192 402 558 206 819 286 506 260 245 411 718 621 485 842 57 553 606 89 508 597 446 203 680 366 211 367 581 257 474 646 397 526 650 553 630 259 492 203 780 338 170 431 501 79 99 353 308 559 449 216 372 670 301 171 558 487 423 231 582 612 393 831 251 272 696 646 442 319 388 603 327 220 249 611 552 265 625 263 629 756 174 716 283 493 242 234 537 503 520 250 230 695 779 642 148 306 284 718 390 480 574 647 172 325 514 472 706 286 656 725 200 425 569 755 183 153 640 325 471 
779 760 581 695 172 138 594 519 361 808 563 497 157 691 691 468 568 469 619 648 505 992 319 780 515 160 196 762 726 478 736 373 657 611 789 183 812 605 239 606 277 600 246 139 -1 758 402 542 287 270 584 200 444 678 289 429 614 157 214 528 412 485 688 767 820 655 350 725 744 755 339 577 652 261 762 379 477 460 821 759 609 85 524 631 345 925 364 644 389 172 537 803 749 555 957 144 535 718 75 580 698 585 131 769 388 278 502 720 394 609 749 406 492 627 660 721 398 515 81 894 423 296 440 630 116 55 467 228 686 576 317 473 809 285 138 695 601 397 329 700 747 532 940 331 333 828 727 553 342 511 739 464 346 250 749 596 398 739 379 766 866 103 847 332 597 286 199 649 632 615 117 181 825 901 780 263 426 344 828 463 480 662 770 260 324 579 605 832 246 794 825 322 504 703 850 178 293 775 458 553 
859 726 1098 860 607 729 477 422 421 542 920 296 644 242 100 798 665 482 543 755 649 849 668 176 531 717 684 823 490 387 867 425 254 147 765 797 429 853 599 977 781 361 658 625 758 -1 725 807 885 489 187 749 335 702 540 596 941 668 566 823 491 567 497 645 595 511 942 773 75 226 474 526 316 612 600 598 321 634 723 410 1070 777 501 794 424 778 673 152 369 770 475 833 476 769 722 615 1042 621 713 771 676 251 819 788 831 542 259 207 370 154 694 874 1049 1131 629 747 378 907 829 689 662 462 898 139 691 706 326 813 472 192 605 610 293 850 776 328 568 954 463 562 389 263 759 492 708 74 808 573 803 263 64 300 519 796 307 887 461 607 550 351 709 738 484 738 625 733 714 588 439 679 848 829 495 622 118 500 523 528 691 715 948 735 544 525 846 802 406 534 865 332 756 545 707 56 805 668 488 41 436 713 
377 377 373 294 305 518 322 316 350 497 214 598 477 539 628 87 192 248 303 250 139 608 97 652 229 241 210 361 435 338 334 545 508 602 400 249 555 211 536 271 150 403 584 339 402 725 -1 146 245 384 543 208 413 294 241 133 253 259 301 139 233 183 394 411 490 354 269 330 751 601 286 278 466 188 423 128 410 114 446 509 347 486 257 228 369 548 61 573 464 565 284 404 466 152 601 396 318 366 331 177 325 477 319 374 116 532 500 582 414 579 374 157 334 405 302 330 386 188 394 539 69 421 175 649 294 406 582 626 405 611 149 142 620 206 279 493 273 256 519 373 508 464 570 556 69 799 326 228 114 581 676 463 224 186 553 216 269 395 177 546 500 490 568 74 239 119 569 309 376 235 510 280 537 570 683 435 202 602 463 65 223 269 456 484 171 177 376 528 256 584 442 208 109 673 459 522 319 719 289 159 
249 292 336 154 451 663 351 385 473 472 119 720 623 595 708 77 162 327 306 150 158 507 242 707 277 383 355 242 430 427 198 680 568 699 302 376 558 65 681 171 272 457 730 485 542 807 146 -1 336 523 636 343 524 220 378 223 133 404 445 28 336 240 394 355 449 357 332 225 844 651 412 300 516 332 382 247 512 177 364 521 283 628 308 105 497 459 202 655 591 708 335 286 462 49 531 542 291 322 474 68 261 556 447 266 180 676 608 639 535 672 301 197 336 354 262 236 505 131 525 473 167 559 187 750 438 550 708 769 412 719 287 198 652 305 413 532 272 297 658 351 526 558 488 696 214 879 208 245 214 698 753 574 348 306 588 81 379 353 292 570 426 634 556 210 218 256 714 288 404 180 646 401 524 523 748 576 297 744 393 105 209 180 432 627 260 43 419 504 360 610 351 339 100 759 354 668 454 795 379 105 
584 614 294 486 313 425 553 522 467 741 309 686 427 741 797 260 436 454 545 477 383 839 234 848 459 188 207 577 675 519 531 591 706 746 632 113 790 385 506 339 111 613 529 321 287 885 245 336 -1 438 698 142 551 533 346 354 359 240 341 311 416 414 634 655 735 594 67 556 895 806 411 515 676 273 668 322 565 353 685 741 323 366 483 440 471 785 255 743 554 456 507 622 704 369 844 371 247 611 252 395 567 657 157 599 155 529 633 780 525 731 615 147 208 340 547 562 510 258 233 783 305 477 174 782 242 324 662 506 642 734 289 380 837 39 157 710 516 109 552 618 737 625 810 572 207 960 543 469 131 684 848 591 370 90 770 360 433 640 358 770 742 391 808 181 484 162 487 554 605 476 356 106 778 815 869 466 402 602 705 306 202 502 699 493 76 378 596 771 41 807 677 342 349 830 687 459 406 889 477 396 
706 638 705 649 127 271 406 310 112 614 596 249 187 436 421 471 467 290 454 568 411 855 289 515 358 251 233 679 528 250 680 162 403 342 675 331 588 587 194 652 355 371 261 137 270 489 384 523 438 -1 315 296 180 567 145 320 638 198 97 522 236 350 497 614 640 473 503 632 479 496 133 410 411 199 594 280 219 368 684 536 704 300 352 575 85 781 323 375 123 322 352 713 544 510 788 131 650 566 226 528 572 326 337 670 446 165 232 460 126 339 618 483 633 747 522 618 137 562 340 729 357 40 515 364 209 220 224 379 487 312 236 365 558 411 300 456 449 530 135 530 519 268 787 174 329 559 648 411 403 252 469 194 187 355 504 599 199 578 245 528 713 268 632 351 470 321 285 497 428 509 368 358 615 713 512 57 271 225 677 418 567 570 583 115 424 543 390 632 407 551 699 186 442 433 735 228 74 505 252 480 
