200
-1 230 246 550 675 439 748 160 132 290 189 181 477 524 414 707 672 505 698 169 692 460 535 342 289 758 206 396 266 300 639 656 638 529 428 620 322 317 425 691 250 789 131 727 208 74 229 474 613 780 617 591 440 167 567 576 508 218 131 677 605 389 732 747 83 266 355 230 655 423 421 734 468 809 312 511 461 804 325 764 422 132 150 136 119 339 650 340 149 434 468 442 448 455 880 587 388 253 394 458 467 196 57 80 728 438 389 357 601 144 226 804 283 283 137 228 301 408 373 341 522 593 551 498 774 246 339 323 280 365 636 273 241 576 85 570 153 407 355 807 432 107 534 290 526 378 504 638 363 154 47 550 115 388 697 390 304 504 322 712 169 464 462 376 431 630 624 304 157 563 320 185 404 706 587 61 423 420 252 716 371 279 22 325 663 182 645 837 286 349 788 544 695 523 383 388 877 482 737 557 
230 -1 354 548 651 413 548 80 213 63 417 367 267 615 184 511 609 331 559 78 468 553 315 152 188 749 91 494 95 467 494 713 456 467 240 410 361 98 605 581 445 643 178 736 54 155 170 547 636 595 563 371 323 170 524 498 477 396 119 525 601 251 697 585 187 475 146 226 567 218 560 642 239 820 108 281 590 626 316 715 591 233 374 93 349 559 690 247 126 242 309 503 267 570 882 467 579 327 383 321 464 344 200 304 616 456 589 242 464 172 196 602 395 211 284 50 511 478 543 274 318 636 603 288 709 125 515 473 99 358 529 408 465 416 234 381 110 224 503 795 211 177 306 63 556 316 551 416 416 368 220 572 262 190 620 543 151 429 423 541 286 244 606 152 315 506 586 490 354 631 517 238 286 496 610 228 511 463 401 701 580 281 251 199 629 135 668 806 325 224 597 453 725 385 346 220 674 428 657 497 
246 354 -1 327 455 251 708 333 148 412 258 125 489 280 516 662 481 458 576 278 714 215 562 367 253 528 270 151 315 137 532 409 581 354 595 612 110 451 270 540 170 668 364 490 371 271 211 227 375 711 424 611 652 393 370 409 309 115 330 573 378 588 516 649 319 219 399 153 487 572 205 562 565 570 366 601 236 723 164 556 247 377 221 297 269 308 405 261 230 430 411 197 425 220 642 458 259 49 203 377 253 65 208 214 575 214 285 566 491 183 453 764 41 503 109 317 245 163 205 232 518 349 306 639 577 440 187 125 446 181 489 60 262 496 331 531 350 399 152 577 559 191 593 386 288 245 261 658 128 189 292 314 131 406 515 192 489 345 77 631 79 502 251 443 336 501 417 182 148 316 219 117 320 690 349 187 177 183 69 490 294 140 238 526 451 392 405 616 95 298 730 394 452 428 221 366 833 308 554 376 
550 548 327 -1 128 136 600 571 422 582 582 450 512 232 633 556 184 415 376 497 688 227 577 459 363 208 460 245 461 402 367 211 477 147 767 570 228 620 465 299 472 448 640 188 589 545 381 180 99 562 137 606 872 660 96 183 87 431 587 401 55 798 190 468 604 520 496 340 229 729 339 283 665 272 489 684 317 554 237 233 427 670 547 541 595 593 166 311 462 456 376 161 429 283 336 285 490 301 166 329 85 392 499 537 323 113 528 790 335 429 713 645 308 749 425 498 534 189 419 276 508 132 137 776 262 667 430 362 646 193 268 345 577 387 631 469 601 435 358 257 693 459 640 541 77 238 119 642 198 516 591 59 440 471 228 373 700 182 276 478 386 550 362 545 295 310 105 454 474 184 489 367 309 618 80 488 218 147 372 165 555 281 548 747 129 644 128 289 263 350 591 213 186 326 202 406 700 148 260 138 
675 651 455 128 -1 242 597 683 544 678 711 578 570 324 713 558 116 460 348 608 714 337 627 544 463 102 568 366 560 527 362 238 488 194 857 598 355 713 578 257 600 399 758 121 697 665 491 291 133 542 113 645 972 776 129 194 175 560 703 387 81 898 62 440 725 646 578 457 191 815 452 210 738 188 580 750 424 524 354 110 540 791 676 655 723 717 185 406 577 521 431 283 490 392 236 294 607 428 283 387 208 521 622 665 268 241 646 893 342 548 827 634 437 858 552 601 659 314 538 377 555 191 222 854 151 774 551 487 747 311 249 473 705 408 754 500 714 506 479 144 775 580 696 635 187 335 229 675 327 645 715 159 567 546 159 489 801 237 404 465 513 614 468 626 364 300 70 579 603 262 613 490 385 631 142 613 337 275 500 52 675 400 674 850 34 757 134 162 389 438 575 242 167 363 308 481 679 224 174 167 
439 413 251 136 242 -1 522 440 307 445 506 374 388 294 499 476 235 304 340 366 582 258 457 324 226 337 326 240 325 363 308 330 392 103 630 465 140 483 461 291 417 427 515 324 456 424 249 221 231 502 179 492 736 533 127 159 69 366 460 348 188 662 295 423 484 467 361 215 236 592 346 311 533 407 353 553 342 504 114 324 427 551 465 412 502 551 294 175 334 329 259 178 305 308 469 226 473 210 47 212 62 313 385 441 325 87 507 655 269 307 584 572 249 617 328 362 489 183 404 139 392 247 230 641 335 534 403 330 510 74 243 290 513 300 515 367 471 306 338 384 558 340 515 404 167 102 185 532 146 436 477 173 338 338 266 366 564 104 231 417 289 423 382 411 172 265 185 415 394 273 453 253 180 526 208 379 227 133 312 290 526 160 441 612 226 514 262 403 163 215 527 153 320 231 66 274 635 60 305 125 
748 548 708 600 597 522 -1 627 654 513 906 802 281 813 432 46 484 252 255 583 180 780 250 407 476 685 542 756 483 844 235 808 130 454 577 144 620 518 966 348 871 255 727 718 598 684 536 742 690 89 489 206 731 716 507 419 522 812 666 210 618 668 594 178 730 917 402 572 407 530 861 419 406 775 444 380 863 133 550 568 935 782 858 629 860 1008 758 448 600 313 298 700 301 829 799 315 965 659 547 331 574 748 698 801 354 609 993 693 264 618 728 56 728 715 721 527 947 703 903 476 230 732 733 512 524 640 892 823 581 553 347 765 938 221 777 181 659 341 840 704 477 650 306 486 668 469 698 186 655 839 756 658 713 362 450 873 620 426 727 135 694 312 901 402 374 297 537 891 806 780 928 628 388 76 678 715 748 654 778 642 1002 568 764 663 562 678 710 666 616 418 65 387 758 291 506 363 129 470 459 462 
160 80 333 571 683 440 627 -1 184 133 349 319 347 607 256 590 653 403 624 74 548 543 395 225 229 778 119 481 157 429 561 719 531 508 274 490 363 157 564 639 395 711 100 758 47 86 191 544 652 672 603 451 319 100 560 545 508 352 39 594 626 254 733 657 107 420 224 233 618 264 534 695 310 842 184 353 568 701 333 755 554 154 309 35 277 498 701 290 111 318 377 503 340 553 908 526 532 315 404 382 485 308 145 239 675 470 539 233 528 153 143 682 374 179 244 106 455 475 505 310 397 645 609 338 754 106 474 441 123 377 585 380 401 486 154 458 35 297 472 825 271 141 384 143 568 352 558 496 417 309 143 587 220 266 668 511 158 474 407 614 256 325 579 232 369 567 622 445 301 632 468 225 341 576 626 174 502 469 367 730 525 292 182 192 664 74 685 842 326 277 675 503 740 448 375 288 753 465 706 538 
132 213 148 422 544 307 654 184 -1 274 251 162 400 425 387 610 540 403 576 135 624 361 467 265 179 630 140 298 197 254 521 544 535 398 450 537 196 311 392 563 241 668 224 602 223 128 118 366 491 675 485 521 503 250 435 446 376 186 183 560 477 439 601 632 184 278 289 100 525 431 350 603 439 685 250 478 384 695 193 632 378 248 204 149 215 367 532 220 87 348 361 328 354 368 755 462 368 136 262 343 337 131 77 152 600 311 382 417 481 43 309 710 189 356 76 183 312 297 330 213 439 476 436 501 642 291 303 260 299 234 509 197 286 464 209 472 202 317 291 679 423 43 484 254 404 248 386 569 244 186 170 426 60 310 566 331 341 374 223 602 73 400 396 325 311 506 492 280 158 454 310 54 286 621 464 74 320 299 188 587 378 147 136 377 532 245 523 707 159 238 687 416 575 406 251 291 783 350 605 425 
290 63 412 582 678 445 513 133 274 -1 479 430 233 666 123 479 626 316 551 140 418 605 270 145 219 778 143 547 120 529 486 757 432 488 189 371 409 39 667 583 509 631 222 769 91 216 217 596 673 567 583 325 295 205 549 513 506 458 171 513 633 220 720 568 240 539 125 276 577 160 618 649 177 852 102 220 646 601 357 733 652 277 436 154 409 622 731 272 187 222 302 550 252 625 912 470 641 382 420 323 500 406 263 366 617 497 652 221 459 232 215 565 452 212 347 96 574 527 605 305 285 678 647 227 723 130 577 533 77 398 534 468 528 404 285 357 157 211 563 822 148 240 251 42 597 344 596 368 465 431 277 610 325 171 632 603 130 448 479 520 347 202 664 110 326 505 610 553 417 678 580 295 299 455 648 291 563 509 461 728 643 327 312 180 653 167 706 828 375 241 566 466 763 383 380 217 636 453 667 518 
189 417 258 582 711 506 906 349 251 479 -1 133 647 477 601 862 738 655 815 348 868 420 711 510 430 776 376 364 437 212 764 626 787 608 614 787 367 507 291 789 131 908 304 732 397 263 370 452 618 926 682 766 608 339 628 662 567 152 320 804 632 565 772 878 261 111 530 341 741 611 339 817 656 808 487 698 385 944 406 813 303 277 47 324 82 156 635 467 315 598 612 437 605 393 881 698 243 295 458 591 511 193 219 112 825 471 230 530 724 289 392 962 273 452 189 408 137 403 260 452 688 582 536 686 835 430 225 251 469 433 736 240 57 713 233 724 340 568 276 825 621 259 717 474 534 479 500 814 383 71 216 562 193 557 772 297 489 594 309 851 225 641 368 558 556 742 675 182 112 532 177 284 533 872 594 196 396 435 212 742 202 367 167 503 708 363 646 869 343 489 939 641 685 651 467 543 1034 561 811 631 
181 367 125 450 578 374 802 319 162 430 133 -1 559 364 547 756 606 549 692 289 784 303 627 425 328 646 302 242 359 119 644 508 678 477 593 692 234 464 246 661 79 784 313 605 365 237 271 329 490 814 549 681 620 348 495 531 434 36 301 684 500 565 640 759 265 117 451 229 610 580 244 686 600 682 412 639 287 829 278 680 240 309 99 285 156 208 512 354 245 504 504 309 506 286 755 574 213 165 327 477 378 61 174 117 696 338 222 536 603 205 407 858 142 464 86 343 150 274 191 333 595 457 412 653 702 419 158 146 441 303 609 113 141 599 260 621 323 473 177 696 578 190 646 414 405 356 373 729 251 67 227 432 105 470 640 210 475 466 179 736 107 562 283 488 439 618 542 126 29 413 150 173 419 775 465 145 274 304 86 611 215 244 164 501 576 359 519 737 213 383 830 514 561 534 339 444 929 430 679 500 
477 267 489 512 570 388 281 347 400 233 647 559 -1 671 177 246 486 117 347 308 225 622 73 136 236 672 272 580 210 626 284 718 202 378 336 143 430 243 759 403 635 415 446 682 317 409 287 596 611 334 460 122 484 435 445 378 425 577 386 302 552 414 596 344 451 676 123 338 420 288 676 477 179 758 165 181 689 369 358 594 734 501 600 351 593 766 678 240 332 61 139 549 83 660 804 299 748 444 390 184 450 513 431 537 431 468 769 431 269 359 449 335 519 441 473 250 709 539 694 279 51 635 619 302 570 363 676 614 305 381 364 550 686 200 499 128 378 91 637 708 236 387 127 205 556 296 572 170 479 585 480 559 460 89 477 676 349 336 530 293 454 48 720 123 217 322 500 665 558 660 699 388 208 230 591 451 583 501 555 622 771 356 495 396 539 398 640 696 412 196 332 329 697 213 341 125 406 364 506 403 
524 615 280 232 324 294 813 607 425 666 477 364 671 -1 750 767 412 597 605 545 875 64 743 580 463 344 524 128 552 265 588 151 685 363 855 759 257 706 266 531 347 680 644 287 641 551 449 75 192 784 369 782 927 673 326 409 294 332 609 625 248 860 381 695 599 383 617 389 461 826 149 513 793 347 595 821 109 780 320 432 229 656 458 572 520 431 175 435 498 610 551 122 591 86 421 504 305 291 282 505 238 328 489 479 556 207 344 841 552 454 733 861 241 782 387 570 383 139 242 395 682 137 101 886 474 714 267 225 712 291 497 254 450 592 609 662 628 583 202 388 802 469 794 632 154 375 116 824 201 428 571 175 411 607 458 193 760 386 203 700 359 700 149 666 463 535 332 306 394 66 331 382 465 820 181 467 105 170 279 329 378 340 513 800 341 670 206 447 290 480 812 429 225 524 330 549 921 342 486 363 
414 184 516 633 713 499 432 256 387 123 601 547 177 750 -1 406 643 288 524 258 310 692 182 175 287 815 248 639 202 640 460 825 376 518 159 288 493 103 778 574 626 593 338 815 211 339 307 677 730 499 608 229 307 316 584 531 551 574 292 479 681 239 747 520 361 658 138 368 583 112 719 646 54 896 154 97 743 537 431 752 760 392 558 277 532 743 792 325 301 200 294 630 234 719 949 465 755 479 484 330 559 517 385 489 604 564 769 261 442 343 310 479 553 287 462 204 694 611 715 364 223 743 718 142 733 223 689 640 163 467 531 574 650 376 405 305 276 207 668 856 62 357 139 132 662 397 667 265 548 552 399 671 441 166 640 708 191 476 576 467 457 130 765 88 348 493 643 668 536 754 697 399 328 365 707 412 651 585 570 765 762 410 435 232 684 278 761 852 464 284 491 481 819 376 438 231 546 492 672 546 
707 511 662 556 558 476 46 590 610 479 862 756 246 767 406 -1 447 207 223 543 187 734 224 367 431 649 501 710 442 798 196 765 83 410 556 120 574 487 919 314 825 238 690 680 562 644 492 696 647 94 449 188 709 680 464 377 477 767 628 175 576 644 558 157 692 871 365 527 369 509 815 387 385 739 405 362 816 136 503 535 888 744 815 590 818 963 716 403 558 273 252 654 258 783 765 272 919 613 501 285 528 702 656 758 323 563 947 667 221 574 695 101 682 685 676 488 902 656 856 430 194 689 689 496 493 608 846 776 550 506 309 719 893 175 738 137 622 299 793 670 454 608 287 451 623 423 653 179 608 795 716 614 668 323 415 827 591 381 680 106 649 281 854 369 328 258 497 844 762 736 882 583 341 82 635 672 702 608 732 604 956 522 723 636 524 643 668 635 570 374 86 343 717 245 459 320 172 425 427 419 
672 609 481 184 116 235 484 653 540 626 738 606 486 412 643 447 -1 371 232 578 610 411 537 484 424 202 534 425 514 576 252 350 380 145 794 496 371 658 648 140 641 284 738 235 659 650 465 364 236 426 56 548 920 751 110 113 171 593 678 273 166 846 113 324 710 689 515 444 77 750 523 101 661 292 524 668 501 408 347 109 610 777 699 629 738 768 296 363 555 444 350 343 411 467 325 193 671 444 283 312 230 545 616 677 153 273 708 846 237 534 796 519 472 821 564 560 707 367 600 344 464 290 312 781 102 734 608 538 699 310 139 511 741 308 745 401 686 435 537 228 705 569 609 583 260 302 303 574 360 669 708 237 574 477 46 555 754 179 445 350 524 532 546 559 300 190 79 629 627 357 666 487 326 522 236 613 400 319 536 158 733 393 675 804 83 727 245 210 398 386 459 162 283 273 289 415 563 191 76 115 
505 331 458 415 460 304 252 403 403 316 655 549 117 597 288 207 371 -1 238 347 278 554 167 179 224 561 302 522 248 595 173 625 132 273 447 162 378 336 721 286 619 315 504 575 385 447 285 522 513 274 348 191 590 501 339 266 328 560 440 197 450 517 482 254 499 664 191 320 303 400 624 360 296 648 223 298 631 300 305 478 692 557 608 398 613 756 581 197 356 94 48 477 64 599 692 182 717 410 317 91 364 496 452 553 316 389 743 529 154 369 526 308 481 528 469 298 696 473 657 228 95 543 532 418 453 444 644 576 393 316 246 517 686 89 545 72 438 107 595 595 349 403 238 278 468 229 489 228 419 588 519 466 461 145 360 631 442 233 484 211 442 165 665 217 134 205 390 640 554 577 677 376 140 233 495 467 518 429 528 511 751 318 520 492 427 466 540 581 369 166 284 218 595 97 270 118 380 267 389 294 
698 559 576 376 348 340 255 624 576 551 815 692 347 605 524 223 232 238 -1 559 402 585 372 409 410 431 512 578 468 700 65 572 175 245 684 300 470 574 802 93 747 92 722 468 613 652 468 541 454 193 248 365 828 724 279 195 313 691 658 51 382 756 339 93 709 796 427 478 157 636 684 164 525 521 454 518 674 178 413 312 767 772 770 612 791 884 520 357 555 332 250 507 300 639 543 118 813 529 380 243 376 631 641 728 100 418 846 768 97 553 756 286 584 763 626 519 821 519 744 364 307 503 513 647 270 678 742 670 629 397 107 624 833 149 752 227 660 340 679 449 584 590 447 512 451 336 488 378 487 744 721 435 626 381 196 706 680 236 570 120 590 396 717 456 266 75 295 752 705 561 790 533 293 303 447 648 562 468 644 390 863 448 708 729 314 692 470 411 481 352 227 186 513 177 355 338 331 280 204 241 
169 78 278 497 608 366 583 74 135 140 348 289 308 545 258 543 578 347 559 -1 523 482 366 175 156 703 47 421 100 389 497 650 478 433 316 451 295 176 527 568 369 647 164 684 96 101 116 479 580 620 529 422 384 172 485 471 433 318 101 531 552 315 658 597 152 400 186 162 546 296 483 622 311 769 143 352 514 647 260 681 513 213 303 53 287 485 630 217 48 269 315 436 287 496 834 457 501 254 330 316 411 266 129 236 605 398 512 299 462 94 218 639 319 251 206 60 436 409 465 235 355 575 540 366 680 172 437 395 168 304 515 331 394 425 197 407 107 244 425 750 289 99 368 127 497 277 488 469 350 295 173 515 184 221 594 465 215 400 349 558 208 295 529 209 299 499 547 413 278 565 440 164 270 538 554 154 440 400 323 656 504 219 188 256 589 149 613 767 258 208 626 431 668 382 300 229 711 391 633 463 
692 468 714 688 714 582 180 548 624 418 868 784 225 875 310 187 610 278 402 523 -1 831 157 359 461 811 492 795 431 850 360 899 231 542 431 118 647 410 983 488 860 426 640 834 509 620 513 800 785 269 601 103 582 622 604 522 602 803 587 351 718 528 723 344 655 901 338 563 533 388 894 564 269 901 381 232 904 313 574 707 956 695 822 560 810 992 854 457 553 283 323 754 291 873 934 420 973 667 594 369 641 739 650 758 503 667 995 558 373 583 620 205 742 595 699 463 935 749 918 494 197 818 809 354 669 533 900 837 472 590 471 774 909 306 702 218 574 315 859 838 338 609 170 405 744 503 767 55 692 809 689 741 684 314 585 897 500 505 750 292 680 227 937 316 411 420 648 890 782 854 925 613 413 106 768 672 794 706 780 764 997 578 711 536 680 584 809 809 632 417 245 479 863 361 546 347 256 543 602 559 
460 553 215 227 337 258 780 543 361 605 420 303 622 64 692 734 411 554 585 482 831 -1 695 524 406 375 463 64 493 212 563 205 650 340 793 717 199 645 240 519 293 666 579 322 578 486 389 47 216 758 362 736 863 609 314 391 272 272 544 601 257 796 398 673 535 332 561 328 451 765 115 510 737 391 538 766 90 757 266 447 202 592 399 508 459 390 217 383 435 560 508 80 544 56 465 478 271 228 237 463 210 265 424 416 546 171 310 777 525 390 668 830 176 717 323 509 336 83 203 343 636 168 124 827 484 650 223 170 649 241 480 191 398 558 545 622 563 532 152 422 743 404 742 572 152 328 109 779 144 368 507 179 346 554 455 154 697 357 138 673 295 648 135 610 420 513 332 257 333 111 286 318 418 782 197 403 42 126 217 352 342 282 449 736 349 606 237 475 229 428 784 403 268 489 284 498 893 312 487 345 
535 315 562 577 627 457 250 395 467 270 711 627 73 743 182 224 537 167 372 366 157 695 -1 202 308 729 334 653 273 697 313 785 207 439 332 106 503 270 831 440 704 428 491 742 360 465 357 668 677 318 515 56 485 476 506 433 490 647 435 323 615 420 649 351 502 744 180 410 467 284 749 516 161 816 223 146 762 358 431 642 807 546 664 405 653 834 744 313 395 134 201 621 152 733 859 345 819 516 461 248 519 584 492 600 465 539 840 443 308 425 482 299 592 465 542 306 778 611 767 352 72 703 688 279 614 394 748 686 334 453 407 622 751 235 549 146 424 164 710 762 230 451 74 251 625 368 642 103 552 651 534 626 527 157 523 748 370 398 603 296 524 71 793 163 285 360 557 736 625 730 770 458 279 186 657 515 656 573 627 679 841 429 554 413 595 438 704 746 485 270 309 385 760 265 412 198 367 429 548 462 
342 152 367 459 544 324 407 225 265 145 510 425 136 580 175 367 484 179 409 175 359 524 202 -1 118 646 136 475 75 500 344 650 306 350 312 278 326 175 636 438 502 492 325 643 206 277 157 506 555 447 444 256 437 321 414 371 378 446 262 374 508 362 582 433 324 542 37 214 433 271 562 503 213 724 44 241 582 476 260 592 614 379 464 222 457 632 617 150 196 94 159 458 115 556 780 324 621 324 309 178 384 383 295 401 472 390 640 367 315 223 347 463 400 355 339 120 576 442 571 189 180 568 543 316 580 269 550 492 222 293 388 427 550 265 371 233 259 72 518 688 234 251 226 104 487 222 493 304 379 449 348 496 325 46 488 557 275 309 417 390 323 136 608 87 184 360 475 536 423 580 569 258 159 364 532 315 483 413 429 596 639 245 359 326 517 287 587 689 300 109 452 322 644 238 263 72 535 320 523 380 
289 188 253 363 463 226 476 229 179 219 430 328 236 463 287 431 424 224 410 156 461 406 308 118 -1 562 110 356 98 389 350 541 356 280 406 365 207 257 523 413 401 500 320 550 235 243 61 390 454 496 376 359 510 329 336 315 289 342 257 388 415 436 509 458 301 444 154 101 389 371 445 466 330 634 133 360 463 517 144 528 499 366 383 209 391 536 513 61 145 178 182 343 178 437 695 303 511 208 202 169 281 278 233 330 449 280 533 430 313 147 372 532 284 397 245 138 477 324 458 87 268 461 433 425 525 312 439 378 284 181 359 313 462 287 343 294 264 147 402 607 341 183 342 178 379 128 381 406 262 363 311 392 237 154 438 441 338 244 299 425 221 250 490 203 145 346 398 428 331 467 464 154 117 447 429 245 365 298 319 513 536 126 301 387 441 303 486 618 182 60 508 274 544 234 161 116 604 240 477 310 
758 749 528 208 102 337 685 778 630 778 776 646 672 344 815 649 202 561 431 703 811 375 729 646 562 -1 664 417 659 580 454 219 582 297 958 696 436 814 609 338 657 469 848 62 794 754 586 333 160 623 213 745 1071 868 231 295 272 624 795 475 153 997 92 520 813 701 680 548 279 917 487 276 840 90 681 852 452 601 445 132 572 879 745 748 797 764 174 506 669 623 533 339 592 424 134 391 645 507 373 490 294 592 708 742 340 320 684 992 438 638 921 718 503 954 630 699 709 373 578 475 656 208 251 957 185 871 597 539 846 401 341 536 764 506 839 599 808 609 526 49 877 668 798 736 241 434 277 773 400 713 800 214 647 649 235 529 900 339 467 551 592 716 494 728 467 393 173 629 673 277 661 576 487 724 182 696 386 344 564 50 717 490 756 949 133 851 138 103 472 539 657 343 131 463 403 584 758 325 236 270 
206 91 270 460 568 326 542 119 140 143 376 302 272 524 248 501 534 302 512 47 492 463 334 136 110 664 -1 405 61 392 450 622 434 389 330 414 269 182 530 521 381 600 211 648 129 144 80 456 546 576 485 390 413 218 443 426 393 327 148 484 514 342 616 551 198 417 154 135 499 303 475 576 299 732 112 338 503 602 225 637 513 260 330 100 321 504 599 171 60 228 269 411 243 482 796 409 508 239 294 268 375 269 158 265 557 365 523 330 415 96 262 598 309 290 216 46 452 387 467 192 316 545 512 369 635 207 441 392 190 269 467 327 418 379 243 364 153 201 421 711 288 117 345 116 466 234 460 437 325 317 216 482 197 183 549 462 242 354 335 512 209 265 521 185 252 451 505 420 295 540 451 153 223 500 520 180 421 372 322 616 518 189 223 287 547 193 579 725 234 160 583 384 635 334 260 184 671 348 587 420 
396 494 151 245 366 240 756 481 298 547 364 242 580 128 639 710 425 522 578 421 795 64 653 475 356 417 405 -1 438 162 549 265 626 334 735 684 150 587 225 519 240 663 515 369 516 422 333 87 257 741 372 697 800 545 320 387 269 214 481 588 284 735 429 662 470 284 511 272 455 708 106 520 685 443 485 716 109 744 222 475 189 528 340 446 399 350 271 340 374 518 474 83 505 80 517 466 245 167 209 431 204 201 360 353 550 160 283 714 509 328 605 809 112 654 259 451 293 59 175 301 598 217 172 771 507 588 185 121 589 206 476 129 347 535 481 591 500 489 113 465 688 341 697 516 180 292 140 742 102 308 443 208 282 507 467 130 635 343 74 657 231 603 144 559 387 503 349 213 272 170 246 257 382 753 235 338 32 110 156 389 310 230 385 674 373 543 282 515 175 384 765 392 320 465 252 455 874 298 502 344 
266 95 315 461 560 325 483 157 197 120 437 359 210 552 202 442 514 248 468 100 431 493 273 75 98 659 61 438 -1 442 404 638 378 373 308 353 294 159 580 486 438 554 256 649 148 201 105 481 553 520 469 328 412 256 432 402 387 382 192 437 513 338 604 500 251 475 93 167 472 274 517 546 250 732 52 286 541 548 238 620 561 308 391 149 382 564 611 154 122 169 220 434 187 518 793 373 561 277 300 227 380 322 220 327 522 377 578 334 372 154 290 538 352 307 273 51 510 413 516 185 255 558 529 333 613 220 493 439 187 278 434 373 478 329 297 307 192 143 467 704 250 178 286 81 477 225 477 376 350 378 273 490 256 121 524 507 241 334 374 459 261 204 563 129 219 412 494 475 354 561 506 200 191 439 528 241 451 391 372 610 575 211 284 291 537 225 585 713 263 128 526 357 643 292 259 132 611 335 561 403 
300 467 137 402 527 363 844 429 254 529 212 119 626 265 640 798 576 595 700 389 850 212 697 500 389 580 392 162 442 -1 660 415 716 465 702 749 230 566 138 654 81 789 432 531 473 352 342 248 420 844 521 748 737 466 467 521 410 82 416 701 445 680 589 777 384 121 530 287 595 685 129 666 691 603 495 728 174 853 295 635 124 428 198 394 263 192 429 398 342 566 547 243 562 180 677 583 122 185 320 513 346 123 286 235 687 302 149 652 619 297 526 899 117 582 184 436 132 212 76 368 655 378 332 755 664 532 50 41 550 303 606 78 186 630 380 667 437 535 63 628 677 291 725 507 342 377 303 795 218 171 346 370 209 541 615 91 587 464 132 762 182 636 164 572 470 624 503 53 146 323 90 243 456 827 398 258 194 257 70 551 163 277 283 616 531 475 445 677 227 435 864 514 479 561 348 503 968 423 652 482 
639 494 532 367 362 308 235 561 521 486 764 644 284 588 460 196 252 173 65 497 360 563 313 344 350 454 450 549 404 660 -1 573 129 225 619 251 430 508 769 129 702 150 660 484 549 591 410 521 455 195 254 311 763 661 273 184 294 646 596 40 383 691 364 116 648 751 361 424 174 572 655 206 462 544 389 457 650 195 368 346 735 710 718 550 736 841 523 300 495 266 185 483 234 615 574 84 776 484 344 182 352 584 583 673 151 392 808 702 41 496 691 277 543 698 574 455 778 491 710 311 246 499 503 585 309 613 705 633 563 357 113 583 785 84 691 168 596 275 644 478 520 532 388 447 438 288 472 330 453 693 661 426 573 316 224 674 614 205 533 111 540 332 691 390 209 61 301 711 655 550 749 481 235 269 444 592 535 440 601 409 823 399 651 664 328 628 474 448 437 291 224 159 522 116 312 274 333 251 242 229 
656 713 409 211 238 330 808 719 544 757 626 508 718 151 825 765 350 625 572 650 899 205 785 650 541 219 622 265 638 415 573 -1 687 358 946 781 355 796 411 486 497 633 768 157 746 673 542 181 118 764 323 815 1034 795 300 389 296 478 726 604 190 964 282 666 725 534 687 488 416 912 300 448 861 201 674 883 257 751 399 333 376 786 604 685 664 582 53 499 607 659 584 216 634 238 273 493 453 408 340 537 268 465 615 618 503 260 492 949 544 566 853 850 374 897 519 665 534 248 393 460 717 82 110 965 383 822 419 375 812 359 467 395 601 598 741 680 743 636 353 255 882 587 845 719 163 429 161 853 301 573 702 158 541 668 395 344 863 393 335 682 486 753 294 737 500 513 277 457 537 94 482 495 510 829 130 596 234 250 421 222 527 432 647 907 267 787 104 321 392 542 795 423 87 537 386 604 902 357 413 345 
638 456 581 477 488 392 130 531 535 432 787 678 202 685 376 83 380 132 175 478 231 650 207 306 356 582 434 626 378 716 129 687 -1 330 533 125 491 445 836 257 745 221 632 609 509 579 417 613 570 141 376 191 684 626 387 300 396 687 569 123 500 615 493 144 629 792 310 449 303 485 731 334 366 672 347 353 733 170 421 475 805 685 740 528 746 883 639 323 489 213 174 570 191 699 703 196 836 531 417 203 446 623 585 686 274 479 865 633 146 502 646 183 600 642 600 427 822 573 774 349 153 609 607 486 438 562 763 694 506 422 241 637 816 92 676 74 565 235 710 607 432 536 279 398 542 340 571 202 525 719 651 534 593 266 354 743 551 299 597 91 570 246 771 324 245 189 424 763 684 654 800 506 260 143 556 600 618 525 650 536 875 440 653 599 453 590 592 578 488 297 152 263 642 161 376 250 252 342 371 341 
529 467 354 147 194 103 454 508 398 488 608 477 378 363 518 410 145 273 245 433 542 340 439 350 280 297 389 334 373 465 225 358 330 -1 663 424 243 522 559 188 521 329 592 303 516 505 319 297 242 421 95 463 783 605 67 55 69 470 533 262 177 708 232 333 565 571 384 299 132 621 439 209 543 380 388 556 429 417 207 248 523 632 567 484 601 655 312 220 410 327 239 261 296 394 431 141 573 312 150 194 130 416 473 539 222 173 608 707 190 390 652 500 353 677 427 418 592 274 503 198 368 279 279 659 247 592 504 432 559 174 142 394 617 240 600 323 541 311 438 338 580 425 506 445 214 156 247 497 248 537 563 204 435 351 168 463 614 42 333 336 388 420 471 431 169 172 124 518 496 326 556 346 191 471 227 471 316 223 416 247 628 251 533 664 167 582 268 340 264 247 449 66 322 180 146 286 558 48 207 30 
428 240 595 767 857 630 577 274 450 189 614 593 336 855 159 556 794 447 684 316 431 793 332 312 406 958 330 735 308 702 619 946 533 663 -1 436 598 149 838 732 670 752 314 953 229 358 406 785 860 650 756 371 153 281 727 681 688 626 296 638 818 98 895 678 353 693 279 465 738 48 800 803 170 1035 278 200 830 690 547 903 826 356 578 308 535 767 919 455 364 357 450 740 391 811 1093 622 807 568 608 483 687 579 419 508 763 686 813 135 601 411 245 620 635 196 517 284 728 716 778 491 381 867 837 91 887 184 748 710 152 587 688 647 668 535 388 463 274 360 741 1001 102 410 271 227 786 529 785 398 654 581 398 798 493 317 794 781 125 622 664 624 524 289 845 236 495 651 788 719 576 868 742 479 472 505 836 448 751 699 637 908 798 516 450 130 830 251 892 1002 564 419 639 632 950 533 566 379 683 632 827 692 
620 410 612 570 598 465 144 490 537 371 787 692 143 759 288 120 496 162 300 451 118 717 106 278 365 696 414 684 353 749 251 781 125 424 436 -1 538 374 879 380 766 341 588 717 458 552 421 685 667 214 485 69 589 575 487 405 484 708 529 248 600 525 609 260 595 809 266 466 420 389 785 457 265 785 309 242 793 256 465 595 851 643 740 495 735 901 736 352 474 189 210 640 187 761 821 304 872 564 480 254 525 643 573 679 399 552 896 549 258 498 585 194 638 571 609 393 842 636 814 386 98 700 692 376 560 497 799 733 438 478 358 672 823 189 642 100 520 219 754 724 334 528 167 347 627 391 651 78 581 723 623 624 597 231 474 790 476 387 643 204 586 169 827 261 297 307 531 792 694 737 828 519 301 86 650 592 681 592 680 648 901 473 637 519 564 537 691 698 527 314 203 361 745 243 433 248 265 425 493 441 
322 361 110 228 355 140 620 363 196 409 367 234 430 257 493 574 371 378 470 295 647 199 503 326 207 436 269 150 294 230 430 355 491 243 598 538 -1 449 345 430 278 560 419 405 391 324 192 187 294 615 315 548 679 443 261 298 200 226 373 471 283 609 415 546 380 328 362 134 376 568 246 451 537 489 338 567 259 623 73 451 314 445 328 330 369 414 338 190 252 368 330 142 356 231 558 353 347 73 93 290 148 173 272 310 465 116 378 594 389 212 500 675 113 542 197 314 351 118 282 152 450 282 245 628 469 467 275 203 459 73 379 153 373 402 404 449 389 339 219 485 544 237 546 374 207 151 194 593 56 297 364 229 211 357 405 253 509 236 106 533 158 452 290 411 246 395 311 281 255 270 319 143 237 611 268 260 157 105 174 394 393 83 319 552 347 433 326 517 37 233 636 286 379 332 118 305 742 198 444 265 
317 98 451 620 713 483 518 157 311 39 507 464 243 706 103 487 658 336 574 176 410 645 270 175 257 814 182 587 159 566 508 796 445 522 149 374 449 -1 703 610 543 651 235 806 110 243 257 636 712 577 617 323 262 213 584 545 543 494 191 534 671 187 755 584 259 571 148 316 608 121 657 677 154 889 134 198 685 613 397 767 689 289 465 183 434 653 770 309 224 242 327 590 273 665 948 497 677 421 459 352 539 442 295 395 644 536 687 194 484 270 211 569 491 198 383 135 607 567 642 343 295 717 687 189 755 123 614 571 63 437 562 506 557 425 303 370 174 235 601 858 114 275 240 78 636 382 635 363 505 462 299 649 360 193 663 641 106 482 518 535 384 206 703 120 358 531 646 588 450 718 615 334 332 456 687 323 602 549 499 764 676 367 339 155 688 175 744 862 415 275 573 497 801 409 418 246 638 489 698 552 
425 605 270 465 578 461 966 564 392 667 291 246 759 266 778 919 648 721 802 527 983 240 831 636 523 609 530 225 580 138 769 411 836 559 838 879 345 703 -1 745 177 887 557 553 609 483 479 287 453 958 597 881 866 592 545 613 495 212 548 809 497 812 638 884 509 179 667 422 680 822 125 745 830 612 633 867 157 964 416 688 37 546 298 530 363 184 440 526 480 699 673 305 692 186 684 688 51 315 425 635 430 261 419 352 776 386 84 782 729 435 651 1020 240 709 321 575 158 285 64 493 786 401 360 893 725 665 89 145 686 414 701 209 243 747 498 793 570 668 126 654 816 428 862 646 392 496 349 928 316 278 468 419 345 676 691 95 721 566 238 875 321 772 117 710 591 727 570 121 268 332 113 380 580 954 437 390 247 336 208 591 122 405 406 747 589 605 470 712 352 566 981 615 490 677 461 635 1087 521 725 570 
691 581 540 299 257 291 348 639 563 583 789 661 403 531 574 314 140 286 93 568 488 519 440 438 413 338 521 519 486 654 129 486 257 188 732 380 430 610 745 -1 709 149 732 375 634 654 466 473 370 286 165 440 871 739 205 133 249 656 669 139 297 797 246 183 714 758 462 463 70 686 623 77 582 428 482 581 609 267 383 220 709 779 746 621 775 843 433 354 556 375 283 443 341 574 451 113 761 496 337 260 315 599 634 711 36 359 796 804 133 547 777 380 541 791 603 536 780 460 691 350 370 421 435 705 180 704 693 621 660 358 54 582 802 205 754 295 674 375 626 356 636 584 515 542 376 315 416 459 436 718 719 358 608 418 102 650 713 195 522 213 566 451 653 498 269 81 209 707 678 482 745 515 298 393 365 637 500 408 604 297 817 424 699 764 223 710 382 321 447 361 320 148 423 201 322 365 422 232 113 175 
250 445 170 472 600 417 871 395 241 509 131 79 635 347 626 825 641 619 747 369 860 293 704 502 401 657 381 240 438 81 702 497 745 521 670 766 278 543 177 709 -1 838 381 610 442 312 347 327 498 878 585 757 690 416 530 577 471 58 376 743 519 638 662 819 333 49 529 300 653 658 207 727 679 683 490 719 253 892 334 706 179 369 124 363 190 138 509 422 324 579 573 318 579 262 757 629 138 218 371 543 410 123 250 175 743 367 143 607 661 284 475 927 169 533 164 422 76 286 132 397 669 458 412 731 732 493 97 122 518 351 658 129 106 663 321 691 398 547 144 706 657 269 724 493 417 414 380 805 280 102 292 445 184 546 678 166 550 515 196 799 180 639 238 566 503 672 571 56 94 404 72 247 485 847 475 221 272 325 105 627 137 305 230 574 601 431 523 753 266 454 896 564 560 596 392 517 998 476 716 541 
789 643 668 448 399 427 255 711 668 631 908 784 415 680 593 238 284 315 92 647 426 666 428 492 500 469 600 663 554 789 150 633 221 329 752 341 560 651 887 149 838 -1 810 514 698 742 559 621 518 172 314 410 900 811 353 275 394 783 746 118 446 829 377 81 799 887 506 570 220 703 768 192 587 556 536 575 756 138 505 340 852 860 863 700 883 975 580 449 645 409 334 589 379 721 566 209 900 621 469 332 458 723 733 820 131 502 934 843 187 645 840 268 674 844 718 605 912 603 832 456 370 570 585 707 290 760 831 758 708 487 186 714 926 227 842 288 746 421 766 478 650 682 501 593 525 428 565 412 574 837 811 507 719 460 240 792 757 324 658 136 683 462 799 531 358 166 357 841 797 632 880 626 384 320 514 740 645 552 734 434 953 540 800 807 367 778 529 429 572 442 206 275 566 266 446 423 294 367 233 320 
131 178 364 640 758 515 727 100 224 222 304 313 446 644 338 690 738 504 722 164 640 579 491 325 320 848 211 515 256 432 660 768 632 592 314 588 419 235 557 732 381 810 -1 823 131 95 273 588 714 772 686 547 309 36 640 633 584 349 64 693 695 261 811 757 48 394 324 301 708 318 550 785 389 907 284 433 589 802 403 837 554 55 273 111 223 460 757 380 182 418 476 551 441 580 975 621 519 359 475 479 554 322 155 207 769 533 518 228 626 210 94 781 403 152 259 206 428 520 505 394 496 700 660 393 840 131 471 452 181 447 679 399 360 586 73 558 67 397 484 897 339 182 473 240 627 435 610 590 468 282 90 649 234 366 756 521 188 560 441 715 284 421 592 328 463 663 700 435 289 677 451 276 435 674 687 178 541 523 380 803 498 358 151 198 742 63 746 919 382 372 775 593 799 545 452 388 852 547 795 622 
727 736 490 188 121 324 718 758 602 769 732 605 682 287 815 680 235 575 468 684 834 322 742 643 550 62 648 369 649 531 484 157 609 303 953 717 405 806 553 375 610 514 823 -1 777 728 569 283 114 661 232 763 1060 845 236 312 265 580 773 508 135 986 139 559 786 653 678 525 311 914 433 321 844 84 675 859 395 642 424 187 516 851 704 727 757 712 113 497 648 629 542 296 600 369 152 414 590 473 354 497 272 553 678 704 383 290 629 978 463 613 899 754 462 936 595 686 659 330 525 463 670 154 199 957 239 855 545 490 834 380 371 492 717 528 810 618 787 612 475 101 876 641 809 728 201 424 232 794 364 672 770 176 613 650 275 475 888 345 425 585 558 723 436 727 469 422 186 579 632 220 609 548 487 752 140 665 337 307 520 80 663 467 723 935 155 831 86 164 443 534 695 357 69 479 389 585 798 323 282 280 
208 54 371 589 697 456 598 47 223 91 397 365 317 641 211 562 659 385 613 96 509 578 360 206 235 794 129 516 148 473 549 746 509 516 229 458 391 110 609 634 442 698 131 777 -1 134 208 576 674 647 611 415 287 118 571 548 522 397 81 580 643 218 744 639 149 467 198 258 619 216 574 694 264 861 162 308 607 679 354 764 597 186 357 79 324 545 726 295 142 295 363 533 321 590 925 521 578 349 423 375 505 351 191 287 670 493 585 202 518 188 142 652 412 161 288 98 502 506 549 320 368 671 636 291 759 77 519 483 77 397 582 420 449 471 194 434 65 278 514 840 223 182 343 111 593 362 585 459 446 356 189 610 264 242 671 553 119 479 444 594 297 290 619 197 367 560 633 490 348 662 514 259 339 543 648 220 536 496 409 745 572 315 230 160 676 81 707 853 355 276 648 505 763 439 390 274 723 475 708 546 
74 155 271 545 665 424 684 86 128 216 263 237 409 551 339 644 650 447 652 101 620 486 465 277 243 754 144 422 201 352 591 673 579 505 358 552 324 243 483 654 312 742 95 728 134 -1 188 493 618 721 597 521 386 122 549 548 493 271 64 627 601 328 719 695 60 334 286 208 625 350 464 703 393 812 243 436 501 747 310 747 476 127 223 61 193 411 661 300 98 371 413 456 387 489 880 546 450 264 382 409 460 235 65 152 691 437 454 301 555 117 182 740 311 233 171 159 369 425 427 308 456 604 565 425 752 181 395 368 208 353 600 310 314 523 100 508 86 345 400 803 357 87 461 217 532 349 515 567 372 222 71 553 145 322 670 437 238 475 348 657 191 394 507 304 388 589 609 363 217 582 384 180 360 639 592 93 447 428 294 709 439 265 96 264 650 123 650 827 286 300 727 511 703 475 362 329 813 459 710 534 
229 170 211 381 491 249 536 191 118 217 370 271 287 449 307 492 465 285 468 116 513 389 357 157 61 586 80 333 105 342 410 542 417 319 406 421 192 257 479 466 347 559 273 569 208 188 -1 379 466 558 413 410 493 286 369 360 316 289 213 448 435 422 542 519 248 388 188 61 436 376 412 514 355 653 155 390 435 579 145 565 458 314 322 165 329 480 519 112 91 232 244 333 236 412 717 358 463 172 215 229 296 226 173 268 503 285 483 410 372 85 335 592 247 368 187 122 422 310 415 120 323 465 432 438 567 286 393 336 269 189 411 270 403 349 287 354 223 201 363 633 355 122 383 183 385 162 380 457 248 303 254 402 177 199 483 403 322 287 268 486 166 294 458 232 202 402 430 379 272 461 412 100 175 504 440 183 346 293 272 539 483 110 240 367 472 265 499 650 159 121 569 322 555 294 183 173 664 275 522 349 
474 547 227 180 291 221 742 544 366 596 452 329 596 75 677 696 364 522 541 479 800 47 668 506 390 333 456 87 481 248 521 181 613 297 785 685 187 636 287 473 327 621 588 283 576 493 379 -1 173 717 315 707 863 616 268 346 228 301 549 559 210 794 352 631 545 369 543 321 405 755 161 463 719 356 523 747 137 715 246 401 249 605 427 510 484 432 183 360 434 535 476 47 516 103 429 437 317 230 207 431 168 284 434 437 500 134 355 777 484 391 675 792 192 721 337 501 376 69 248 320 607 130 84 814 437 650 264 206 645 215 435 215 434 521 559 588 567 508 193 380 730 409 719 561 105 300 62 749 130 395 520 132 359 532 408 199 694 317 153 632 305 625 182 593 388 470 285 296 357 88 328 319 389 747 153 415 55 95 242 307 386 269 465 735 302 610 196 432 221 405 744 361 233 452 255 474 853 272 440 300 
613 636 375 99 133 231 690 652 491 673 618 490 611 192 730 647 236 513 454 580 785 216 677 555 454 160 546 257 553 420 455 118 570 242 860 667 294 712 453 370 498 518 714 114 674 618 466 173 -1 645 206 704 960 737 183 270 186 466 665 486 72 887 189 548 675 541 592 419 299 823 330 336 763 195 584 782 297 633 320 240 415 739 589 620 643 604 69 406 541 555 475 181 528 267 267 375 487 360 253 428 173 438 566 590 388 182 526 877 426 505 792 732 348 831 481 586 549 216 419 369 607 57 93 872 284 752 437 378 735 277 348 378 604 482 697 566 680 534 366 208 789 531 739 633 87 333 118 740 250 557 657 65 500 568 282 370 788 280 310 564 444 649 340 642 394 394 160 469 517 128 501 438 407 712 26 552 225 193 406 137 558 360 609 834 157 724 32 259 332 446 677 307 89 423 294 504 784 247 304 228 
780 595 711 562 542 502 89 672 675 567 926 814 334 784 499 94 426 274 193 620 269 758 318 447 496 623 576 741 520 844 195 764 141 421 650 214 615 577 958 286 878 172 772 661 647 721 558 717 645 -1 440 282 803 765 466 378 490 820 710 160 573 738 531 103 771 926 449 586 351 603 848 350 479 713 487 457 844 43 548 500 925 826 879 669 887 1017 712 459 630 353 314 678 333 810 730 280 963 662 534 336 548 757 727 826 284 586 993 759 232 643 783 97 727 775 737 568 955 685 897 481 282 692 698 591 453 697 890 819 639 544 297 765 953 215 817 213 705 376 832 638 548 677 382 536 634 466 668 270 643 857 793 621 732 405 388 864 682 400 720 84 707 372 884 458 375 251 488 893 822 745 931 643 394 164 636 741 729 634 781 583 1005 573 794 728 508 729 662 595 616 436 34 355 707 283 497 392 138 445 391 424 
