200
-1 692 463 524 319 569 187 121 597 921 473 144 552 242 579 208 238 443 358 544 354 578 490 845 551 159 678 461 678 191 291 758 308 608 62 110 542 249 665 531 567 457 257 81 646 640 421 302 578 776 893 603 858 385 577 646 299 389 162 424 854 83 34 151 116 452 431 750 355 177 429 404 540 387 511 423 429 666 717 757 551 300 314 191 342 438 275 675 465 175 515 801 254 628 157 558 327 791 185 348 560 188 674 347 400 134 167 377 725 70 651 627 337 570 487 568 320 424 241 490 607 683 857 614 363 631 460 555 711 827 405 470 546 210 463 423 717 174 631 544 713 544 538 749 374 102 675 100 521 580 580 601 200 600 408 664 570 560 440 692 171 488 237 578 679 431 113 795 771 481 635 468 676 399 444 311 268 236 129 645 659 521 387 133 774 283 52 898 500 696 293 815 489 598 128 460 364 362 527 491 
692 -1 783 1070 734 341 507 664 1065 916 300 765 383 571 180 542 518 722 377 716 515 114 783 827 965 806 728 402 969 794 402 588 565 588 753 803 1062 812 381 281 403 506 857 612 194 555 822 883 745 624 816 311 739 677 543 76 615 448 825 278 950 622 704 840 762 240 889 937 447 534 940 342 152 734 628 565 503 1112 141 642 172 836 398 514 835 656 449 1015 980 608 855 764 444 255 585 1019 424 566 551 911 272 720 439 627 498 583 682 589 541 685 665 916 362 845 243 599 926 270 498 458 99 613 886 853 779 621 817 876 291 679 315 666 759 859 608 277 423 839 1049 458 845 586 166 787 948 722 460 777 332 707 488 641 794 182 849 877 791 654 992 355 758 936 675 298 1189 769 711 790 822 724 712 227 315 998 293 519 888 791 659 306 160 786 916 567 706 532 705 849 290 940 487 876 208 971 579 542 691 876 221 559 
463 783 -1 340 144 473 454 574 290 490 483 602 431 287 605 349 614 61 435 141 276 689 31 431 183 375 281 382 226 319 502 464 247 307 489 490 315 266 513 506 422 282 310 445 627 362 81 288 156 462 498 516 493 113 315 709 209 337 591 632 401 502 432 468 381 596 153 287 349 401 224 453 661 77 192 218 280 330 719 427 611 229 449 532 180 129 407 247 251 319 74 409 456 572 358 246 393 517 573 270 524 650 479 171 285 534 295 197 458 392 293 171 494 107 544 262 331 605 370 338 684 364 422 151 111 303 40 105 616 488 492 130 110 381 185 544 532 406 265 364 265 253 625 333 297 565 464 425 459 185 363 258 657 611 124 202 119 208 293 554 312 173 229 512 419 31 353 388 343 77 242 638 568 351 498 291 342 697 338 549 659 64 233 505 408 295 515 488 493 235 337 376 601 189 406 249 115 205 561 246 
524 1070 340 -1 336 795 628 642 133 755 775 613 755 504 903 547 751 394 695 476 559 964 361 723 201 367 601 690 368 335 715 802 505 647 509 475 43 285 847 812 751 603 267 561 940 703 269 222 481 796 797 838 811 411 655 1002 455 627 567 863 633 600 490 427 408 851 192 499 623 579 131 727 930 353 532 535 593 192 1030 760 898 245 687 682 235 457 636 314 93 486 300 718 664 891 521 136 648 856 699 178 834 690 818 450 586 648 417 495 799 474 626 358 731 369 827 602 208 845 587 661 971 701 690 409 295 642 300 318 944 816 758 468 436 325 517 802 870 366 207 695 537 593 904 634 150 601 804 433 771 518 700 596 658 914 231 445 426 548 85 888 363 170 401 829 157 336 427 690 631 418 569 886 898 138 777 551 260 704 457 875 968 384 155 633 731 539 563 777 792 423 585 643 869 256 554 575 390 195 853 579 
319 734 144 336 -1 467 332 432 343 623 439 457 430 178 567 233 485 138 361 250 223 630 172 556 262 238 395 358 361 183 399 538 169 374 345 348 328 141 532 477 430 282 194 307 606 423 112 190 278 545 616 511 599 103 364 666 119 292 448 542 542 362 287 331 239 521 159 432 287 279 205 392 597 73 254 216 266 401 696 516 562 126 360 405 104 166 311 367 245 188 199 524 350 560 228 297 315 585 440 195 500 507 513 119 254 398 152 168 521 248 388 309 405 251 491 327 239 520 266 338 635 444 556 296 53 384 142 238 620 582 424 193 239 254 219 471 565 273 349 380 403 309 569 458 232 421 504 283 439 292 396 342 513 578 121 347 257 292 261 571 171 213 92 498 459 112 208 510 473 179 352 559 575 288 441 215 230 553 196 549 633 205 186 372 512 206 371 612 456 377 252 512 536 295 274 260 74 145 517 275 
569 341 473 795 467 -1 402 604 763 589 124 692 43 354 167 364 517 412 223 383 251 285 466 498 656 620 387 115 636 588 335 280 313 246 630 668 778 582 102 80 62 192 635 493 159 217 529 647 408 314 500 43 430 383 202 265 358 190 730 347 611 533 563 686 588 270 603 596 217 392 665 182 277 442 296 259 202 801 249 322 196 588 275 461 571 344 298 687 701 417 540 435 339 99 417 718 242 282 517 662 73 683 136 347 213 519 479 300 232 528 324 585 282 517 172 259 696 311 327 135 255 278 552 519 500 280 511 554 154 374 208 345 428 664 288 239 159 660 735 119 503 248 228 448 699 642 150 620 51 369 146 300 739 159 564 539 459 316 726 122 555 641 440 43 891 466 532 457 483 404 371 312 111 754 170 280 671 756 478 82 193 463 652 489 380 306 604 527 102 603 279 538 240 652 440 223 405 612 152 230 
187 507 454 628 332 402 -1 201 668 844 294 291 394 167 393 105 163 412 180 487 240 392 473 759 594 305 597 306 680 306 105 627 223 497 249 297 634 343 503 353 412 335 376 105 462 516 445 413 524 651 795 432 748 348 457 459 247 245 336 249 803 131 197 332 260 266 485 720 207 53 509 225 354 378 427 327 308 730 531 639 364 383 131 81 404 379 105 696 550 146 523 708 68 449 107 623 162 652 133 451 382 283 521 292 277 119 210 297 588 180 556 625 150 556 301 466 447 242 100 351 420 568 786 591 386 526 468 559 534 707 220 409 505 360 379 236 558 336 681 404 662 441 351 672 485 241 526 270 351 512 445 507 336 414 451 637 535 477 542 524 272 542 242 405 772 425 214 710 699 442 558 286 504 525 261 198 401 354 172 472 473 497 474 87 670 177 209 807 322 683 158 750 302 627 77 351 339 438 342 385 
121 664 574 642 432 604 201 -1 718 1015 492 101 595 324 579 272 157 548 381 643 424 553 600 935 671 275 769 507 793 311 283 823 389 684 139 187 661 371 704 552 613 525 375 135 653 709 538 421 678 845 978 632 936 487 648 629 393 443 164 386 957 79 155 239 235 433 552 859 405 223 550 425 516 497 599 504 498 787 712 831 545 422 330 154 463 534 307 794 585 265 631 888 265 645 233 680 364 851 113 468 580 84 723 442 467 86 280 463 786 186 736 742 337 682 490 648 435 395 290 548 590 758 953 723 479 711 575 670 732 899 413 566 650 321 550 416 760 282 752 602 815 623 525 842 492 62 727 210 553 675 641 686 136 602 528 773 676 649 559 725 292 609 345 605 798 542 232 885 866 585 728 436 704 514 455 380 383 152 236 672 659 629 508 114 855 354 80 986 520 809 349 914 475 717 188 535 469 484 531 569 
597 1065 290 133 343 763 668 718 -1 639 765 704 721 522 891 574 808 351 701 407 550 966 301 617 110 450 513 669 247 407 742 727 506 583 594 568 89 347 801 793 713 572 348 618 917 639 243 302 402 716 693 806 715 388 600 993 457 616 666 886 512 665 562 524 484 861 183 380 620 615 168 727 935 331 478 506 567 69 1008 678 892 297 703 732 264 418 654 186 135 522 228 620 692 862 560 46 655 782 758 255 812 775 764 438 568 710 462 476 730 537 548 250 748 281 823 542 307 863 609 628 965 627 577 312 291 571 252 230 906 728 762 420 362 419 476 811 816 459 76 654 432 538 903 534 242 685 748 517 748 444 650 527 753 897 221 339 344 483 178 843 426 130 426 802 129 298 489 588 527 363 486 901 858 255 774 553 354 799 507 839 947 313 210 690 640 547 642 668 778 306 593 530 873 144 600 539 374 235 844 536 
921 916 490 755 623 589 844 1015 639 -1 690 1065 556 692 754 748 1003 485 727 377 604 874 459 91 554 861 247 594 392 805 839 332 627 363 960 970 714 755 535 667 531 518 800 880 722 373 564 775 345 296 116 608 192 537 411 844 623 617 1067 913 133 937 895 954 861 844 617 259 652 802 682 712 865 549 417 516 542 621 792 274 785 719 770 925 669 483 754 457 691 751 479 153 812 661 782 620 708 367 978 751 662 1098 477 574 572 953 757 552 376 853 291 396 802 404 752 383 816 877 744 527 841 311 67 356 600 329 515 448 636 250 754 450 384 871 466 801 499 895 566 493 227 407 817 173 771 1022 455 905 620 341 452 338 1121 742 603 312 370 367 744 564 794 600 687 628 741 518 822 137 150 445 287 889 603 819 730 645 831 1156 792 609 756 425 706 921 210 668 972 75 679 333 688 115 823 499 829 495 561 687 740 461 
473 300 483 775 439 124 294 492 765 690 -1 585 139 290 128 280 395 423 115 427 217 209 484 599 665 549 468 108 676 525 215 399 270 331 535 578 765 532 225 59 165 213 582 393 178 317 523 602 459 431 610 142 544 377 282 227 320 149 629 226 695 426 473 603 511 154 591 660 153 296 644 69 187 434 339 267 206 812 261 434 127 549 162 344 542 357 198 719 684 342 556 538 227 154 332 719 150 405 399 624 87 569 260 328 198 406 412 289 352 442 408 622 160 550 66 327 648 190 238 174 200 380 647 562 482 366 517 578 240 491 84 369 466 598 313 115 283 586 749 197 574 309 144 537 662 536 273 537 76 425 238 373 629 140 551 592 500 373 700 237 490 637 390 113 889 469 455 554 570 426 443 199 211 714 45 227 616 642 401 180 198 490 624 378 485 245 502 634 27 653 205 626 135 672 345 248 392 583 78 270 
144 765 602 613 457 692 291 101 704 1065 585 -1 680 384 677 343 255 586 472 688 493 654 630 989 673 254 822 590 811 304 380 897 450 750 114 138 638 366 791 645 696 596 356 202 750 780 554 402 722 916 1037 723 1001 529 717 730 444 521 69 487 997 159 171 188 228 533 553 889 485 301 538 516 617 528 655 566 568 774 812 899 644 418 422 254 465 582 393 802 569 318 650 946 357 740 295 670 449 928 214 449 673 83 805 492 538 185 309 520 862 213 795 762 434 708 587 711 405 496 369 625 691 825 1001 753 497 774 595 690 825 968 509 615 689 288 607 515 845 247 747 679 856 686 625 893 467 49 807 189 642 724 717 745 56 700 536 804 712 704 535 814 296 607 379 696 771 570 249 940 915 624 780 538 795 478 550 450 354 96 273 763 757 661 495 208 918 421 94 1042 613 833 426 959 575 724 257 601 507 478 628 633 
552 383 431 755 430 43 394 595 721 556 139 680 -1 328 206 345 519 370 219 339 221 321 423 465 614 594 347 91 592 558 337 259 282 206 612 648 737 550 113 111 25 151 603 479 202 182 488 613 365 291 471 85 404 344 160 307 325 166 714 366 572 522 544 663 564 292 563 554 197 378 626 185 309 402 253 219 164 758 292 294 231 554 272 458 534 302 288 643 662 394 497 403 334 143 398 676 231 269 514 626 111 676 128 311 179 512 452 262 213 507 284 542 286 473 197 216 662 330 312 94 294 244 517 475 462 241 469 511 189 351 218 302 384 636 245 255 164 634 692 76 462 205 261 410 663 630 137 597 64 326 107 258 729 200 524 496 415 273 688 144 527 600 409 86 849 425 508 422 445 361 329 336 144 718 184 254 640 748 455 119 237 420 614 481 349 281 590 497 123 559 259 501 267 609 425 182 366 574 184 187 
242 571 287 504 178 354 167 324 522 692 290 384 328 -1 415 62 330 244 193 324 114 461 305 611 438 266 445 239 513 236 221 515 66 366 295 324 502 243 441 339 338 215 291 188 467 397 287 313 361 533 655 394 617 180 334 507 79 163 403 364 641 245 226 335 235 346 338 553 140 117 376 231 427 212 275 182 188 580 551 514 403 265 183 247 269 215 133 532 417 69 357 564 172 432 90 476 146 551 294 340 366 407 441 125 160 262 125 139 484 185 413 457 227 388 330 326 358 342 87 253 473 440 630 423 231 390 304 392 506 584 256 246 338 311 226 298 488 305 526 307 499 302 404 519 377 337 439 270 313 353 340 362 439 430 300 469 368 325 423 473 202 392 104 374 635 259 179 561 544 274 404 382 465 427 280 74 325 469 127 436 489 329 348 231 534 47 290 662 312 515 85 592 366 465 136 217 172 308 363 249 
579 180 605 903 567 167 393 579 891 754 128 677 206 415 -1 399 457 544 228 536 344 121 604 664 788 669 553 223 788 648 296 435 398 413 641 687 893 658 230 101 228 327 707 497 77 384 649 728 565 471 661 146 588 503 367 104 448 276 728 235 778 521 583 717 629 160 718 759 281 405 772 185 123 560 447 387 325 935 139 483 43 676 265 425 670 478 310 835 812 463 677 601 325 106 448 844 271 425 474 752 94 649 284 455 322 493 535 414 387 556 490 736 244 665 92 420 774 206 355 278 88 445 719 673 609 447 640 696 182 529 174 486 578 719 428 162 284 705 871 280 668 407 77 615 789 629 304 651 152 527 313 464 715 25 678 697 611 475 828 219 613 763 517 126 1016 593 574 623 650 544 535 186 180 841 138 355 740 722 520 158 80 607 752 469 544 372 602 691 112 760 330 705 116 792 454 362 518 711 53 379 
208 542 349 547 233 364 105 272 574 748 280 343 345 62 399 -1 268 306 170 384 152 430 367 665 495 269 500 253 575 251 168 554 121 411 266 303 548 272 458 335 359 254 315 141 458 438 344 343 421 574 706 401 663 242 376 483 141 181 370 316 700 194 199 324 230 309 390 615 148 55 422 214 394 273 330 232 226 634 538 558 381 303 145 185 315 275 93 592 463 65 418 616 118 431 53 528 130 585 233 376 363 357 466 187 195 205 139 196 519 164 464 519 186 450 310 375 384 298 44 282 447 485 687 485 286 438 364 453 511 627 230 306 400 320 281 265 509 306 582 337 559 351 377 575 412 294 467 257 318 411 374 414 395 417 354 531 430 380 463 486 215 446 148 378 684 320 174 615 601 336 460 341 473 458 261 108 345 422 120 442 477 391 391 173 582 81 250 715 306 577 85 650 335 525 85 262 234 352 346 296 
238 518 614 751 485 517 163 157 808 1003 395 255 519 330 457 268 -1 574 299 650 399 411 634 917 744 395 757 439 840 416 181 768 386 650 282 333 764 467 618 452 541 488 486 190 534 663 598 529 687 795 949 537 897 510 607 492 409 392 321 241 965 155 267 383 350 300 629 883 355 213 643 335 376 537 588 488 462 873 582 787 419 513 248 82 544 542 250 853 682 296 680 863 193 538 257 765 301 786 53 572 478 201 647 455 432 104 345 460 725 277 713 785 234 718 375 622 553 257 260 495 453 719 946 753 537 681 625 717 626 853 310 572 668 448 541 297 676 413 829 544 825 597 393 832 602 219 656 339 465 674 587 665 276 482 598 799 698 638 666 632 388 687 393 508 902 584 323 867 860 604 719 294 604 633 352 359 503 273 300 573 534 659 604 118 822 340 222 964 421 845 315 912 344 781 211 508 500 573 415 542 
443 722 61 394 138 412 412 548 351 485 423 586 370 244 544 306 574 -1 378 112 218 629 65 418 245 376 257 321 272 321 452 420 196 258 477 484 371 276 455 445 362 221 326 416 566 313 125 311 140 421 479 455 465 64 261 648 165 278 583 578 411 473 414 469 375 538 202 311 291 361 271 395 602 65 139 157 219 391 658 389 550 249 396 492 207 67 357 302 302 286 133 388 408 511 323 306 337 471 537 303 463 628 424 121 224 501 276 138 410 373 257 216 440 144 484 212 358 549 323 277 623 322 419 178 127 260 99 158 556 454 434 74 103 391 125 486 476 411 326 304 269 200 565 320 334 546 410 419 398 156 306 216 642 549 167 226 127 165 339 496 308 230 206 451 479 58 338 372 335 40 216 581 509 389 438 237 360 680 314 488 598 84 273 471 379 245 495 474 432 270 285 375 542 249 372 188 79 239 501 186 
358 377 435 695 361 223 180 381 701 727 115 472 219 193 228 170 299 378 -1 412 160 269 443 637 608 440 487 141 647 420 119 469 194 364 420 463 689 435 324 173 241 211 481 278 290 369 458 506 448 497 661 251 603 322 318 314 243 113 514 202 710 312 358 490 400 161 520 654 88 181 565 46 235 373 333 239 191 754 367 492 211 458 52 238 459 321 83 680 606 235 509 579 116 269 220 654 46 486 295 533 202 460 348 265 167 296 308 239 426 329 435 591 75 518 139 345 550 171 126 202 280 427 675 540 410 398 462 537 354 556 62 342 445 491 294 110 381 476 694 247 577 322 211 561 571 422 356 424 171 423 290 391 517 247 480 577 478 377 615 343 385 570 297 224 820 414 345 589 593 393 455 203 323 620 90 148 514 533 291 291 306 456 540 266 534 155 388 679 142 634 109 648 174 624 230 240 329 499 175 272 
544 716 141 476 250 383 487 643 407 377 427 688 339 324 536 384 650 112 412 -1 260 636 115 307 297 488 145 318 253 433 506 325 263 175 582 592 447 388 401 434 325 214 438 508 542 231 221 422 37 321 367 423 355 159 196 640 249 300 689 614 316 565 517 580 484 562 294 241 326 439 365 417 614 178 88 173 225 432 632 287 550 360 442 568 315 109 413 304 390 378 180 275 469 482 411 367 379 379 617 409 446 724 359 200 245 587 380 189 324 475 152 202 483 136 492 136 467 582 390 258 621 225 312 136 238 166 179 180 510 347 459 77 46 503 118 512 410 523 364 265 175 137 571 208 437 646 342 528 383 44 251 120 744 536 265 166 75 75 433 443 418 306 309 425 535 159 444 260 227 72 104 608 464 492 453 293 472 780 414 449 576 94 374 555 269 309 596 362 429 226 340 271 557 278 459 179 184 344 500 157 
354 515 276 559 223 251 240 424 550 604 217 493 221 114 344 152 399 218 160 260 -1 416 283 519 452 374 357 137 487 337 246 403 61 260 409 439 548 331 332 254 228 102 383 292 383 286 307 396 297 422 556 294 512 164 224 444 107 68 516 361 569 345 340 448 347 319 374 501 73 202 428 178 386 219 189 89 75 599 472 406 342 339 182 320 327 162 154 520 467 183 350 467 211 339 198 503 121 437 374 413 278 508 328 111 46 353 233 79 370 299 316 431 225 358 272 225 444 331 140 140 415 333 547 382 265 287 305 377 406 475 216 186 288 415 144 268 375 414 538 193 431 201 353 432 451 445 325 383 217 277 226 267 547 354 334 422 321 238 485 365 306 421 189 278 673 257 292 469 461 233 319 363 362 505 224 44 420 574 241 334 409 296 409 320 431 71 399 567 233 476 83 513 325 465 237 111 175 368 295 145 
578 114 689 964 630 285 392 553 966 874 209 654 321 461 121 430 411 629 269 636 416 -1 692 784 868 691 667 317 886 680 287 557 461 527 638 688 958 701 352 210 345 422 745 497 179 503 723 773 667 592 782 268 709 580 480 84 511 352 712 170 893 508 589 725 648 125 787 867 345 420 834 238 37 635 548 475 415 1016 184 605 89 727 285 401 729 566 336 928 875 495 763 721 330 225 472 919 316 546 440 802 212 612 406 527 405 470 570 493 509 570 605 831 247 759 145 530 815 157 386 380 51 564 838 772 677 561 721 786 291 651 206 579 676 745 523 164 404 725 954 392 778 514 64 732 839 609 425 663 261 633 428 575 684 139 747 801 709 580 884 338 645 836 566 246 1087 673 597 742 766 635 646 117 298 887 191 414 776 684 545 278 158 699 809 453 665 425 591 812 208 862 379 822 95 879 465 458 591 769 138 479 
490 783 31 361 172 466 473 600 301 459 484 630 423 305 604 367 634 65 443 115 283 692 -1 401 191 406 252 381 208 349 516 441 260 287 518 520 333 297 500 504 413 278 341 470 622 343 110 318 127 437 467 508 465 126 299 708 226 341 621 643 370 527 459 499 411 603 178 259 356 421 249 459 665 102 177 217 279 335 714 402 612 260 461 552 211 127 421 237 274 342 74 379 472 566 380 258 402 494 595 300 520 677 464 185 287 557 322 203 438 419 267 152 505 83 547 243 361 614 386 332 684 340 391 123 142 281 64 94 605 461 499 120 81 412 178 551 516 437 268 354 234 237 628 303 326 592 448 455 456 159 349 235 686 608 152 174 88 187 318 542 342 191 254 506 430 60 381 358 312 62 214 646 558 379 502 302 373 725 364 540 655 33 261 528 380 309 542 457 493 211 350 345 606 187 429 244 134 234 562 236 
845 827 431 723 556 498 759 935 617 91 599 989 465 611 664 665 917 418 637 307 519 784 401 -1 522 795 166 504 375 740 750 247 545 273 887 899 685 693 447 576 440 430 740 800 633 282 510 719 279 213 76 518 127 465 320 755 545 529 995 822 159 856 820 887 791 753 569 250 564 719 637 622 774 484 335 433 455 609 705 187 694 661 681 839 612 407 667 444 651 673 433 63 725 572 701 591 620 288 893 700 571 1018 388 497 485 870 684 471 289 777 204 367 713 358 661 295 762 786 659 437 751 220 69 314 539 239 461 407 550 175 663 375 322 809 384 710 414 830 548 402 185 319 725 98 723 945 367 835 529 266 361 252 1045 652 551 278 314 286 703 478 725 560 614 538 728 457 749 49 91 378 209 798 516 773 639 561 773 1078 716 521 668 368 657 838 120 585 895 56 587 315 602 95 732 473 747 409 490 634 649 374 
551 965 183 201 262 656 594 671 110 554 665 673 614 438 788 495 744 245 608 297 452 868 191 522 -1 420 407 566 173 369 659 618 413 473 559 542 162 306 692 690 605 466 324 559 811 529 151 283 293 609 597 699 613 288 490 892 368 517 644 799 434 610 517 505 445 769 120 300 524 541 150 631 839 234 369 402 463 147 903 571 792 255 615 665 209 312 568 136 144 449 118 520 611 756 489 72 563 673 697 241 708 737 655 342 466 651 400 376 621 485 440 157 660 173 724 432 305 774 525 522 865 518 489 210 208 462 148 122 797 623 667 312 253 401 368 718 706 438 87 545 336 428 805 435 245 646 638 484 643 334 541 417 725 794 145 244 236 373 199 734 380 67 352 696 238 196 439 490 430 254 379 810 750 280 677 460 341 769 445 731 843 203 189 628 536 458 600 575 676 225 503 441 778 60 533 433 278 196 743 427 
159 806 375 367 238 620 305 275 450 861 549 254 594 266 669 269 395 376 440 488 374 691 406 795 420 -1 632 506 567 56 408 756 314 594 143 121 388 116 706 602 602 467 102 213 727 637 314 148 516 767 853 660 831 333 574 750 282 430 224 554 776 240 127 93 46 567 301 658 405 271 284 484 654 311 481 415 443 520 807 742 649 166 409 337 216 395 360 552 315 206 411 761 362 696 221 415 398 798 341 196 629 325 702 319 419 290 141 362 731 125 620 523 443 477 579 549 161 546 313 514 713 668 794 524 264 610 360 451 772 810 497 426 477 55 438 528 750 39 493 566 640 527 642 696 217 235 697 66 579 529 592 572 305 686 289 576 493 524 285 739 72 354 195 640 524 345 95 748 712 417 589 591 732 240 530 340 109 350 148 702 746 439 241 282 745 314 195 850 573 596 345 749 597 474 228 458 306 224 615 483 
678 728 281 601 395 387 597 769 513 247 468 822 347 445 553 500 757 257 487 145 357 667 252 166 407 632 -1 364 302 577 596 222 380 140 720 733 567 534 366 456 325 276 583 633 539 178 362 566 125 205 221 417 212 299 187 652 378 375 828 681 227 690 653 723 626 618 429 220 409 555 500 479 652 323 170 269 299 522 622 167 577 505 527 678 459 241 509 368 520 506 301 130 567 476 535 479 465 277 731 551 458 852 312 330 327 706 518 305 240 610 63 270 563 233 533 143 611 646 497 295 641 133 189 202 383 107 316 285 479 215 521 208 171 649 219 571 354 667 455 274 123 165 605 75 578 778 290 669 406 102 240 96 878 546 404 191 175 120 568 405 561 432 448 430 636 302 583 117 105 217 42 664 436 631 503 398 617 912 549 431 574 222 513 673 130 420 728 220 461 251 441 160 603 371 582 250 326 486 529 217 
461 402 382 690 358 115 306 507 669 594 108 590 91 239 223 253 439 321 141 318 137 317 381 504 566 506 364 -1 569 472 260 328 198 231 520 556 676 468 204 124 106 105 521 388 249 229 429 534 350 356 522 156 463 282 183 327 245 76 623 318 590 432 453 573 474 254 501 551 105 288 559 118 296 340 231 164 102 713 340 351 232 476 191 373 462 254 200 613 597 303 454 444 250 202 306 623 143 348 430 550 144 589 216 240 104 425 364 195 286 416 306 515 214 443 174 221 582 283 221 68 304 289 547 454 395 266 418 473 268 415 159 263 359 549 206 207 255 545 648 106 466 202 253 435 588 540 220 507 81 316 150 268 639 228 461 483 392 265 619 234 440 543 326 141 795 371 418 457 468 321 337 300 226 642 140 165 557 660 364 197 278 384 544 393 396 191 499 543 112 544 168 524 242 569 334 140 300 503 182 162 
678 969 226 368 361 636 680 793 247 392 676 811 592 513 788 575 840 272 647 253 487 886 208 375 173 567 302 569 -1 512 724 524 469 410 697 688 325 451 645 687 576 463 480 669 795 462 257 443 227 506 452 675 484 335 442 893 434 541 791 848 265 724 645 657 584 804 272 132 559 628 320 659 862 303 341 412 471 233 884 468 801 402 668 758 351 326 629 68 317 545 162 388 680 734 584 231 608 579 799 406 699 866 598 393 485 758 513 408 539 608 353 56 712 129 741 381 472 819 595 510 873 432 331 116 315 387 219 123 757 506 700 308 210 557 363 753 645 591 174 517 197 388 821 303 415 778 578 626 636 269 499 350 865 789 278 111 177 321 373 687 515 233 452 678 352 255 565 353 289 254 289 849 711 453 699 510 502 908 558 699 829 191 355 731 418 517 729 425 681 60 558 286 804 113 632 428 341 351 751 409 
191 794 319 335 183 588 306 311 407 805 525 304 558 236 648 251 416 321 420 433 337 680 349 740 369 56 577 472 512 -1 405 708 276 546 190 176 351 62 669 575 565 425 70 227 703 590 257 112 461 718 799 629 779 280 528 734 239 397 279 553 719 264 156 149 77 558 249 602 376 265 239 463 644 256 430 369 403 476 786 692 632 114 396 350 162 343 345 499 273 186 355 707 356 668 209 369 377 751 364 157 602 370 661 271 381 313 112 317 685 139 567 467 434 420 560 499 140 542 296 475 699 618 738 468 208 559 303 394 741 760 481 373 421 78 389 516 711 90 444 525 583 479 628 641 186 279 655 115 548 475 549 520 356 665 234 519 437 472 250 703 35 303 151 610 489 289 94 693 656 362 535 585 699 220 511 307 95 400 136 670 723 383 196 299 692 283 235 796 548 540 319 693 585 420 229 414 252 174 595 436 
291 402 502 715 399 335 105 283 742 839 215 380 337 221 296 168 181 452 119 506 246 287 516 750 659 408 596 260 724 405 -1 588 255 479 352 401 717 435 437 274 359 321 473 210 369 487 508 506 543 616 777 357 721 389 434 355 294 221 432 149 814 226 302 437 364 161 558 747 187 140 591 153 249 431 433 334 297 801 432 610 264 470 69 130 484 405 95 749 632 228 575 694 50 364 196 696 130 605 183 541 301 356 465 331 269 196 300 320 545 285 547 668 55 596 206 456 544 137 134 319 317 544 785 625 452 512 522 607 452 675 132 431 532 463 390 134 495 440 747 366 677 432 248 671 577 333 474 376 284 523 409 501 419 319 521 666 565 481 631 452 370 613 317 329 853 476 315 702 701 474 561 182 427 621 175 215 500 429 268 395 376 535 559 173 650 207 307 794 242 719 167 755 199 685 180 345 388 521 248 379 
758 588 464 802 538 280 627 823 727 332 399 897 259 515 435 554 768 420 469 325 403 557 441 247 618 756 222 328 524 708 588 -1 452 164 811 837 772 679 207 361 234 301 732 695 394 119 543 726 324 36 228 289 152 435 182 518 474 382 919 625 393 746 742 840 738 550 618 433 419 600 688 441 554 479 284 342 328 741 460 63 471 663 520 700 626 372 523 590 715 584 504 188 577 335 601 690 468 55 757 722 349 907 151 437 358 746 622 394 48 700 178 491 541 446 452 211 775 589 533 276 519 100 314 421 545 160 504 496 304 94 476 349 366 785 320 515 167 795 674 224 338 230 505 242 754 848 131 778 322 284 182 206 949 420 586 413 382 256 757 233 684 632 560 313 852 476 686 221 273 388 240 592 273 810 443 447 769 975 640 282 428 418 693 714 131 475 803 261 380 473 474 318 521 588 640 300 463 660 432 273 
308 565 247 505 169 313 223 389 506 627 270 450 282 66 398 121 386 196 194 263 61 461 260 545 413 314 380 198 469 276 255 452 -1 300 359 385 497 269 392 312 288 154 322 254 441 334 264 336 300 469 589 355 551 134 270 496 50 126 467 386 579 310 289 391 289 356 326 498 118 176 375 222 429 179 210 115 129 559 529 449 393 280 202 304 271 155 160 494 415 133 320 498 212 399 156 459 149 489 354 355 336 473 387 75 104 326 174 75 422 247 346 412 248 341 321 260 384 360 128 199 465 375 566 371 215 324 270 352 467 519 256 185 282 354 161 305 435 354 501 251 438 236 400 454 392 403 383 327 278 290 280 296 505 410 286 415 313 259 429 427 245 376 127 339 626 223 235 496 479 221 339 396 424 446 271 46 358 535 187 396 466 280 353 294 467 48 356 596 289 465 90 529 368 433 202 152 136 312 348 183 
608 588 307 647 374 246 497 684 583 363 331 750 206 366 413 411 650 258 364 175 260 527 287 273 473 594 140 231 410 546 479 164 300 -1 658 681 620 515 236 316 184 162 568 552 400 56 383 562 186 172 299 278 251 270 48 512 316 258 767 550 366 606 589 680 578 483 459 352 295 462 529 349 513 316 120 185 188 606 485 149 437 499 409 575 462 208 400 469 558 433 355 215 457 337 455 543 350 213 630 559 318 769 188 275 219 613 463 235 152 547 78 366 440 308 395 47 611 514 398 164 501 74 316 295 382 35 347 355 348 218 390 186 221 622 156 438 237 633 538 135 258 67 465 206 591 703 169 620 266 143 99 60 804 406 425 304 244 100 597 277 522 478 400 289 711 315 529 225 240 229 127 529 303 647 369 304 605 834 485 295 436 269 531 580 172 330 656 315 323 368 339 296 465 451 497 149 299 497 389 116 
62 753 489 509 345 630 249 139 594 960 535 114 612 295 641 266 282 477 420 582 409 638 518 887 559 143 720 520 697 190 352 811 359 658 -1 52 531 252 725 593 625 511 246 144 709 693 440 292 615 828 938 665 906 423 629 708 345 447 108 483 887 134 69 101 113 513 439 777 415 239 426 466 600 417 556 473 484 663 779 807 614 304 377 245 351 479 337 688 459 226 536 846 316 690 214 558 389 846 230 339 622 182 732 391 455 182 202 424 780 111 697 649 399 596 549 616 300 483 302 546 669 733 895 641 384 680 482 576 772 877 467 511 580 184 509 485 776 144 634 601 747 593 600 790 360 92 732 76 582 620 635 647 168 662 421 692 602 604 427 752 181 493 273 640 666 458 138 838 810 517 677 527 738 377 506 367 248 211 173 706 721 550 383 189 821 338 61 940 562 720 352 852 551 609 190 512 399 364 589 542 
110 803 490 475 348 668 297 187 568 970 578 138 648 324 687 303 333 484 463 592 439 688 520 899 542 121 733 556 688 176 401 837 385 681 52 -1 500 237 761 635 660 539 220 191 753 718 433 266 624 852 954 704 926 434 654 756 365 482 103 534 890 186 104 52 109 563 423 776 451 282 403 509 650 421 574 496 512 638 826 830 661 288 422 297 338 493 380 674 433 256 530 861 363 732 250 535 429 874 282 312 664 216 765 408 485 234 217 445 807 140 715 642 446 594 595 637 267 534 341 578 717 755 903 641 381 700 478 570 813 899 513 525 586 150 528 532 810 109 613 632 752 614 648 801 329 132 764 64 621 632 664 666 185 707 410 692 606 620 397 790 177 475 285 680 632 459 152 851 819 524 691 578 777 340 551 398 216 230 197 746 767 553 360 240 840 370 111 954 605 715 388 859 599 595 233 537 408 346 635 565 
542 1062 315 43 328 778 634 661 89 714 765 638 737 502 893 548 764 371 689 447 548 958 333 685 162 388 567 676 325 351 717 772 497 620 531 500 -1 297 826 799 732 586 286 573 926 676 249 240 449 765 759 822 775 394 630 993 447 616 595 864 591 615 508 453 426 848 174 457 615 583 125 720 925 336 507 518 577 151 1017 729 890 251 685 692 232 436 634 270 84 490 268 682 666 875 526 94 643 826 712 193 820 713 794 438 573 662 424 481 771 488 595 318 729 334 819 576 234 844 586 643 963 672 650 372 283 613 274 282 926 783 752 445 405 350 496 798 847 391 164 675 499 568 897 597 171 623 780 454 757 487 677 568 684 902 215 406 393 520 103 867 376 141 400 814 138 314 440 653 593 392 536 884 879 172 769 544 284 730 466 857 955 353 160 645 697 534 583 738 781 382 580 603 864 214 562 556 375 195 844 558 
249 812 266 285 141 582 343 371 347 755 532 366 550 243 658 272 467 276 435 388 331 701 297 693 306 116 534 468 451 62 435 679 269 515 252 237 297 -1 657 579 554 409 54 276 707 562 199 71 414 686 755 625 740 244 502 749 225 395 340 585 665 319 215 207 139 581 186 544 379 296 179 474 665 210 396 347 388 416 794 657 646 51 417 396 100 308 365 437 216 208 296 664 385 668 239 309 389 725 415 107 604 431 644 247 370 365 134 296 659 191 529 407 458 364 573 467 115 570 315 461 715 585 688 412 154 525 246 335 736 724 497 335 372 115 359 536 695 142 383 509 531 449 646 594 141 341 636 177 547 432 529 484 419 673 173 463 385 434 200 694 79 241 143 609 435 237 143 648 607 316 492 613 693 186 523 307 91 463 172 665 731 330 138 348 653 287 295 749 554 481 328 642 605 358 268 392 216 113 606 411 
665 381 513 847 532 102 503 704 801 535 225 791 113 441 230 458 618 455 324 401 332 352 500 447 692 706 366 204 645 669 437 207 392 236 725 761 826 657 -1 173 104 250 711 591 186 189 578 719 419 243 435 89 360 439 205 310 433 279 827 440 577 632 658 777 677 362 655 586 310 490 720 284 352 495 323 316 268 832 259 261 269 658 377 563 634 390 398 703 755 507 573 384 441 128 511 758 341 194 619 728 153 784 58 413 288 620 564 364 160 621 304 600 383 537 264 265 768 405 424 196 312 239 508 530 558 263 553 580 112 300 309 382 448 747 330 336 58 746 764 152 489 265 304 416 764 742 80 710 153 376 151 296 839 213 616 541 475 327 785 41 638 686 519 117 930 512 621 412 450 438 362 400 70 820 269 366 748 857 568 75 221 490 713 590 326 394 703 468 200 605 373 503 327 679 537 274 464 673 235 268 
531 281 506 812 477 80 353 552 793 667 59 645 111 339 101 335 452 445 173 434 254 210 504 576 690 602 456 124 687 575 274 361 312 316 593 635 799 579 173 -1 135 226 629 451 129 293 553 647 463 395 580 86 510 406 269 205 361 186 688 268 682 485 530 659 565 190 625 659 199 353 681 128 198 464 346 288 226 837 218 402 121 592 222 403 581 378 256 734 720 395 578 513 287 96 387 748 206 361 457 667 28 628 215 361 226 465 463 318 313 498 394 634 218 564 92 321 694 232 294 176 187 355 628 571 517 351 542 596 180 455 141 385 477 650 328 163 231 640 772 182 569 306 149 521 704 595 231 593 51 426 218 365 688 104 584 596 509 374 739 180 541 667 436 56 920 495 509 533 556 444 436 231 153 758 99 271 664 702 455 121 155 506 663 438 459 293 562 607 31 659 256 611 159 692 403 261 424 622 73 277 
567 403 422 751 430 62 412 613 713 531 165 696 25 338 228 359 541 362 241 325 228 345 413 440 605 602 325 106 576 565 359 234 288 184 625 660 732 554 104 135 -1 149 608 494 219 158 483 616 349 266 446 98 379 340 140 327 329 178 729 392 549 539 557 674 574 318 559 534 211 395 622 208 334 398 240 216 165 748 307 269 255 555 293 478 533 295 306 629 658 405 487 378 354 157 411 668 249 246 535 626 134 695 109 311 184 531 461 262 188 519 262 527 309 460 222 197 665 355 327 92 316 220 493 460 459 218 461 499 193 326 242 292 370 643 237 280 150 642 681 60 441 188 285 387 663 647 115 608 90 308 85 238 746 221 520 478 401 256 686 140 534 593 415 105 841 418 518 397 422 351 309 361 146 719 209 263 644 766 465 126 254 408 613 500 323 291 606 472 149 542 273 477 292 597 440 176 364 573 209 177 
457 506 282 603 282 192 335 525 572 518 213 596 151 215 327 254 488 221 211 214 102 422 278 430 466 467 276 105 463 425 321 301 154 162 511 539 586 409 250 226 149 -1 463 395 345 184 336 468 246 320 461 235 412 192 122 431 186 99 618 408 499 447 441 546 444 351 411 450 134 302 474 207 400 250 127 67 27 612 436 305 338 407 251 413 384 153 238 508 510 284 352 375 296 290 300 527 190 335 468 478 242 609 236 163 58 451 328 114 268 400 226 410 286 338 278 135 518 374 237 57 409 233 465 349 310 192 320 369 341 374 250 159 253 504 101 301 286 507 547 100 368 111 358 350 514 548 230 482 177 215 125 180 649 330 372 379 287 167 537 289 397 449 274 229 699 274 390 381 381 217 243 397 294 570 239 146 500 676 341 271 376 280 463 419 334 174 502 475 217 440 177 436 344 466 340 35 215 424 287 61 
257 857 310 267 194 635 376 375 348 800 582 356 603 291 707 315 486 326 481 438 383 745 341 740 324 102 583 521 480 70 473 732 322 568 246 220 286 54 711 629 608 463 -1 297 758 616 237 46 462 739 804 678 791 298 556 796 279 447 321 622 705 333 223 180 140 623 209 581 430 333 182 522 709 260 449 402 443 418 843 710 693 81 460 421 133 361 408 459 213 249 331 713 423 720 276 314 436 779 433 93 656 428 699 302 424 382 175 350 714 209 581 440 500 403 621 521 70 609 359 515 761 639 732 451 201 578 286 370 789 777 543 387 418 77 413 580 749 113 393 563 574 502 691 642 117 338 691 169 599 482 584 536 405 722 205 502 429 486 183 748 103 257 195 661 422 283 165 696 653 365 542 653 746 149 571 358 36 451 205 718 780 375 139 370 704 337 297 797 604 515 376 686 650 380 299 447 269 129 654 466 
81 612 445 561 307 493 105 135 618 880 393 202 479 188 497 141 190 416 278 508 292 497 470 800 559 213 633 388 669 227 210 695 254 552 144 191 573 276 591 451 494 395 297 -1 565 579 418 339 544 715 844 526 803 354 517 565 258 318 237 348 823 57 93 228 166 372 442 727 283 100 453 324 459 368 464 370 367 685 635 699 470 322 233 124 355 399 196 674 491 130 506 753 172 548 98 576 250 725 139 382 480 218 603 307 336 92 159 328 659 88 601 615 255 552 405 514 366 344 167 422 526 626 818 593 357 577 450 545 632 768 323 431 516 268 415 341 643 238 643 477 681 489 456 707 412 153 605 169 444 539 514 551 254 518 413 642 543 513 475 615 197 500 216 500 712 414 133 750 731 451 592 389 598 446 363 248 317 282 113 567 577 498 413 72 721 221 111 851 420 680 223 778 408 600 55 402 337 383 445 435 
646 194 627 940 606 159 462 653 917 722 178 750 202 467 77 458 534 566 290 542 383 179 622 633 811 727 539 249 795 703 369 394 441 400 709 753 926 707 186 129 219 345 758 565 -1 363 678 776 568 430 622 122 546 531 358 124 490 315 798 312 758 592 648 780 689 237 751 752 328 470 809 244 192 590 455 410 349 957 91 448 119 721 332 499 710 498 373 846 847 520 697 570 394 62 509 871 328 376 549 796 105 724 245 489 353 566 590 445 347 619 475 744 315 676 162 417 823 283 415 290 132 420 693 678 644 432 664 712 111 486 242 502 587 776 444 238 231 764 891 278 658 407 151 595 833 701 266 714 169 527 301 456 789 52 711 698 618 475 867 164 668 792 564 117 1044 618 633 596 630 561 526 261 123 887 202 400 792 798 579 112 35 621 792 541 512 421 672 655 154 761 383 684 193 809 520 378 550 751 121 388 
640 555 362 703 423 217 516 709 639 373 317 780 182 397 384 438 663 313 369 231 286 503 343 282 529 637 178 229 462 590 487 119 334 56 693 718 676 562 189 293 158 184 616 579 363 -1 438 613 241 136 294 243 234 320 63 480 355 271 801 542 395 631 623 721 619 472 514 397 309 485 584 347 492 368 173 222 212 662 444 123 413 549 417 591 514 259 414 523 613 466 411 220 470 300 484 599 361 162 648 611 291 793 136 319 242 634 503 275 98 581 115 420 443 364 379 101 662 506 419 168 472 62 335 349 434 75 403 411 301 190 386 239 277 668 203 430 183 676 594 123 300 115 443 232 644 732 116 659 246 198 80 114 833 375 480 355 299 156 652 228 565 534 442 259 767 370 567 239 267 285 174 516 258 701 359 330 653 860 521 254 398 325 585 601 168 358 686 316 305 418 360 321 449 507 524 181 348 550 367 154 
421 822 81 269 112 529 445 538 243 564 523 554 488 287 649 344 598 125 458 221 307 723 110 510 151 314 362 429 257 257 508 543 264 383 440 433 249 199 578 553 483 336 237 418 678 438 -1 210 237 542 577 572 574 146 387 750 217 374 536 648 467 472 388 406 327 620 77 345 377 392 146 484 692 88 265 269 329 295 770 508 649 156 464 517 104 188 417 256 177 301 97 489 459 626 341 196 413 595 553 190 573 610 549 195 326 509 259 234 535 352 373 209 509 165 580 337 252 623 374 394 722 443 497 213 60 382 49 137 676 569 519 200 191 312 248 569 601 341 239 426 337 325 660 412 216 521 535 370 509 266 431 337 608 656 43 264 195 286 214 619 258 114 204 565 367 67 308 468 420 154 323 660 629 270 531 310 267 651 305 608 708 141 152 484 489 307 472 566 536 282 353 449 631 183 387 307 131 124 601 310 
302 883 288 222 190 647 413 421 302 775 602 402 613 313 728 343 529 311 506 422 396 773 318 719 283 148 566 534 443 112 506 726 336 562 292 266 240 71 719 647 616 468 46 339 776 613 210 -1 443 731 785 690 776 292 554 820 289 462 365 656 676 377 268 224 186 653 171 549 448 367 137 545 737 248 442 405 450 372 863 700 717 63 488 461 107 354 437 418 167 279 300 696 456 735 310 269 460 774 476 47 672 474 702 305 434 426 205 354 710 251 569 405 530 374 644 515 49 641 387 523 786 630 707 422 184 569 260 337 801 765 568 378 398 118 409 608 754 157 349 568 548 498 717 621 73 384 693 215 614 466 585 526 451 742 173 472 406 475 138 756 142 216 211 675 377 263 205 676 631 350 526 684 757 115 594 375 59 496 240 730 800 351 95 411 690 356 343 776 623 480 398 660 677 340 336 449 264 92 676 465 
578 745 156 481 278 408 524 678 402 345 459 722 365 361 565 421 687 140 448 37 297 667 127 279 293 516 125 350 227 461 543 324 300 186 615 624 449 414 419 463 349 246 462 544 568 241 237 443 -1 316 342 447 337 193 214 669 285 336 722 650 280 601 551 609 515 597 305 205 362 476 375 451 646 205 119 209 260 421 657 280 581 382 479 605 335 146 450 284 397 413 180 253 506 507 447 365 416 379 654 427 473 760 374 236 280 623 413 227 328 509 146 180 520 123 524 154 487 617 427 287 650 224 279 111 261 170 191 172 530 336 494 114 45 529 154 546 423 551 353 289 138 160 603 180 453 680 355 559 412 43 271 127 778 563 279 133 58 93 444 461 448 310 342 451 529 179 477 234 195 99 88 642 484 506 486 330 495 815 449 471 602 98 388 592 253 347 630 335 460 195 377 237 590 266 496 212 216 361 530 188 
776 624 462 796 545 314 651 845 716 296 431 916 291 533 471 574 795 421 497 321 422 592 437 213 609 767 205 356 506 718 616 36 469 172 828 852 765 686 243 395 266 320 739 715 430 136 542 731 316 -1 192 324 116 441 199 554 488 406 936 657 362 767 758 853 751 583 615 409 443 621 686 470 589 483 290 356 348 727 496 38 506 667 547 725 628 378 548 573 711 601 496 155 603 371 620 680 494 78 782 724 384 929 186 448 379 769 635 407 83 716 170 476 569 435 486 218 779 621 555 300 554 100 281 407 548 161 501 486 339 60 507 353 360 795 329 546 203 806 660 250 316 239 539 216 755 868 167 792 355 278 207 205 970 456 585 395 373 256 755 269 695 626 572 348 840 476 700 190 245 387 229 625 309 811 475 466 775 997 656 318 464 412 693 737 100 494 822 226 413 453 496 288 554 575 660 316 470 661 466 286 
