200
-1 938 524 893 766 835 818 237 590 160 1041 716 760 906 615 425 442 558 842 705 883 1056 692 277 600 189 396 575 669 344 729 942 702 758 497 379 684 392 402 862 635 546 693 642 348 316 256 764 495 271 253 765 629 329 440 602 837 919 161 742 114 663 826 866 642 844 587 835 638 529 597 382 71 461 124 745 652 474 610 720 794 775 691 408 546 808 374 704 712 635 936 573 452 940 633 628 949 201 818 856 1008 862 688 527 513 432 303 881 521 914 754 996 604 843 136 328 592 181 197 430 714 803 782 684 573 806 326 902 570 776 835 704 638 449 476 677 879 884 760 204 937 591 406 151 311 682 879 983 356 542 496 749 706 620 695 479 1074 410 543 665 494 570 500 286 541 274 383 481 756 928 233 861 394 368 561 654 646 188 713 788 608 868 1012 660 662 875 569 434 800 208 663 272 743 539 888 438 877 705 799 273 
938 -1 628 126 357 242 121 739 361 1005 183 317 534 273 390 566 535 657 370 695 429 167 413 835 450 990 739 385 476 595 269 113 567 538 441 560 414 590 572 371 330 399 495 298 694 743 755 300 700 678 901 224 477 799 734 339 267 321 790 392 875 355 388 335 532 99 357 531 782 416 546 842 891 732 844 404 346 550 414 260 572 277 598 661 784 272 634 351 234 464 50 431 511 183 305 323 74 862 185 96 183 206 382 445 444 525 668 255 417 287 445 87 581 120 891 752 649 760 752 684 296 335 333 794 388 143 626 128 548 191 127 532 645 563 489 720 67 98 326 783 147 690 539 798 635 302 488 115 735 483 446 217 369 351 243 504 150 755 395 352 558 690 690 660 482 664 573 595 239 178 705 288 565 640 541 290 449 919 250 509 595 563 98 623 400 185 499 506 357 817 292 720 480 698 59 617 61 548 451 756 
524 628 -1 527 683 423 521 488 311 667 646 314 795 754 241 490 194 52 368 854 827 675 651 631 177 679 645 283 678 363 358 692 771 238 347 319 229 194 463 776 491 308 191 429 558 210 268 640 696 300 666 404 159 641 678 354 411 791 374 277 542 568 757 758 133 569 423 850 200 406 665 714 524 110 399 697 544 129 560 548 845 366 167 116 162 665 171 283 490 635 600 208 443 538 400 460 676 597 613 531 607 675 254 470 438 237 249 452 335 468 262 711 83 592 575 598 738 429 348 627 577 703 337 236 463 552 421 665 81 437 500 749 121 521 224 188 560 537 655 320 551 102 387 465 294 327 858 613 174 157 299 544 631 293 442 481 717 151 377 275 570 750 62 408 544 342 242 70 580 717 362 725 431 515 626 457 187 634 383 801 713 893 659 775 231 674 128 301 714 558 355 257 747 730 603 570 578 185 774 551 
893 126 527 -1 429 118 123 716 303 978 149 212 607 380 302 562 465 551 244 755 526 163 467 827 353 968 748 320 529 561 175 233 629 415 406 517 303 521 561 466 342 348 378 283 691 666 687 367 725 624 891 132 370 799 751 295 142 428 738 274 844 392 475 432 420 152 344 616 668 398 586 850 853 635 789 473 376 467 442 297 649 162 479 576 677 352 560 243 243 507 81 346 501 76 277 323 198 844 258 73 122 300 274 446 435 464 606 129 377 164 323 212 471 191 864 749 691 722 700 697 342 416 212 677 389 184 601 235 445 117 70 595 531 566 423 603 82 35 394 721 50 580 513 762 583 218 582 90 652 395 398 254 424 278 224 503 192 664 368 257 574 728 589 630 500 619 514 503 291 292 660 384 547 634 572 287 342 899 180 587 640 652 132 677 295 283 402 460 437 798 230 654 550 731 146 626 119 429 532 743 
766 357 683 429 -1 492 308 531 377 780 539 475 178 154 470 340 508 730 613 338 143 525 80 576 535 753 451 404 133 448 427 276 210 719 349 444 558 545 364 100 191 375 645 260 441 695 675 62 384 567 644 407 587 527 432 333 518 154 656 575 672 119 74 100 652 278 260 192 879 290 218 548 701 755 711 47 141 560 157 153 220 481 740 653 842 86 596 503 225 143 395 485 322 505 292 223 309 627 174 355 532 160 525 252 277 474 585 534 352 579 632 349 679 243 675 490 310 588 624 395 111 39 543 908 229 244 443 239 626 374 367 176 758 318 465 842 352 395 35 678 474 778 382 614 526 417 179 468 706 529 390 184 61 411 275 288 498 754 310 469 283 353 733 486 225 528 503 622 141 221 561 107 377 403 232 233 568 682 373 158 256 233 455 271 526 182 571 417 35 590 363 639 123 368 301 347 319 701 106 518 
835 242 423 118 492 -1 192 681 258 935 223 120 664 473 221 551 394 442 131 797 607 252 514 804 257 930 743 264 571 520 110 342 675 297 375 471 194 448 544 546 362 305 262 286 675 581 611 430 736 563 864 95 264 783 753 268 27 521 675 157 798 428 548 515 307 239 341 685 552 385 615 842 802 532 723 531 407 381 468 343 710 60 362 485 567 425 480 142 275 542 199 265 486 115 268 334 311 811 336 163 185 388 169 445 427 402 536 51 343 96 204 329 361 277 822 733 718 674 638 697 390 487 94 560 393 255 569 336 341 119 137 642 416 562 358 486 186 143 456 650 129 467 483 714 525 156 659 193 562 308 353 307 473 218 237 498 297 566 347 171 581 751 485 590 512 567 451 409 350 395 607 468 524 618 593 301 236 864 150 649 670 724 242 716 194 375 304 414 507 764 195 580 606 748 249 624 219 311 599 718 
818 121 521 123 308 192 -1 623 241 888 256 224 485 281 280 456 416 555 322 632 415 257 344 724 344 875 636 265 406 476 171 172 506 465 321 439 322 470 459 355 226 278 409 180 585 624 635 246 607 557 790 131 378 692 636 217 219 329 668 314 757 269 359 322 438 51 241 498 688 299 464 739 771 621 723 351 255 434 322 174 529 201 513 545 681 235 515 258 125 385 123 318 398 199 185 212 155 748 144 51 239 196 288 336 330 404 547 228 296 271 371 193 482 86 774 643 569 640 631 584 218 299 265 705 278 64 509 153 444 91 58 472 553 456 369 632 64 92 273 662 172 592 421 678 513 193 469 185 618 371 325 131 301 235 123 395 260 642 276 248 459 607 582 542 383 543 452 482 169 211 584 275 449 530 452 177 351 804 138 467 517 536 199 554 302 184 392 385 320 702 173 599 428 611 82 513 61 465 413 643 
237 739 488 716 531 681 623 -1 422 266 865 573 524 676 479 191 330 536 721 486 646 875 456 143 489 252 191 417 432 161 570 727 468 687 309 213 571 300 173 626 417 376 609 442 118 334 274 534 279 189 188 597 534 158 233 421 690 685 181 626 141 434 590 632 570 641 382 599 659 323 361 231 170 475 221 509 427 387 378 502 560 626 642 380 578 579 316 570 506 398 745 446 230 774 440 418 740 130 600 667 836 638 563 303 297 299 241 731 340 771 654 787 550 634 152 125 366 86 175 207 489 569 650 703 356 600 114 686 500 600 650 468 609 213 342 672 687 700 528 239 763 582 203 91 196 525 642 800 371 435 327 535 472 463 499 250 883 438 349 525 257 353 493 92 306 146 263 424 536 705 129 629 174 131 324 449 542 183 541 551 376 633 822 432 541 653 477 268 565 83 491 257 506 323 684 202 678 639 562 67 
590 361 311 303 377 258 241 422 -1 679 451 158 511 443 99 302 174 356 317 606 519 466 358 547 158 672 494 28 398 262 148 398 500 359 119 215 200 228 291 466 189 46 279 118 421 384 393 330 503 321 606 176 213 528 510 44 269 479 434 239 544 269 450 447 277 280 128 556 503 145 412 590 551 398 487 397 244 202 278 237 561 206 366 310 473 353 274 168 179 359 351 108 237 353 88 155 392 553 305 271 419 365 176 216 189 164 307 309 87 350 287 433 301 295 566 478 506 420 397 453 268 393 241 530 181 254 310 366 248 186 247 473 380 319 127 464 297 295 347 422 347 401 225 461 279 103 556 393 380 154 96 234 331 48 136 258 487 410 104 121 349 532 367 332 293 316 213 258 268 413 357 413 268 365 380 146 198 606 123 510 467 599 424 522 166 367 193 158 407 506 73 358 457 523 321 381 303 332 475 460 
160 1005 667 978 780 935 888 266 679 -1 1127 822 737 930 723 450 556 705 960 648 879 1139 701 214 719 41 350 670 665 418 826 991 674 894 572 464 803 512 437 869 683 633 825 708 338 465 401 791 448 385 157 856 755 271 388 683 942 934 293 861 136 693 831 879 776 907 648 811 794 589 583 296 143 614 274 751 688 599 634 766 763 878 834 550 703 836 506 814 772 639 1011 684 496 1033 705 684 1005 152 864 932 1098 899 802 568 563 537 428 984 601 1021 880 1052 743 900 114 294 550 262 321 399 750 819 894 840 622 866 379 950 704 861 915 684 785 465 582 830 952 964 781 349 1025 742 467 221 416 779 865 1064 506 662 583 801 724 716 765 512 1149 564 613 771 497 519 650 348 559 369 491 617 799 967 331 883 440 379 555 715 769 100 801 769 579 839 1087 621 778 915 695 521 812 192 750 410 732 488 951 433 944 842 792 262 
1041 183 646 149 539 223 256 865 451 1127 -1 341 716 453 439 708 608 663 307 875 610 38 589 975 481 1117 892 465 652 709 314 288 747 492 556 666 417 663 709 554 483 496 476 429 838 802 828 480 864 771 1039 276 487 945 893 444 235 500 884 374 993 523 571 518 526 265 491 714 763 546 717 995 1002 756 934 585 510 602 578 426 755 283 569 708 786 454 699 366 382 636 143 483 648 108 425 466 247 993 364 205 39 389 393 591 582 610 749 196 526 198 410 230 581 297 1013 896 822 871 846 840 467 517 310 764 533 307 750 310 565 266 215 712 629 711 567 691 195 167 506 864 103 684 662 911 730 360 670 72 785 529 546 382 545 422 371 649 101 790 516 390 715 861 708 779 640 767 659 632 412 356 808 471 696 781 707 431 459 1048 327 692 769 746 93 801 418 368 528 609 539 947 378 796 662 866 237 769 222 519 634 892 
716 317 314 212 475 120 224 573 158 822 341 -1 632 493 101 461 274 341 160 747 606 366 478 702 141 818 653 156 527 411 52 395 632 248 277 360 98 328 449 547 310 202 186 228 579 462 490 417 659 445 759 94 160 686 668 182 120 538 556 100 685 387 541 520 216 275 269 666 466 300 556 749 687 422 603 506 363 261 413 321 681 59 289 367 467 425 360 34 249 493 286 145 396 233 201 277 373 703 348 222 304 408 65 369 344 286 417 164 245 199 157 403 263 306 710 636 655 559 519 611 364 479 83 481 324 272 464 377 233 132 190 602 330 477 240 408 250 223 440 530 241 373 382 600 408 62 652 300 444 188 247 297 442 111 199 415 404 452 260 51 504 683 377 481 442 452 334 292 340 433 491 477 426 523 528 251 131 754 102 624 611 707 344 663 83 401 189 304 497 656 118 460 575 677 302 539 274 242 580 615 
760 534 795 607 178 664 485 524 511 737 716 632 -1 295 609 358 606 846 779 172 165 701 154 523 669 704 387 535 117 495 589 445 65 867 448 510 706 630 388 190 325 496 790 405 412 763 729 239 294 617 585 575 724 467 353 469 688 267 682 731 653 246 157 221 788 457 383 75 995 389 163 464 690 851 734 134 270 667 236 320 49 647 877 743 946 262 678 657 389 160 573 615 372 683 435 359 481 588 352 533 710 331 676 326 358 566 648 708 461 753 786 518 806 421 647 444 195 599 658 338 273 200 707 1029 335 422 468 412 750 544 543 56 885 326 570 969 530 573 212 720 653 895 438 615 583 571 131 646 783 651 495 357 191 552 435 331 671 840 421 618 273 236 838 509 260 569 582 728 316 384 593 258 413 395 202 381 710 637 534 37 157 109 631 130 672 353 698 502 178 561 515 696 57 262 479 322 497 844 90 490 
906 273 754 380 154 473 281 676 443 930 453 493 295 -1 520 484 600 796 603 467 159 430 234 728 588 905 606 471 285 575 441 165 345 741 452 562 588 645 504 107 287 456 678 327 592 801 790 142 537 689 797 408 633 680 586 401 500 48 786 590 817 243 137 73 697 233 353 270 940 399 372 702 845 840 842 194 256 642 297 210 321 481 779 745 916 100 696 527 264 297 321 546 455 450 355 309 206 777 145 313 457 85 554 381 400 572 699 503 445 543 648 233 734 195 823 642 458 726 752 549 198 115 545 962 343 222 580 146 686 369 336 314 810 465 554 892 297 344 148 801 415 839 509 755 645 447 219 389 807 596 485 209 206 463 313 427 390 847 406 504 434 502 810 622 371 655 610 700 175 98 691 47 512 551 386 301 610 833 394 262 405 297 361 411 562 97 631 525 129 738 404 754 252 519 233 499 260 735 204 668 
615 390 241 302 470 221 280 479 99 723 439 101 609 520 -1 386 173 278 241 704 610 461 456 613 67 721 576 80 497 318 126 450 599 260 202 266 104 227 370 555 285 128 180 209 497 364 390 419 593 344 667 171 117 602 595 140 222 560 455 150 586 365 542 533 182 327 227 653 419 240 510 667 587 341 502 493 341 164 377 323 659 160 270 273 402 437 260 91 257 458 367 44 323 332 178 251 435 609 376 294 403 438 86 312 283 186 315 266 172 299 192 471 213 351 612 552 602 461 418 539 359 483 171 443 280 312 374 424 167 199 264 572 290 407 141 374 322 306 438 428 336 320 297 502 308 88 649 392 349 93 161 311 427 59 207 349 494 365 200 49 442 626 302 387 390 353 233 204 350 476 392 495 344 442 477 237 100 659 141 607 564 696 433 621 69 436 113 213 498 563 116 359 555 616 362 468 338 234 570 525 
425 566 490 562 340 551 456 191 302 450 708 461 358 484 386 -1 296 542 620 370 461 713 267 268 421 430 192 309 252 142 443 542 312 634 185 172 490 301 31 437 236 260 552 279 129 412 373 343 211 260 335 459 476 236 208 283 566 494 326 536 333 243 402 441 528 466 217 429 686 166 198 291 361 520 379 321 237 364 187 317 401 505 614 411 621 387 342 469 332 214 579 367 65 628 287 244 558 301 414 504 684 448 472 120 127 254 297 603 216 646 578 605 527 454 340 187 250 249 300 152 299 378 544 725 178 423 110 500 470 452 493 303 600 33 281 677 520 541 336 361 612 592 102 274 231 402 465 640 437 380 226 354 281 350 338 62 714 499 203 421 88 259 518 152 115 211 251 419 349 516 234 438 60 74 157 278 473 357 402 379 234 467 655 297 456 464 429 193 374 258 356 341 329 241 508 83 506 595 380 191 
442 535 194 465 508 394 416 330 174 556 608 274 606 600 173 296 -1 247 403 659 652 628 467 471 162 558 463 150 488 180 293 572 578 358 160 130 247 55 270 605 319 146 279 275 377 209 222 473 506 172 517 333 204 471 492 207 395 632 281 304 421 389 582 592 242 455 250 664 394 220 471 542 417 248 329 516 367 67 373 390 654 334 322 145 340 505 99 261 346 445 521 130 248 503 251 292 567 454 471 443 573 529 246 279 247 42 142 439 156 471 326 608 232 468 449 424 543 296 245 439 410 533 340 431 280 427 241 539 177 353 416 557 303 327 48 380 470 463 484 256 504 297 194 336 141 248 677 556 207 106 117 398 452 188 308 286 655 247 198 223 375 556 232 240 350 190 66 124 425 582 225 565 239 329 431 299 214 500 289 614 518 707 592 580 221 533 147 106 541 410 243 188 559 538 496 378 477 312 592 385 
558 657 52 551 730 442 555 536 356 705 663 341 846 796 278 542 247 -1 373 906 874 694 701 678 212 719 696 328 728 414 388 727 822 222 398 371 248 245 515 822 539 356 192 474 609 241 303 686 748 347 711 433 181 690 729 399 428 835 413 289 583 616 804 803 137 604 471 900 149 456 717 764 563 111 434 745 592 181 610 593 895 389 140 158 126 709 219 308 532 686 627 250 495 556 444 507 710 642 654 562 624 716 277 522 489 289 295 467 385 477 264 742 82 629 617 648 790 474 390 679 623 749 352 184 513 590 472 703 111 468 530 800 80 573 276 137 590 565 702 356 572 50 439 508 343 361 907 635 202 201 350 587 680 334 484 533 739 162 426 307 622 802 61 458 596 391 293 122 623 755 409 769 483 567 678 502 209 676 418 851 765 943 682 827 257 714 165 353 761 604 394 297 797 782 637 622 611 171 823 600 
842 370 368 244 613 131 322 721 317 960 307 160 779 603 241 620 403 373 -1 902 734 343 626 855 242 960 812 312 679 560 192 473 785 184 435 507 158 451 607 674 464 360 181 383 736 558 599 552 819 576 909 205 219 842 827 343 104 651 681 100 824 537 673 643 237 370 428 806 457 460 713 906 821 477 723 649 514 369 569 461 827 132 264 456 489 551 470 152 389 647 324 276 555 210 358 432 441 850 464 295 268 519 158 529 505 424 539 119 403 110 109 456 292 408 851 792 813 698 646 771 506 611 77 457 483 384 616 468 293 240 268 753 328 637 380 385 317 273 577 645 239 386 537 739 544 221 784 301 531 300 401 429 588 270 344 575 398 519 420 199 664 843 426 629 601 591 468 377 472 526 628 597 582 680 687 403 198 899 246 768 769 846 353 819 181 506 275 454 631 804 276 574 721 837 381 699 351 214 720 767 
705 695 854 755 338 797 632 486 606 648 875 747 172 467 704 370 659 906 902 -1 332 863 288 438 756 610 308 625 227 511 710 613 128 965 516 542 807 670 401 362 438 579 884 519 367 779 733 395 209 624 490 704 812 381 265 569 820 439 663 841 591 369 329 393 872 611 480 220 1053 466 194 354 633 890 707 291 389 725 333 459 159 771 961 781 991 425 713 767 522 255 731 700 411 832 545 470 648 512 510 682 866 498 781 394 426 617 665 845 539 891 892 686 881 578 576 376 122 570 647 279 413 366 827 1091 425 572 467 577 823 679 688 162 957 337 634 1038 683 723 369 712 804 957 470 575 599 684 286 803 807 727 565 501 331 652 561 373 837 869 505 723 285 134 887 502 316 572 620 784 465 553 585 429 431 375 230 499 803 551 657 207 142 225 793 83 772 520 776 553 346 496 628 705 217 165 638 302 653 934 262 434 
883 429 827 526 143 607 415 646 519 879 610 606 165 159 610 461 652 874 734 332 -1 589 196 668 676 849 535 547 215 581 556 324 227 853 492 582 693 687 488 60 335 519 782 401 544 835 812 190 450 702 733 530 727 614 506 475 634 117 785 706 783 262 69 94 792 374 404 118 1022 433 296 620 816 899 840 142 285 704 290 288 175 605 879 796 986 182 738 636 357 248 475 627 454 599 432 366 364 728 271 455 612 226 660 389 417 617 724 643 496 686 763 392 821 335 781 585 355 711 756 482 251 127 668 1050 372 351 569 300 768 494 473 204 899 434 609 984 444 490 172 813 565 921 517 734 663 551 60 544 848 672 534 309 200 551 409 417 549 897 453 605 389 398 877 612 347 661 645 765 265 257 691 142 506 515 325 374 707 779 503 127 310 138 519 295 663 245 713 559 112 695 500 777 148 422 383 449 407 838 87 623 
1056 167 675 163 525 252 257 875 466 1139 38 366 701 430 461 713 628 694 343 863 589 -1 580 981 507 1127 893 483 643 722 336 265 735 527 567 679 446 683 716 534 483 510 509 435 842 826 850 468 861 788 1046 294 516 949 892 456 266 476 901 406 1005 518 553 498 558 259 497 695 797 553 711 997 1016 785 953 572 507 626 575 421 738 310 603 733 818 439 721 393 383 629 137 506 654 138 434 469 225 1002 352 209 74 371 421 594 587 628 769 230 538 234 444 202 612 286 1024 901 815 884 863 841 461 502 342 799 536 301 760 291 593 280 224 700 663 714 586 726 194 174 494 884 125 717 671 924 746 380 649 74 810 553 561 378 536 440 377 652 63 817 526 414 715 855 737 790 639 782 678 659 404 332 823 451 704 787 703 435 488 1057 343 675 762 726 70 791 446 349 555 623 523 956 393 817 648 861 225 771 215 553 617 899 
692 413 651 467 80 514 344 456 358 701 589 478 154 234 456 267 467 701 626 288 196 580 -1 496 517 674 371 383 63 385 435 343 162 713 306 388 551 498 293 170 170 346 636 251 363 642 616 115 306 506 564 423 572 446 353 316 538 233 588 576 595 91 135 178 636 324 231 199 850 247 141 468 626 715 643 54 115 524 95 172 204 494 725 609 806 155 548 503 238 63 445 464 257 543 281 205 374 548 228 394 579 230 521 194 224 429 529 560 316 606 631 417 657 293 597 410 239 517 559 315 126 119 553 882 188 284 373 304 601 395 401 128 736 242 428 820 396 435 93 616 515 749 321 541 467 416 211 517 657 503 352 213 43 398 282 220 559 709 274 463 204 281 697 416 152 464 453 586 177 295 494 187 309 326 152 226 556 602 381 151 184 242 511 211 518 251 548 369 110 511 361 581 99 294 354 267 367 690 125 440 
277 835 631 827 576 804 724 143 547 214 975 702 523 728 613 268 471 678 855 438 668 981 496 -1 628 181 136 545 455 296 694 806 460 829 429 349 708 443 265 660 504 501 751 546 141 467 404 594 234 331 68 717 675 57 174 538 816 729 298 762 164 500 622 674 712 735 484 597 798 429 371 106 207 613 320 543 499 530 439 582 548 753 786 522 714 639 459 703 601 433 847 582 326 890 550 513 824 76 678 772 949 706 699 389 393 438 383 856 461 897 793 872 693 721 141 86 336 211 303 186 560 615 782 843 447 692 239 764 643 714 759 470 752 273 480 814 789 808 581 362 876 724 321 188 339 650 651 907 506 575 455 621 523 591 604 330 983 573 461 656 294 307 634 231 364 289 406 567 613 774 269 681 281 194 346 547 681 115 659 556 365 624 923 406 678 723 618 400 606 82 611 393 520 275 777 230 775 781 580 87 
600 450 177 353 535 257 344 489 158 719 481 141 669 588 67 421 162 212 242 756 676 507 517 628 -1 721 605 134 555 332 181 515 656 213 242 279 84 208 401 621 348 176 130 274 522 325 360 485 631 333 678 227 56 622 628 202 251 628 438 142 583 427 607 600 118 392 286 715 352 289 561 691 579 282 481 556 403 128 434 389 719 197 208 228 337 505 229 115 325 515 423 55 361 373 243 314 499 615 444 353 443 506 91 361 330 189 296 295 217 321 165 533 146 417 612 574 649 458 403 572 424 549 186 375 336 378 392 490 100 259 323 629 223 446 148 307 382 361 504 404 382 252 325 499 304 150 714 441 304 57 196 379 490 125 275 391 545 311 251 98 485 670 239 398 439 353 229 151 418 543 388 563 372 470 527 302 53 662 206 669 614 758 485 673 65 503 49 234 563 571 184 333 616 657 426 504 401 178 634 541 
189 990 679 968 753 930 875 252 672 41 1117 818 704 905 721 430 558 719 960 610 849 1127 674 181 721 -1 317 665 636 410 820 972 640 902 561 459 805 516 419 840 664 626 831 694 312 482 417 767 412 390 120 848 759 237 352 673 937 907 306 862 138 671 802 852 784 891 633 778 815 575 553 256 157 632 294 723 667 604 611 747 728 874 845 563 724 813 514 813 756 612 998 684 479 1025 693 668 987 129 844 920 1089 877 802 549 547 536 435 980 592 1017 884 1034 753 882 109 265 514 262 331 367 729 793 893 861 604 849 367 930 712 852 903 651 798 442 581 847 939 953 757 365 1016 758 455 222 417 774 833 1053 523 664 576 783 699 711 752 492 1135 584 601 769 470 483 666 340 535 368 492 626 779 945 333 858 425 357 526 699 772 72 793 737 546 805 1074 585 778 893 700 515 785 172 742 422 702 452 935 406 929 851 761 238 
396 739 645 748 451 743 636 191 494 350 892 653 387 606 576 192 463 696 812 308 535 893 371 136 605 317 -1 500 325 284 636 697 323 815 376 332 677 451 205 531 410 451 734 466 87 518 462 476 99 364 199 650 657 80 43 475 758 602 373 726 282 390 492 547 704 639 405 461 830 358 239 103 324 651 410 415 394 528 328 480 412 697 786 548 754 521 480 660 510 308 757 553 257 816 477 425 720 206 570 686 870 591 662 302 316 424 414 795 408 838 765 766 695 621 269 69 200 277 365 56 451 491 736 873 359 596 224 656 640 641 678 334 763 181 458 834 699 724 461 430 798 745 279 274 355 595 516 822 552 558 414 521 403 542 523 245 888 619 396 612 181 174 662 241 256 313 405 577 507 660 311 558 232 135 219 460 658 251 593 420 229 488 832 271 644 610 606 371 480 188 548 440 386 143 679 122 681 772 447 130 
575 385 283 320 404 264 265 417 28 670 465 156 535 471 80 309 150 328 312 625 547 483 383 545 134 665 500 -1 420 255 155 425 522 340 123 206 184 205 295 494 215 48 259 146 424 359 371 358 513 305 602 189 189 530 517 71 273 508 418 227 534 294 477 475 253 306 152 581 475 160 430 594 539 370 469 423 269 174 300 265 585 209 342 283 445 382 249 160 208 381 371 81 245 365 117 181 417 547 333 293 433 394 163 232 203 144 287 314 93 353 272 458 275 322 557 480 522 409 380 461 295 421 237 503 202 281 307 394 221 204 267 495 354 329 104 438 319 314 375 402 362 373 225 450 264 109 582 410 353 126 90 262 357 46 164 269 507 382 120 112 362 546 338 326 309 303 194 229 297 441 344 442 270 368 397 174 177 599 140 535 484 625 444 541 149 395 166 149 434 501 93 337 482 536 346 390 327 310 501 458 
669 476 678 529 133 571 406 432 398 665 652 527 117 285 497 252 488 728 679 227 215 643 63 455 555 636 325 420 -1 383 487 405 105 757 330 395 596 513 281 205 217 380 678 299 329 649 617 178 251 505 522 479 610 403 302 357 594 277 578 624 567 143 167 222 673 387 269 180 878 272 86 418 601 733 631 91 165 549 120 232 166 547 763 626 828 216 561 550 295 42 509 500 257 605 327 250 436 513 291 456 641 290 567 208 241 448 534 618 344 664 678 479 690 356 566 371 177 500 551 270 187 171 605 912 219 347 362 366 633 452 461 75 769 222 453 852 458 497 154 611 577 778 323 520 470 465 212 580 667 535 378 274 107 441 336 217 622 723 305 509 175 220 720 404 145 459 466 610 240 354 486 240 302 301 110 276 597 565 433 130 123 221 574 148 562 312 582 385 157 479 409 583 77 235 417 233 430 731 130 407 
344 595 363 561 448 520 476 161 262 418 709 411 495 575 318 142 180 414 560 511 581 722 385 296 332 410 284 255 383 -1 410 598 453 537 155 53 412 168 111 548 294 215 457 298 197 270 234 434 336 122 349 438 381 291 315 265 528 595 210 466 283 334 517 545 423 500 242 563 553 185 339 361 295 381 266 439 319 245 292 379 539 465 503 273 483 475 204 409 367 342 596 286 127 615 291 284 605 291 476 517 680 523 403 196 175 144 154 570 183 609 497 651 411 499 303 243 390 164 177 265 378 481 489 594 234 462 60 558 357 443 498 441 479 175 184 551 539 547 435 231 607 463 66 202 89 364 592 647 295 281 166 406 387 302 352 166 735 358 200 363 230 394 384 70 238 80 121 293 416 587 116 532 82 152 297 310 386 344 383 513 376 603 673 439 381 534 326 106 483 245 332 201 460 372 544 213 534 492 506 208 
729 269 358 175 427 110 171 570 148 826 314 52 589 441 126 443 293 388 192 710 556 336 435 694 181 820 636 155 487 410 -1 343 593 299 265 361 150 348 435 497 272 194 238 191 566 491 514 369 634 458 754 46 208 674 647 160 122 486 571 150 689 345 492 469 266 223 239 619 517 278 522 734 695 463 620 460 322 291 377 274 637 62 342 400 514 374 385 86 202 455 242 170 378 211 167 240 323 701 296 173 280 356 116 342 321 297 435 161 233 203 208 354 312 253 713 624 623 565 533 591 318 430 117 533 294 219 458 324 278 81 142 561 381 456 253 460 202 180 392 550 211 422 373 606 418 46 603 266 476 220 243 247 398 109 153 393 367 490 239 83 478 654 420 480 412 459 346 329 290 381 499 426 414 509 497 211 180 754 54 579 577 661 306 627 131 348 230 304 449 654 88 481 532 649 251 518 224 295 534 608 
942 113 692 233 276 342 172 727 398 991 288 395 445 165 450 542 572 727 473 613 324 265 343 806 515 972 697 425 405 598 343 -1 486 632 451 571 494 624 554 269 309 427 580 305 665 781 784 228 645 695 874 301 550 764 687 365 369 211 803 482 867 307 291 233 610 122 355 432 860 413 484 799 888 790 859 323 306 598 369 225 478 366 684 708 852 190 672 430 233 402 163 486 496 295 323 313 40 843 128 180 294 115 460 423 430 554 694 362 433 397 537 73 655 104 879 721 582 760 766 641 247 246 427 877 370 144 619 41 615 262 210 452 725 532 524 804 156 200 250 805 260 764 536 795 651 365 384 226 778 539 468 192 303 401 264 480 227 807 402 420 517 625 752 657 443 673 599 650 193 67 713 188 553 615 486 289 524 900 309 416 528 461 196 547 474 93 563 522 267 800 338 748 395 637 94 579 123 635 357 734 
702 567 771 629 210 675 506 468 500 674 747 632 65 345 599 312 578 822 785 128 227 735 162 460 656 640 323 522 105 453 593 486 -1 860 424 473 699 597 343 245 322 479 780 404 354 723 685 267 230 573 522 583 712 403 289 461 699 323 632 729 593 248 209 273 774 483 372 137 971 369 113 399 631 819 682 163 270 641 222 334 91 653 863 710 917 297 644 655 399 141 603 601 335 705 432 355 520 527 382 556 738 370 671 300 333 537 607 722 442 767 782 560 788 450 586 383 130 546 610 277 288 240 710 1006 319 445 420 450 731 556 563 34 866 279 546 949 556 596 240 673 676 872 400 559 542 570 196 675 746 633 473 375 205 544 441 295 709 805 404 613 224 171 810 461 227 523 548 702 337 428 545 304 370 342 155 381 699 574 538 101 95 166 665 67 665 393 680 472 220 500 514 653 92 197 510 267 525 832 145 430 
758 538 238 415 719 297 465 687 359 894 492 248 867 741 260 634 358 222 184 965 853 527 713 829 213 902 815 340 757 537 299 632 860 -1 455 485 161 389 614 795 542 386 82 462 732 448 503 663 845 513 873 335 158 828 840 399 273 786 602 151 764 622 787 768 118 517 488 907 276 499 771 899 751 333 633 746 597 300 638 566 917 265 87 350 321 673 388 216 495 719 497 268 574 393 432 508 604 808 596 452 453 656 193 572 542 393 467 300 429 294 94 626 155 551 795 781 861 643 572 785 607 726 205 273 541 519 598 618 190 374 421 832 157 659 357 201 478 439 685 553 419 219 537 682 493 301 897 482 413 257 409 544 681 315 444 604 582 383 460 250 698 883 282 598 650 544 423 277 587 676 573 725 584 680 737 488 163 850 350 863 825 949 534 882 195 647 211 445 743 765 355 486 812 871 537 718 508 53 822 744 
497 441 347 406 349 375 321 309 119 572 556 277 448 452 202 185 160 398 435 516 492 567 306 429 242 561 376 123 330 155 265 451 424 455 -1 119 306 195 171 448 165 75 373 146 302 349 339 319 391 244 489 288 298 409 393 111 387 480 352 351 438 230 423 437 356 347 100 504 548 59 323 471 450 408 407 355 208 219 213 244 497 325 445 304 499 354 246 284 218 288 441 187 121 464 136 144 455 438 336 361 527 389 287 124 91 124 247 427 32 468 394 500 365 349 457 359 407 319 315 337 256 376 360 582 120 311 195 413 307 290 343 402 442 205 122 524 383 392 327 355 454 448 108 358 199 222 517 492 358 210 49 262 292 165 198 149 580 405 49 236 242 428 391 223 200 223 157 280 281 448 264 414 149 245 286 163 292 493 232 455 374 547 517 434 271 397 259 72 383 392 182 302 400 415 391 266 380 420 431 342 
379 560 319 517 444 471 439 213 215 464 666 360 510 562 266 172 130 371 507 542 582 679 388 349 279 459 332 206 395 53 361 571 473 485 119 -1 359 128 144 545 275 169 405 266 247 254 230 423 377 126 401 392 328 343 361 223 478 585 232 413 328 327 516 538 372 467 216 575 513 163 361 413 336 348 288 441 309 196 292 359 556 415 453 239 448 462 171 357 338 352 557 233 138 569 254 260 575 343 453 477 635 504 350 193 166 92 141 521 142 559 444 620 362 469 351 295 423 205 195 309 364 475 437 553 219 430 112 532 307 400 456 458 432 205 131 507 500 506 427 239 562 421 73 245 83 315 599 605 273 228 119 380 384 252 316 179 696 331 168 311 257 432 345 121 250 104 78 248 396 565 145 521 112 199 320 282 332 394 338 524 403 616 633 466 328 513 274 57 479 297 287 194 471 412 511 251 498 440 512 262 
684 414 229 303 558 194 322 571 200 803 417 98 706 588 104 490 247 248 158 807 693 446 551 708 84 805 677 184 596 412 150 494 699 161 306 359 -1 293 473 636 380 232 89 300 597 403 442 503 697 418 759 193 70 700 698 238 182 632 523 57 668 460 626 610 118 373 327 745 368 344 613 767 663 339 565 585 435 211 477 406 755 140 191 303 374 515 312 64 335 558 380 126 427 309 270 346 472 698 443 320 378 504 34 416 387 271 381 223 277 243 88 500 168 404 696 651 706 543 488 642 446 566 109 382 381 369 470 475 148 231 288 671 232 511 228 309 348 318 524 487 323 277 398 583 388 142 736 386 378 142 264 386 519 155 284 453 490 375 304 88 546 731 291 479 493 437 313 223 428 531 472 570 445 543 581 327 43 746 194 701 667 788 433 723 34 497 119 310 583 653 194 416 650 720 400 572 373 146 661 621 
392 590 194 521 545 448 470 300 228 512 663 328 630 645 227 301 55 245 451 670 687 683 498 443 208 516 451 205 513 168 348 624 597 389 195 128 293 -1 272 644 360 196 314 323 363 157 166 514 504 126 485 389 243 449 483 258 448 675 230 350 378 426 619 633 270 508 292 692 385 254 487 522 371 222 275 548 404 88 402 435 678 387 342 113 321 548 51 313 395 470 577 183 262 558 301 336 620 419 520 498 628 576 296 305 274 72 89 492 199 523 367 662 249 520 408 405 551 255 195 433 451 572 391 426 315 479 227 589 199 408 472 580 312 333 101 383 525 518 523 201 560 295 200 295 104 303 710 612 162 150 160 446 487 243 359 302 711 211 239 276 385 559 217 216 371 155 49 126 471 631 184 608 240 321 446 346 256 462 344 641 531 734 648 593 270 582 183 129 579 377 298 133 587 539 550 378 531 339 623 361 
402 572 463 561 364 544 459 173 291 437 709 449 388 504 370 31 270 515 607 401 488 716 293 265 401 419 205 295 281 111 435 554 343 614 171 144 473 272 -1 462 246 247 532 280 131 381 342 362 235 229 330 453 455 239 226 276 557 517 297 521 315 262 427 464 505 473 218 459 657 163 229 299 340 490 351 347 253 338 208 329 431 495 590 381 591 406 312 455 338 242 583 349 61 625 285 249 568 290 427 506 684 464 456 130 129 229 266 596 204 638 561 616 502 463 324 189 279 224 270 171 315 400 532 697 185 431 81 513 445 449 493 333 574 64 258 650 524 542 357 331 611 565 77 251 200 393 493 642 406 358 209 364 303 337 339 77 719 468 197 407 119 287 489 124 141 180 222 392 363 532 205 458 31 74 188 282 454 347 396 409 265 498 659 327 439 479 406 170 398 246 349 310 358 267 516 107 512 573 408 183 
862 371 776 466 100 546 355 626 466 869 554 547 190 107 555 437 605 822 674 362 60 534 170 660 621 840 531 494 205 548 497 269 245 795 448 545 636 644 462 -1 286 469 725 348 531 795 775 136 453 667 727 470 672 609 506 422 573 78 755 647 765 218 38 36 737 314 356 163 970 390 291 622 796 852 811 118 239 656 256 232 213 545 823 751 936 122 695 578 300 229 416 574 421 539 379 316 309 716 210 395 554 167 603 353 378 572 686 583 449 625 705 339 767 275 766 575 366 686 724 476 199 73 609 997 329 291 542 243 715 434 413 216 845 412 562 929 384 430 121 779 506 868 483 711 627 494 116 487 806 620 488 250 161 496 352 387 496 853 407 548 373 409 828 585 321 628 603 716 207 203 661 83 476 496 314 320 651 769 445 155 316 192 464 312 606 186 660 517 65 680 443 739 155 430 324 435 348 782 100 609 
635 330 491 342 191 362 226 417 189 683 483 310 325 287 285 236 319 539 464 438 335 483 170 504 348 664 410 215 217 294 272 309 322 542 165 275 380 360 246 286 -1 183 465 82 363 514 503 154 383 402 571 268 402 468 409 145 384 314 503 407 558 80 265 273 466 230 69 367 688 112 252 513 579 565 559 208 55 369 105 85 374 333 555 465 650 188 411 333 100 183 347 296 186 415 110 34 322 536 183 277 463 229 351 115 121 287 411 412 162 458 461 370 490 217 569 421 355 453 468 357 91 213 389 717 61 187 310 268 435 247 272 291 569 232 275 653 289 316 165 514 393 586 229 486 358 248 368 412 522 338 201 118 142 227 125 173 480 567 120 293 232 390 542 349 157 372 322 430 122 293 410 248 244 310 232 61 385 592 218 322 307 410 422 355 347 240 381 237 223 492 192 466 269 390 272 287 271 519 286 427 
546 399 308 348 375 305 278 376 46 633 496 202 496 456 128 260 146 356 360 579 519 510 346 501 176 626 451 48 380 215 194 427 479 386 75 169 232 196 247 469 183 -1 304 129 377 354 358 334 465 280 559 222 233 483 469 61 315 489 392 276 497 260 449 452 294 313 115 546 505 113 385 546 505 385 446 390 236 187 259 245 545 252 383 289 467 362 245 208 199 339 392 121 196 400 104 152 424 506 324 312 465 383 212 185 155 127 269 356 44 396 320 467 310 323 519 433 475 375 355 412 270 395 284 535 161 282 264 392 254 231 289 454 389 280 99 473 336 338 347 384 393 403 179 415 237 149 551 437 354 156 50 251 324 90 163 221 529 391 75 160 313 498 359 286 263 271 174 247 280 435 312 422 223 320 351 154 223 559 168 498 438 589 466 496 198 387 202 112 406 459 118 322 444 487 355 341 339 354 467 413 
693 495 191 378 645 262 409 609 279 825 476 186 790 678 180 552 279 192 181 884 782 509 636 751 130 831 734 259 678 457 238 580 780 82 373 405 89 314 532 725 465 304 -1 386 650 392 441 591 762 440 797 279 76 748 758 320 244 722 535 104 692 545 715 700 57 461 408 831 290 418 689 818 682 297 570 671 520 226 558 494 839 217 103 290 310 604 319 151 424 639 458 185 492 371 356 431 556 732 532 403 437 593 123 490 460 313 396 279 347 286 71 582 111 492 722 700 779 570 503 703 533 655 168 299 461 458 517 563 124 317 372 753 154 577 275 225 431 397 612 490 391 208 455 609 417 231 824 455 360 176 327 476 605 237 373 522 558 341 379 176 616 801 245 520 568 468 345 213 517 619 499 659 502 599 656 413 81 776 284 787 743 874 505 800 119 586 132 363 671 689 282 421 735 788 486 635 457 56 748 665 
642 298 429 283 260 286 180 442 118 708 429 228 405 327 209 279 275 474 383 519 401 435 251 546 274 694 466 146 299 298 191 305 404 462 146 266 300 323 280 348 82 129 386 -1 408 481 479 212 451 390 610 191 326 516 471 75 306 362 498 325 577 159 332 328 391 202 62 445 621 118 331 568 593 512 554 284 135 315 185 118 455 253 479 418 591 235 373 252 72 264 303 226 219 350 31 49 308 567 196 226 405 254 270 163 152 251 388 337 128 382 380 354 419 203 593 467 433 463 461 416 150 275 307 648 108 164 329 268 367 176 213 373 498 284 228 582 244 261 229 499 333 520 241 500 345 166 439 361 483 273 164 122 218 150 58 220 441 520 98 212 296 465 484 362 225 369 294 373 151 308 410 295 269 352 307 27 308 623 139 401 386 487 380 436 268 258 312 216 289 522 110 443 349 462 246 344 236 442 361 463 
348 694 558 691 441 675 585 118 421 338 838 579 412 592 497 129 377 609 736 367 544 842 363 141 522 312 87 424 329 197 566 665 354 732 302 247 597 363 131 531 363 377 650 408 -1 433 379 455 162 278 208 585 574 108 124 407 689 596 297 648 240 360 493 541 619 594 346 487 743 293 251 169 277 564 340 413 358 442 299 441 446 627 699 461 667 501 392 584 461 301 708 472 190 756 415 373 683 185 537 633 813 566 584 249 255 339 327 727 334 770 685 730 608 580 237 58 248 203 285 88 419 481 662 785 307 551 136 623 554 579 622 357 675 132 375 746 649 670 444 350 740 657 199 208 267 524 535 769 466 474 336 480 386 468 467 190 843 533 328 536 158 235 574 153 224 226 317 489 472 635 227 545 153 57 219 407 576 240 528 442 260 520 784 314 565 583 521 288 473 150 480 356 400 206 636 95 635 688 458 78 
316 743 210 666 695 581 624 334 384 465 802 462 763 801 364 412 209 241 558 779 835 826 642 467 325 482 518 359 649 270 491 781 723 448 349 254 403 157 381 795 514 354 392 481 433 -1 65 668 591 156 488 534 338 492 557 415 577 829 178 458 350 576 767 785 336 664 448 829 335 405 610 564 325 150 192 694 556 200 546 591 809 520 376 101 247 703 109 440 553 606 727 320 391 695 459 492 776 419 677 650 766 734 416 447 418 229 115 621 356 645 458 817 292 677 384 457 657 256 164 516 606 723 510 381 466 636 312 747 268 558 622 710 321 446 257 364 677 667 675 116 701 276 325 283 181 448 853 757 41 273 317 603 635 393 517 431 858 105 395 412 501 657 184 281 503 208 192 181 628 789 206 763 353 407 568 504 360 446 494 779 646 870 796 709 390 740 283 278 729 387 451 77 725 631 705 477 686 394 766 401 
256 755 268 687 675 611 635 274 393 401 828 490 729 790 390 373 222 303 599 733 812 850 616 404 360 417 462 371 617 234 514 784 685 503 339 230 442 166 342 775 503 358 441 479 379 65 -1 653 539 112 423 555 381 431 502 420 609 815 113 499 284 557 746 769 388 671 439 798 400 391 571 503 260 216 131 670 539 232 522 584 773 550 435 153 312 691 131 472 552 576 743 345 360 723 460 484 782 354 674 664 793 728 451 423 397 231 91 653 351 681 505 825 348 680 319 399 611 193 100 465 593 706 546 446 449 640 267 748 317 575 638 675 383 406 266 429 691 685 658 52 725 340 295 219 149 469 826 778 106 305 315 600 614 410 521 400 877 170 387 439 461 608 248 231 472 162 185 228 621 786 151 750 316 358 530 500 401 380 511 747 604 838 815 666 425 736 323 266 710 323 465 36 695 581 714 431 696 449 739 341 
764 300 640 367 62 430 246 534 330 791 480 417 239 142 419 343 473 686 552 395 190 468 115 594 485 767 476 358 178 434 369 228 267 663 319 423 503 514 362 136 154 334 591 212 455 668 653 -1 418 549 662 347 536 548 462 286 456 162 644 517 676 101 123 119 601 217 222 254 833 262 256 576 703 718 701 106 115 521 156 97 282 421 688 619 801 45 565 447 168 174 336 438 313 443 242 181 258 639 115 293 472 116 470 239 259 442 562 472 316 516 575 301 631 183 683 507 354 584 611 420 63 63 484 860 203 182 438 189 579 313 305 232 709 325 428 793 291 333 27 662 413 732 368 613 507 361 234 408 676 484 355 123 75 360 219 285 444 721 275 414 299 397 693 480 231 514 476 581 80 183 550 98 370 411 260 184 516 695 315 220 300 294 398 323 472 136 524 390 80 599 309 616 183 408 243 364 259 648 168 529 
495 700 696 725 384 736 607 279 503 448 864 659 294 537 593 211 506 748 819 209 450 861 306 234 631 412 99 513 251 336 634 645 230 845 391 377 697 504 235 453 383 465 762 451 162 591 539 418 -1 435 293 641 686 177 60 476 754 527 460 741 382 345 414 473 739 603 395 367 889 358 165 170 423 715 501 343 354 573 286 440 315 697 825 609 818 461 539 671 483 244 724 577 270 798 468 405 672 306 522 659 846 534 677 291 314 464 481 787 420 832 785 717 737 580 368 167 102 365 447 74 404 422 742 930 342 559 282 605 680 626 655 245 809 185 492 885 668 699 399 513 776 798 312 367 418 598 425 792 622 591 435 484 343 551 505 244 850 688 399 624 155 75 720 309 226 382 455 626 461 601 388 491 266 185 159 440 683 349 586 329 139 392 796 173 663 555 640 404 408 287 546 515 302 44 640 127 646 806 362 225 
271 678 300 624 567 563 557 189 321 385 771 445 617 689 344 260 172 347 576 624 702 788 506 331 333 390 364 305 505 122 458 695 573 513 244 126 418 126 229 667 402 280 440 390 278 156 112 549 435 -1 365 494 369 346 402 339 566 711 113 476 251 451 637 663 394 588 342 685 470 290 459 420 245 288 166 560 434 214 412 486 661 503 460 190 391 589 129 434 462 464 672 303 249 669 375 387 698 297 579 592 737 630 419 314 290 161 51 610 263 643 494 742 368 593 282 307 501 130 75 360 490 599 513 514 346 554 156 658 322 508 568 562 422 294 205 483 616 617 552 112 667 393 185 169 44 411 715 714 188 276 231 506 506 349 437 288 809 254 293 393 349 500 304 125 360 52 111 240 523 692 61 647 203 251 417 407 383 337 444 635 493 725 746 555 394 640 310 173 602 258 395 81 582 475 632 322 618 462 628 255 
