200
-1 590 189 356 310 606 451 367 421 269 216 295 241 166 128 682 332 317 108 404 362 466 244 198 189 268 146 450 359 88 349 181 304 377 556 566 181 268 519 478 321 422 393 347 138 321 511 357 494 366 274 307 522 213 302 227 428 350 73 380 353 506 380 174 293 473 234 248 587 510 552 365 269 291 479 460 392 118 330 241 310 213 412 99 158 367 443 419 365 310 96 397 538 316 500 353 409 381 28 375 599 280 46 401 453 271 206 287 424 319 225 447 366 89 298 225 358 303 331 154 297 414 395 258 475 461 330 251 384 237 464 104 679 277 325 201 198 74 437 123 340 398 121 164 193 355 303 434 314 547 258 176 422 551 359 344 321 380 450 136 87 341 203 397 239 413 358 291 275 528 314 179 506 214 382 181 177 487 523 361 317 247 398 351 590 606 487 544 237 295 433 142 556 292 311 367 283 254 467 530 
590 -1 417 764 301 354 995 892 169 857 404 724 739 735 507 582 306 314 641 689 809 622 496 559 513 609 563 584 899 578 284 411 523 548 536 245 461 323 1070 118 897 463 503 560 667 782 464 360 103 863 544 533 338 741 291 774 810 937 647 834 620 269 602 542 359 809 624 718 431 115 388 225 492 875 695 164 822 568 338 831 809 479 331 667 457 723 909 973 692 610 505 402 55 278 399 918 227 225 594 445 558 742 546 811 157 789 795 854 935 283 793 640 758 632 680 369 488 784 502 642 803 983 197 842 533 292 576 768 564 355 901 494 296 785 735 561 744 582 410 693 585 707 706 505 688 890 850 401 381 106 648 753 231 313 405 649 420 316 838 625 503 932 794 509 818 655 468 299 837 73 904 613 187 680 956 714 413 992 203 842 906 780 351 860 382 205 426 269 583 827 868 602 595 315 714 711 873 601 310 934 
189 417 -1 489 188 426 582 482 255 443 32 336 330 353 90 536 227 127 275 369 421 378 144 276 121 243 153 349 542 160 160 91 208 277 418 449 60 122 656 314 480 402 397 261 250 388 358 291 316 535 324 343 343 387 127 357 451 523 233 534 300 319 433 247 109 587 238 399 419 326 379 199 160 480 420 312 442 152 146 428 477 229 232 283 145 479 519 557 349 386 140 352 362 166 333 501 220 196 203 354 460 344 155 539 270 378 384 475 530 135 375 372 390 216 412 109 361 383 217 301 395 566 220 427 349 365 259 423 418 67 616 85 563 446 356 172 379 215 275 277 395 493 310 207 350 478 435 385 142 393 370 365 297 457 198 429 290 196 582 211 113 523 388 276 428 357 224 129 420 363 493 209 374 275 539 298 63 590 333 444 505 366 328 454 513 475 442 436 207 414 489 269 436 105 438 361 464 342 284 673 
356 764 489 -1 472 906 663 624 609 428 522 629 555 257 471 1022 458 598 250 757 678 822 592 220 539 623 502 804 222 444 622 416 656 730 900 617 513 483 705 648 506 356 303 702 466 637 846 409 696 140 219 235 827 181 542 502 759 477 394 80 709 790 202 247 596 126 587 111 908 729 867 567 616 329 835 600 710 474 630 352 125 293 717 278 353 61 733 624 716 158 350 390 725 511 822 556 666 622 328 343 943 604 356 50 679 562 389 264 682 573 470 803 703 429 84 439 297 611 680 201 590 591 607 442 823 508 686 154 241 495 137 426 705 137 661 558 209 290 764 418 195 111 307 289 165 602 551 413 631 678 122 277 536 563 686 130 347 678 94 484 385 431 358 745 289 769 701 515 510 690 434 532 604 552 553 490 437 739 782 657 373 530 431 627 558 676 434 583 593 565 742 223 907 559 52 714 404 164 765 184 
310 301 188 472 -1 467 750 656 136 579 200 523 509 439 269 639 43 191 344 552 608 542 325 259 310 431 336 508 598 326 195 131 383 443 539 264 248 67 822 183 631 252 267 435 417 572 468 124 224 563 258 257 399 441 110 523 639 660 377 538 481 344 341 241 221 536 426 418 497 257 449 97 337 581 595 151 629 329 237 543 509 181 307 374 161 440 704 722 535 327 217 190 256 49 420 660 213 165 307 210 577 529 264 521 209 553 515 556 708 141 531 543 578 374 388 88 237 565 382 341 573 723 137 569 489 177 438 467 312 125 610 234 379 484 544 360 445 287 383 427 314 433 417 204 387 649 601 216 266 239 352 459 114 269 323 370 156 266 554 385 226 648 509 427 523 535 373 81 580 231 623 394 196 458 692 466 146 770 321 626 616 536 152 631 326 297 270 249 395 586 676 301 574 151 421 549 590 308 337 651 
606 354 426 906 467 -1 875 770 367 820 394 578 632 772 480 230 502 308 700 472 647 362 389 687 438 465 499 329 965 545 285 490 366 338 220 576 425 431 950 376 830 712 733 369 607 638 172 585 308 961 713 719 83 812 370 695 610 891 628 957 425 122 807 659 316 991 501 823 91 265 75 375 369 886 439 434 648 519 280 827 903 620 194 704 553 887 739 866 498 781 565 647 327 418 128 832 253 302 625 676 225 611 579 957 279 682 771 892 793 337 730 393 577 597 826 470 705 653 331 727 683 893 339 797 262 575 395 848 779 411 1038 505 648 872 573 462 803 641 189 657 776 890 723 617 776 778 755 663 292 438 784 781 486 633 255 826 624 230 997 561 539 907 784 291 841 429 288 401 760 381 872 522 496 574 879 639 470 837 165 695 902 688 599 731 705 551 707 591 459 723 686 693 286 348 854 520 850 749 142 1091 
451 995 582 663 750 875 -1 106 838 235 591 297 256 418 491 827 779 683 483 428 235 554 510 622 483 412 431 571 492 425 715 619 512 539 714 1013 533 696 76 896 156 864 828 506 334 237 716 808 892 569 699 734 801 487 708 227 308 198 378 629 454 822 785 608 640 786 382 565 813 893 802 781 523 344 500 892 247 429 669 310 545 659 717 439 609 708 176 39 389 708 546 846 939 743 747 108 777 769 465 820 746 265 496 684 840 205 283 410 93 711 226 518 310 377 655 662 796 222 545 529 195 84 801 223 634 911 480 508 802 648 691 516 1127 526 304 438 459 507 687 327 750 756 390 610 528 104 149 884 631 975 632 393 865 1002 636 726 771 707 730 371 526 252 310 585 374 471 589 709 176 945 235 382 947 317 116 285 605 101 866 183 307 215 849 143 1041 1048 934 993 426 167 230 548 670 680 646 368 260 655 769 764 
367 892 482 624 656 770 106 -1 737 208 489 191 153 368 392 729 687 579 417 331 139 456 404 552 379 306 330 470 482 330 611 527 406 434 613 920 431 599 182 796 141 788 756 401 239 133 612 723 789 549 629 665 695 443 608 140 224 210 294 602 351 716 723 534 536 750 276 518 709 789 697 682 417 330 407 794 159 330 563 281 516 580 611 373 522 662 121 98 289 647 460 765 837 646 641 101 672 666 386 742 646 159 410 652 737 104 235 391 59 609 156 420 213 286 604 568 722 116 439 467 90 139 700 186 532 821 375 470 737 549 673 422 1035 492 201 333 414 430 581 245 686 707 329 531 474 25 72 802 525 876 576 346 771 914 530 671 689 602 700 272 436 260 266 481 344 372 483 611 113 844 231 278 851 212 145 190 510 121 760 86 304 121 763 39 956 953 855 902 320 72 158 480 572 578 600 269 244 592 663 747 
421 169 255 609 136 367 838 737 -1 689 249 580 585 565 346 567 153 178 472 572 666 531 358 396 363 472 407 493 732 415 158 242 399 441 487 237 307 153 912 58 732 350 379 444 506 636 412 227 87 699 392 388 314 574 129 613 681 770 480 675 501 248 466 377 224 667 480 554 416 124 368 57 360 705 596 78 683 408 217 662 645 317 251 497 288 574 766 813 566 461 336 285 121 108 354 756 132 95 424 319 520 594 377 657 88 633 627 685 784 132 629 541 623 468 524 199 356 635 386 474 649 820 44 675 458 208 455 601 433 190 746 328 338 619 596 414 576 412 337 528 443 564 536 339 521 733 691 297 258 141 489 584 118 277 301 502 278 219 688 467 334 763 625 413 648 545 363 131 675 108 736 461 150 528 792 554 244 843 206 694 736 622 234 708 348 240 340 240 441 670 730 435 535 162 558 583 705 445 260 785 
269 857 443 428 579 820 235 208 689 -1 463 304 219 187 359 836 599 565 265 463 307 573 430 404 384 376 323 575 273 286 599 451 463 518 711 829 412 537 283 746 78 649 609 482 213 276 688 612 758 342 478 514 738 252 566 143 400 80 210 398 452 739 556 395 531 552 333 330 779 769 755 632 451 123 548 729 337 306 566 76 313 454 636 222 422 473 327 196 416 479 362 640 803 585 699 127 661 640 273 609 750 266 315 451 713 190 63 183 262 578 98 542 363 230 421 494 579 246 498 304 212 168 660 27 624 720 456 273 577 501 465 362 942 292 331 358 225 303 634 168 523 521 172 406 296 183 142 677 538 816 401 161 690 807 565 494 566 613 498 259 355 86 79 556 140 495 538 557 103 797 51 299 774 262 131 185 445 314 768 267 104 164 652 223 837 872 724 805 368 169 354 330 686 549 411 403 39 428 692 539 
216 404 32 522 200 394 591 489 249 463 -1 333 336 381 104 503 241 102 306 352 419 353 125 309 115 232 159 322 572 177 135 120 186 252 386 455 57 132 666 307 496 426 423 239 263 388 326 311 302 567 355 373 311 418 120 369 442 542 254 566 281 290 463 279 77 620 233 431 387 308 347 195 138 505 399 312 438 163 114 452 509 259 200 312 176 511 518 568 335 418 173 373 349 171 300 514 197 180 232 378 428 345 185 572 252 385 405 503 534 120 391 349 382 233 445 130 387 385 191 334 400 579 210 445 319 377 239 454 447 74 649 112 568 478 351 167 409 246 243 296 426 525 337 239 382 486 446 405 109 389 402 392 303 468 165 461 314 165 615 221 144 545 411 247 455 337 194 130 434 355 513 212 376 278 554 309 92 593 308 445 529 376 346 459 527 477 461 445 198 423 485 302 406 89 470 349 486 374 252 706 
295 724 336 629 523 578 297 191 580 304 333 -1 86 381 256 546 560 410 385 159 85 275 227 493 217 118 188 284 551 219 440 403 217 243 426 786 278 459 372 637 279 702 680 210 163 61 421 612 621 595 568 599 504 456 454 162 133 351 237 632 161 529 675 468 364 754 100 517 517 615 505 528 234 415 243 645 106 203 387 351 548 495 425 351 419 652 185 289 112 605 365 665 669 502 450 265 498 500 322 653 462 38 323 669 566 119 287 457 218 448 207 241 73 206 585 438 644 76 249 438 110 321 539 277 343 698 183 492 677 403 713 301 900 518 31 166 430 369 390 213 635 688 325 450 464 202 191 701 346 721 548 370 634 791 343 638 593 420 718 160 330 385 316 289 400 193 293 463 211 683 349 131 709 80 314 143 380 270 577 120 408 140 652 153 843 810 757 772 141 155 153 435 391 418 592 98 343 548 475 785 
241 739 330 555 509 632 256 153 585 219 336 86 -1 302 241 622 542 426 318 244 124 355 255 438 226 169 177 359 465 185 459 381 266 308 498 774 278 449 332 643 202 662 635 273 103 82 485 584 636 513 515 548 554 378 456 76 204 271 173 553 235 569 618 416 383 681 131 444 579 636 562 530 269 328 329 643 155 180 412 265 468 452 464 280 385 582 202 239 196 545 325 631 684 496 506 199 520 513 265 614 536 51 278 592 584 51 201 371 199 456 121 322 153 152 517 421 599 61 301 371 64 261 547 192 413 678 246 413 624 398 632 276 888 438 115 182 351 313 442 138 579 621 248 404 392 152 123 668 375 724 482 288 623 771 385 575 557 452 642 123 296 302 231 351 314 275 344 459 132 692 266 125 702 61 247 65 362 260 611 121 322 58 625 123 818 804 723 757 174 92 193 373 469 425 521 184 258 488 517 705 
166 735 353 257 439 772 418 368 565 187 381 381 302 -1 293 840 449 480 95 522 423 606 402 224 347 399 294 596 195 237 512 324 456 526 713 669 347 412 470 618 263 468 425 493 225 382 672 446 644 217 294 329 688 76 456 245 507 256 163 250 486 671 369 221 458 384 358 149 751 664 717 510 427 143 605 590 454 268 496 121 167 286 578 69 278 293 475 380 478 292 230 465 685 457 665 310 569 538 149 430 755 353 198 291 608 304 136 122 427 477 213 582 453 200 237 365 397 355 486 120 333 355 544 194 629 557 472 110 390 393 331 269 778 136 413 347 49 153 601 169 336 339 58 243 109 347 295 501 480 678 214 26 541 639 524 308 394 546 340 254 242 225 108 552 84 542 518 439 255 668 212 306 624 308 318 239 329 486 685 400 181 273 484 369 662 718 545 642 375 307 485 152 705 452 231 473 177 242 633 403 
128 507 90 471 269 480 491 392 346 359 104 256 241 293 -1 555 304 206 232 318 339 356 120 280 69 181 67 334 488 72 239 147 185 260 430 533 55 208 565 405 391 454 439 234 160 303 383 357 405 494 343 369 396 341 217 267 379 437 152 504 255 385 454 250 173 582 164 370 458 412 424 290 144 408 382 402 362 62 209 351 437 256 287 227 173 473 435 467 289 396 133 412 452 254 372 411 302 284 152 405 474 259 115 519 357 288 302 412 441 223 286 342 316 128 404 182 402 296 208 272 306 475 311 341 351 442 222 379 448 157 588 52 648 405 279 105 327 182 308 191 415 496 243 219 316 387 344 448 188 484 361 300 382 535 230 436 342 259 566 120 93 441 310 274 360 316 231 218 330 454 409 125 460 188 450 207 124 502 409 357 428 275 396 365 587 562 504 518 144 323 409 248 435 192 423 297 382 344 342 651 
682 582 536 1022 639 230 827 729 567 836 503 546 622 840 555 -1 679 452 788 399 591 273 438 813 493 460 545 262 1034 602 443 620 384 319 127 793 510 587 896 589 824 891 903 354 635 597 177 763 524 1049 856 870 254 895 530 696 526 893 679 1060 386 324 960 783 437 1123 503 925 153 485 200 559 413 927 331 641 580 571 409 863 992 760 332 779 680 1015 665 828 440 920 672 828 551 590 218 812 438 484 707 849 86 584 670 1071 485 665 800 949 736 497 738 309 516 642 948 614 871 620 353 826 656 866 531 810 212 775 380 934 939 549 1143 597 872 960 529 494 879 736 262 692 925 1029 784 743 872 744 737 850 396 659 905 841 684 843 338 964 791 373 1116 593 637 922 821 287 893 356 323 561 754 602 886 544 709 574 861 652 594 764 384 645 932 681 785 690 915 774 900 803 472 702 608 799 156 495 972 460 872 878 307 1205 
332 306 227 458 43 502 779 687 153 599 241 560 542 449 304 679 -1 233 354 594 643 585 367 254 349 470 372 551 598 357 236 160 425 486 581 234 287 109 849 189 654 212 231 477 447 607 509 84 241 558 240 234 436 444 152 551 678 679 402 528 523 379 313 240 265 513 464 413 535 278 488 127 379 592 637 145 666 362 279 558 505 175 347 387 176 421 739 749 576 308 237 149 267 89 461 685 249 200 326 173 619 564 286 506 235 584 535 563 740 183 556 586 616 402 374 121 205 599 425 344 605 747 165 590 532 138 480 467 281 167 596 266 348 482 582 399 451 300 425 453 289 410 433 208 387 678 630 173 309 231 342 471 92 231 366 349 125 307 536 418 252 664 526 471 533 577 416 124 606 233 641 429 175 492 715 496 180 802 350 660 629 566 109 663 286 273 227 215 434 615 713 305 617 194 408 589 607 295 376 633 
317 314 127 598 191 308 683 579 178 565 102 410 426 480 206 452 233 -1 400 393 495 360 183 379 199 297 253 324 668 278 33 182 221 266 348 408 154 135 759 231 595 442 451 266 362 468 278 316 211 657 410 421 228 511 81 466 504 643 357 650 322 194 510 351 46 686 310 516 317 210 272 137 183 607 421 253 510 262 45 554 599 315 122 410 244 580 596 662 388 477 260 381 259 145 235 611 96 89 330 398 387 428 282 649 157 477 507 603 621 52 490 366 448 334 518 165 418 470 209 422 489 676 134 547 299 352 277 546 487 103 730 212 515 568 422 247 505 338 193 397 477 586 438 309 471 578 541 407 82 317 476 493 266 436 134 522 338 81 689 318 239 647 513 242 556 368 190 110 531 274 615 300 323 366 653 406 162 677 206 527 631 470 342 546 502 418 460 405 269 516 557 386 383 43 546 406 588 442 166 783 
108 641 275 250 344 700 483 417 472 265 306 385 318 95 232 788 354 400 -1 507 442 574 351 139 296 374 254 558 268 195 430 234 411 485 663 575 281 320 542 525 335 384 345 455 221 401 615 352 553 262 215 251 617 112 367 280 517 341 148 272 460 594 306 130 384 370 337 141 687 575 650 418 375 238 585 495 473 226 421 210 205 193 506 44 184 266 511 447 467 230 141 376 592 364 601 377 485 450 81 343 706 364 121 294 519 335 204 213 477 391 261 554 458 181 199 273 315 378 438 53 363 430 453 265 582 463 438 148 320 306 357 196 684 173 417 309 105 62 539 181 269 303 93 148 85 399 346 412 411 582 164 118 446 547 460 257 303 471 343 234 161 316 186 505 179 519 464 349 310 574 298 282 528 306 394 253 242 538 602 431 276 306 391 410 573 623 458 548 343 349 511 65 663 368 208 466 263 174 559 422 
404 689 369 757 552 472 428 331 572 463 352 159 244 522 318 399 594 393 507 -1 192 126 226 592 254 138 263 147 702 316 415 455 173 143 287 799 311 485 498 623 436 768 756 129 297 201 302 661 590 740 660 687 411 593 459 320 137 508 364 770 71 453 770 563 348 877 170 646 398 573 397 528 216 571 85 646 183 289 357 507 689 575 362 480 490 771 271 429 47 708 448 721 636 519 347 418 463 480 433 719 318 197 418 800 534 277 443 609 338 442 365 90 117 328 702 479 719 227 187 558 263 468 527 436 214 728 116 631 766 427 853 370 908 657 135 213 570 477 299 354 731 802 464 536 591 347 346 755 314 710 662 514 651 819 284 745 656 372 849 273 409 544 470 189 551 44 220 478 369 663 508 224 716 215 467 292 428 371 512 246 566 299 697 292 879 812 811 793 174 310 216 546 242 417 715 62 502 653 399 923 
362 809 421 678 608 647 235 139 666 307 419 85 124 423 339 591 643 495 442 192 -1 318 312 561 303 200 271 335 573 296 525 486 295 309 478 871 363 544 306 723 261 779 754 279 225 41 484 693 706 628 637 670 577 499 540 180 93 335 297 672 222 606 741 537 449 804 186 567 581 699 573 614 317 428 268 731 31 283 471 368 586 570 505 404 498 706 100 237 154 669 441 744 754 588 519 234 582 585 388 730 510 82 396 713 651 121 308 479 147 534 221 282 75 273 641 522 718 67 325 495 95 278 625 281 400 782 254 533 747 488 749 382 985 557 76 252 472 436 462 262 702 746 371 523 516 158 171 781 429 807 607 406 719 875 422 699 671 502 763 234 408 378 340 356 424 235 368 549 204 769 345 214 795 153 281 189 463 190 657 53 412 152 734 102 925 896 837 857 226 138 71 497 435 503 645 132 347 612 552 822 
466 622 378 822 542 362 554 456 531 573 353 275 355 606 356 273 585 360 574 126 318 -1 239 635 286 207 320 38 795 379 373 470 172 100 163 766 329 476 624 575 554 779 775 121 386 324 190 661 531 823 695 718 312 672 437 431 258 625 443 845 122 366 806 605 321 936 250 715 281 506 288 496 218 673 78 609 309 348 316 609 769 603 291 555 517 828 396 554 167 751 488 724 573 501 245 539 407 435 494 731 192 314 469 868 476 395 545 705 464 412 475 36 243 406 758 483 739 348 161 620 384 592 486 546 100 711 136 710 795 421 929 407 869 737 256 264 651 533 213 445 767 852 548 572 660 471 466 755 278 660 716 603 626 796 229 792 667 314 916 352 449 657 569 118 647 83 170 462 486 609 621 300 680 314 589 393 441 496 430 371 674 413 693 416 862 769 811 765 232 430 339 601 116 393 776 186 611 700 316 997 
244 496 144 592 325 389 510 404 358 430 125 227 255 402 120 438 367 183 351 226 312 239 -1 397 55 113 111 215 597 165 212 234 67 141 312 577 90 258 586 414 443 547 539 119 217 286 270 435 394 610 455 479 308 457 237 309 322 502 245 623 156 315 566 367 137 702 129 489 353 388 325 309 24 501 276 428 326 135 160 440 554 364 210 341 278 593 412 494 211 512 249 496 441 294 270 450 271 273 269 498 355 248 236 640 339 306 382 516 442 225 342 230 265 211 524 253 502 291 87 392 314 514 315 407 231 502 115 495 556 200 707 168 688 521 238 74 441 302 204 268 527 614 348 333 435 407 376 530 120 499 481 405 427 593 135 553 434 197 686 171 211 517 398 154 461 213 115 253 375 458 482 134 496 194 496 251 205 496 356 346 514 306 471 370 652 594 586 568 86 347 373 368 314 197 544 226 461 462 264 771 
198 559 276 220 259 687 622 552 396 404 309 493 438 224 280 813 254 379 139 592 561 635 397 -1 349 454 328 612 345 278 402 197 463 538 694 453 310 263 682 441 474 245 206 514 336 519 635 229 483 304 77 112 608 197 322 412 626 478 265 280 534 570 181 30 380 310 425 159 692 513 650 351 420 363 661 400 590 303 413 345 251 79 499 184 135 202 638 587 557 115 147 241 516 294 607 517 446 403 173 205 737 479 174 270 462 463 344 321 611 353 398 622 564 288 138 219 175 500 482 104 491 570 390 405 622 340 503 215 186 276 355 228 558 228 523 380 210 125 552 308 141 217 233 70 138 535 482 276 417 484 97 250 341 417 475 156 172 459 309 333 186 450 325 546 304 594 497 295 448 487 435 373 419 413 534 376 220 673 563 557 405 436 264 541 437 506 320 424 419 482 631 74 708 339 167 561 400 65 546 404 
189 513 121 539 310 438 483 379 363 384 115 217 226 347 69 493 349 199 296 254 303 286 55 349 -1 122 61 265 542 110 232 202 116 191 367 569 61 244 559 421 403 514 503 165 172 272 325 410 410 555 411 436 355 402 236 270 329 458 192 569 188 355 522 319 157 650 118 435 406 409 376 310 80 449 314 427 322 82 188 389 499 322 252 285 237 542 403 463 229 465 201 468 457 285 322 415 294 287 215 465 410 230 183 586 357 277 333 461 422 232 299 273 268 159 472 229 466 271 142 338 289 479 323 362 286 486 154 440 514 186 653 120 683 466 236 51 385 249 257 218 483 565 293 287 381 379 342 503 155 504 430 351 417 579 183 505 402 232 633 125 162 469 346 208 407 248 170 246 336 468 435 100 492 166 458 211 175 480 390 330 464 272 448 347 635 592 559 558 85 316 370 316 368 201 491 240 412 413 307 717 
268 609 243 623 431 465 412 306 472 376 232 118 169 399 181 460 470 297 374 138 200 207 113 454 122 -1 125 201 587 180 325 324 99 141 334 688 183 364 488 528 371 635 621 106 179 179 316 532 507 616 521 549 389 466 349 238 210 437 237 641 87 410 632 425 251 742 43 514 410 499 393 422 117 469 211 541 213 151 271 404 563 438 307 350 354 635 300 401 107 569 310 590 554 403 337 368 382 387 297 585 374 146 280 668 451 218 341 497 337 339 279 182 151 199 566 351 584 190 133 423 218 428 429 350 248 608 80 504 628 306 725 233 799 531 125 76 445 340 275 237 592 664 341 398 459 313 291 625 229 613 525 395 536 700 225 607 523 302 717 144 271 462 364 182 440 145 177 363 300 572 426 93 608 115 416 191 297 388 458 239 472 227 570 269 756 707 682 677 37 258 259 409 313 310 580 118 412 515 357 794 
146 563 153 502 336 499 431 330 407 323 159 188 177 294 67 545 372 253 254 263 271 320 111 328 61 125 -1 305 488 58 287 215 162 233 418 601 101 274 506 466 344 518 500 201 111 235 381 424 460 507 397 425 416 354 278 213 313 397 134 525 208 416 507 299 214 618 100 395 465 463 436 352 135 389 335 466 294 27 246 328 451 315 313 237 235 511 367 409 230 444 186 478 508 320 381 358 349 338 174 468 461 192 154 548 410 226 272 405 376 280 239 301 250 99 441 250 463 229 192 300 242 422 369 301 334 510 184 393 504 221 609 114 715 419 212 55 335 215 316 157 467 539 238 274 340 327 287 514 215 547 400 296 449 603 243 482 407 292 596 65 148 408 286 258 350 268 226 282 278 514 374 57 527 122 400 153 192 436 449 290 403 217 463 300 654 628 570 586 91 263 341 284 412 248 457 236 351 390 368 676 
450 584 349 804 508 329 571 470 493 575 322 284 359 596 334 262 551 324 558 147 335 38 215 612 265 201 305 -1 787 363 336 441 149 74 143 729 303 443 642 537 561 748 746 103 380 337 157 628 492 811 669 692 276 659 402 434 284 631 433 831 123 328 780 582 287 916 245 699 251 468 254 460 193 670 114 571 329 332 280 606 756 576 253 542 491 807 418 569 182 727 465 692 535 466 209 549 369 398 477 700 177 322 449 851 438 402 543 698 482 377 477 63 261 395 738 452 710 359 132 603 394 605 449 548 67 676 123 697 767 389 915 384 831 724 269 250 639 514 175 438 742 830 538 548 644 483 475 723 243 622 696 594 590 760 192 769 637 276 899 342 426 660 566 81 641 102 135 427 491 570 624 291 643 313 599 392 413 518 392 388 673 418 660 431 826 732 778 729 220 439 363 582 111 359 757 203 611 678 278 981 
359 899 542 222 598 965 492 482 732 273 572 551 465 195 488 1034 598 668 268 702 573 795 597 345 542 587 488 787 -1 432 698 500 650 719 907 795 541 584 518 781 344 553 503 685 408 537 867 573 815 87 388 416 882 158 634 395 664 294 355 157 673 861 413 358 650 321 544 190 946 840 912 680 622 151 786 744 604 462 687 205 104 423 771 260 445 282 601 453 656 350 409 572 853 625 860 393 753 718 340 529 949 517 386 219 785 452 265 94 534 659 352 768 618 392 267 537 486 508 681 257 478 411 717 297 822 682 663 130 448 574 201 460 894 118 581 540 163 330 796 350 395 333 250 393 211 457 415 602 674 829 277 193 687 751 719 339 513 737 255 444 429 241 234 746 151 725 713 614 375 828 257 495 765 486 376 409 510 582 871 538 184 421 604 497 758 850 633 764 566 439 626 296 897 636 238 647 238 323 825 273 
88 578 160 444 326 545 425 330 415 286 177 219 185 237 72 602 357 278 195 316 296 379 165 278 110 180 58 363 432 -1 312 197 219 292 475 590 126 270 498 473 319 483 460 260 91 256 435 399 477 448 350 381 461 295 287 198 351 364 83 467 265 455 459 251 245 562 147 336 516 485 485 358 189 340 391 466 323 31 280 282 393 275 355 178 201 455 385 399 279 393 145 448 523 318 432 340 374 356 117 434 518 213 104 490 429 226 230 351 382 295 214 358 288 56 386 237 424 244 249 243 248 405 381 268 392 493 242 334 459 224 551 92 705 360 248 114 277 160 367 118 419 485 182 230 281 322 277 485 255 550 345 240 440 586 291 429 375 329 538 62 112 369 240 315 297 325 281 285 260 523 337 94 522 142 378 140 180 444 481 305 358 210 440 305 633 623 540 573 148 259 367 229 471 265 400 282 311 338 410 618 
349 284 160 622 195 285 715 611 158 599 135 440 459 512 239 443 236 33 430 415 525 373 212 402 232 325 287 336 698 312 -1 207 244 283 346 393 187 148 791 208 629 448 461 287 395 499 273 320 181 685 428 437 209 541 88 500 529 677 390 676 344 167 525 375 75 706 341 543 302 177 256 126 209 640 437 236 539 296 58 587 627 335 111 442 269 602 625 695 413 497 289 385 228 147 224 645 62 64 362 406 383 459 313 673 126 509 541 634 652 54 524 382 475 368 541 184 429 501 228 450 521 709 113 581 305 345 299 575 501 127 755 245 497 597 451 278 535 368 190 431 493 606 470 333 499 611 574 409 101 294 500 525 257 426 143 541 349 70 712 351 270 680 546 255 588 387 204 119 565 248 649 333 307 398 686 439 190 708 173 558 664 503 344 578 494 398 460 393 299 548 585 414 386 63 570 431 621 464 146 807 
181 411 91 416 131 490 619 527 242 451 120 403 381 324 147 620 160 182 234 455 486 470 234 197 202 324 215 441 500 197 207 -1 299 369 505 394 145 88 691 297 500 313 305 352 287 449 443 209 319 480 235 252 410 341 134 392 526 531 246 469 388 374 342 169 184 506 311 337 495 341 452 186 252 463 510 278 510 203 216 420 423 139 302 256 62 399 580 591 431 300 94 266 361 134 411 528 255 217 182 264 547 405 136 467 285 424 387 446 579 161 400 463 464 242 336 43 269 439 309 246 445 591 220 439 440 297 348 373 326 79 548 105 508 394 427 249 339 172 358 296 306 408 294 127 295 518 470 301 224 365 294 342 245 390 283 344 200 262 507 257 95 522 384 367 406 446 315 115 448 348 496 272 328 333 561 336 28 641 374 500 494 406 248 503 439 429 358 375 287 455 556 208 526 143 364 442 464 261 348 600 
304 523 208 656 383 366 512 406 399 463 186 217 266 456 185 384 425 221 411 173 295 172 67 463 116 99 162 149 650 219 244 299 -1 74 256 626 156 315 588 451 465 611 605 53 254 278 225 497 422 668 522 546 289 515 287 331 287 529 295 684 101 311 633 433 175 767 135 552 316 410 296 355 47 545 213 473 303 188 186 482 613 431 209 398 345 658 394 501 169 578 316 559 469 347 240 465 295 308 330 562 299 246 300 703 366 316 421 565 436 269 369 164 236 258 589 316 568 289 35 455 318 527 355 438 172 558 56 554 622 258 769 235 735 580 219 110 497 366 176 310 594 681 400 400 497 413 389 591 143 538 547 457 478 647 127 620 499 209 750 210 277 550 440 96 509 152 78 307 395 493 514 164 543 208 513 278 270 485 362 337 554 323 531 369 709 639 647 620 94 357 348 433 251 244 608 188 496 529 258 834 
377 548 277 730 443 338 539 434 441 518 252 243 308 526 260 319 486 266 485 143 309 100 141 538 191 141 233 74 719 292 283 369 74 -1 192 675 229 377 613 490 511 678 675 35 315 301 178 561 451 740 596 618 271 587 340 380 277 579 363 758 86 310 706 508 225 842 184 626 274 432 264 403 119 607 154 518 309 260 224 543 685 503 218 470 417 733 401 532 160 653 390 624 496 403 210 505 325 347 404 630 233 278 375 778 395 355 481 632 455 318 421 100 239 326 664 382 639 319 61 529 352 564 397 492 106 614 62 626 695 322 842 310 780 652 235 179 568 440 157 373 668 755 469 474 571 445 429 656 184 576 622 525 531 701 143 694 567 232 825 275 352 604 502 47 575 107 80 364 441 527 568 225 590 256 554 333 341 498 368 357 613 367 594 395 766 682 711 672 153 395 349 508 179 297 683 182 553 603 256 908 
556 536 418 900 539 220 714 613 487 711 386 426 498 713 430 127 581 348 663 287 478 163 312 694 367 334 418 143 907 475 346 505 256 192 -1 722 387 482 785 519 701 790 798 228 508 480 75 664 461 923 741 758 198 769 429 571 422 770 552 935 264 267 848 664 326 1004 377 800 130 427 155 469 287 800 233 565 471 445 303 736 866 645 237 653 563 895 559 712 325 804 551 729 495 492 137 692 355 396 581 746 43 464 546 949 413 543 674 822 625 398 613 198 404 515 828 504 764 501 226 702 536 747 447 685 86 689 254 808 829 438 1019 474 811 834 412 367 753 612 155 565 812 911 657 625 747 626 616 755 282 597 785 714 599 765 222 848 685 275 994 466 515 797 695 160 765 243 199 459 631 541 761 417 636 449 741 526 478 659 333 531 806 557 689 574 835 711 807 728 345 581 503 676 66 390 850 346 746 760 232 1081 
566 245 449 617 264 576 1013 920 237 829 455 786 774 669 533 793 234 408 575 799 871 766 577 453 569 688 601 729 795 590 393 394 626 675 722 -1 508 326 1083 203 887 269 319 674 681 836 647 224 269 739 408 384 538 651 340 785 898 909 636 695 727 468 425 449 452 630 687 604 639 310 592 271 583 812 830 158 892 593 450 784 694 383 487 612 408 565 968 983 788 459 469 227 251 284 586 919 367 332 557 273 752 793 519 657 309 817 765 775 973 357 790 775 838 636 541 353 320 830 617 555 838 981 280 822 695 113 683 667 384 383 747 498 114 677 805 621 663 527 573 687 422 535 660 427 591 912 864 206 490 141 520 693 152 72 537 488 282 456 673 650 486 890 755 648 753 776 597 324 840 196 869 658 86 722 948 730 411 1034 411 891 851 800 190 896 136 62 206 34 654 849 939 518 771 382 575 804 835 472 491 765 
181 461 60 513 248 425 533 431 307 412 57 278 278 347 55 510 287 154 281 311 363 329 90 310 61 183 101 303 541 126 187 145 156 229 387 508 -1 182 608 365 441 458 449 209 208 331 335 350 359 544 366 389 341 392 178 313 391 490 207 550 243 330 477 280 118 618 179 415 406 363 371 252 110 463 366 368 383 108 154 406 486 274 232 280 188 509 462 511 289 424 164 410 406 224 319 458 250 236 202 409 430 288 161 562 308 328 356 467 477 178 336 320 330 182 441 169 413 328 172 317 342 523 268 393 312 425 203 429 466 125 634 87 622 454 297 112 379 226 257 244 438 528 298 244 363 428 389 444 133 447 398 355 356 517 178 466 346 203 607 164 128 495 365 235 416 301 188 185 378 413 463 154 431 221 499 253 117 536 355 388 483 319 388 401 573 532 500 496 147 365 430 289 397 147 463 301 437 376 287 695 
268 323 122 483 67 431 696 599 153 537 132 459 449 412 208 587 109 135 320 485 544 476 258 263 244 364 274 443 584 270 148 88 315 377 482 326 182 -1 769 210 583 309 316 368 362 510 413 185 232 559 281 289 357 425 60 469 573 617 330 542 413 310 377 239 159 560 361 414 450 255 404 98 269 551 528 196 565 269 179 508 503 191 256 344 139 458 641 669 468 350 182 250 272 48 370 609 183 139 270 263 522 466 223 533 201 495 474 533 649 94 481 476 512 321 400 47 283 504 316 328 514 673 133 524 428 244 370 456 353 58 619 180 440 475 479 295 425 259 327 378 345 459 383 198 376 593 547 279 203 281 360 430 174 336 262 394 203 215 570 327 181 610 471 363 494 468 309 31 528 260 583 331 252 396 644 411 92 710 299 565 582 480 217 573 394 354 334 314 329 529 612 289 513 92 431 482 551 321 294 666 
519 1070 656 705 822 950 76 182 912 283 666 372 332 470 565 896 849 759 542 498 306 624 586 682 559 488 506 642 518 498 791 691 588 613 785 1083 608 769 -1 971 208 926 888 581 407 311 790 876 967 600 758 794 876 534 783 300 372 227 447 664 528 898 839 670 716 825 458 612 886 969 876 855 599 377 566 965 315 503 745 355 583 724 794 498 677 753 234 99 460 762 615 911 1015 817 822 166 853 845 532 883 816 341 565 722 916 281 338 444 160 786 293 588 381 448 704 734 857 298 621 585 272 114 876 277 706 980 555 551 859 722 720 589 1198 567 377 514 507 571 762 396 806 803 449 675 579 180 221 948 707 1049 685 444 936 1070 712 777 836 784 765 445 597 278 362 660 416 541 665 783 243 1020 270 458 1019 393 152 358 677 141 942 255 336 290 916 219 1107 1120 998 1062 502 243 291 608 739 755 692 439 301 711 845 791 
478 118 314 648 183 376 896 796 58 746 307 637 643 618 405 589 189 231 525 623 723 575 414 441 421 528 466 537 781 473 208 297 451 490 519 203 365 210 971 -1 790 364 399 495 564 694 444 251 69 745 429 420 334 624 187 672 735 827 538 717 552 265 493 424 278 698 537 600 436 113 389 115 414 759 643 60 740 467 266 717 691 361 288 552 340 609 823 872 620 496 391 300 78 162 383 814 169 143 480 340 549 652 433 696 106 692 684 737 842 189 687 588 679 527 564 254 380 692 437 524 708 879 98 733 497 204 507 650 457 249 785 386 294 667 652 471 627 465 374 586 474 595 592 387 570 792 749 306 309 86 531 638 125 256 347 536 307 261 724 525 391 820 681 458 702 595 410 189 733 50 793 519 120 586 851 612 301 901 211 752 792 680 248 766 328 194 341 214 498 728 787 484 571 219 598 637 761 485 288 821 
321 897 480 506 631 830 156 141 732 78 496 279 202 263 391 824 654 595 335 436 261 554 443 474 403 371 344 561 344 319 629 500 465 511 701 887 441 583 208 790 -1 719 680 476 233 238 687 674 796 417 550 585 750 330 606 135 354 73 253 475 437 758 632 463 557 630 331 408 781 804 761 675 462 193 519 778 288 333 590 154 390 519 653 290 478 551 262 117 390 555 417 706 842 631 705 49 691 676 330 677 739 240 368 529 748 159 130 257 190 615 104 521 327 264 499 543 650 210 500 377 173 95 700 69 616 780 449 351 651 542 540 404 1000 370 301 369 302 366 641 204 597 599 241 470 373 116 91 743 558 864 478 238 743 869 578 571 631 635 575 278 404 119 154 553 218 473 543 601 70 841 90 308 827 257 61 192 490 238 793 214 163 144 714 166 903 927 792 864 371 126 297 400 670 584 489 374 107 503 708 614 
422 463 402 356 252 712 864 788 350 649 426 702 662 468 454 891 212 442 384 768 779 779 547 245 514 635 518 748 553 483 448 313 611 678 790 269 458 309 926 364 719 -1 52 664 559 739 720 128 430 487 174 140 649 428 361 648 831 723 495 435 701 590 157 256 467 361 618 366 748 472 700 337 563 602 823 305 806 499 487 589 449 209 559 428 283 300 865 830 743 204 338 65 441 301 673 760 461 412 402 49 829 696 384 393 438 694 589 553 846 394 639 775 768 510 287 296 70 723 617 347 720 815 373 650 736 174 662 434 116 358 481 404 349 438 729 559 447 358 635 543 161 267 478 258 370 774 721 64 512 362 277 494 239 208 571 225 112 518 405 544 371 693 570 670 544 759 616 331 689 392 680 572 280 625 779 604 341 909 556 783 645 669 116 774 204 331 80 234 598 717 850 319 822 400 320 752 645 234 588 496 
393 503 397 303 267 733 828 756 379 609 423 680 635 425 439 903 231 451 345 756 754 775 539 206 503 621 500 746 503 460 461 305 605 675 798 319 449 316 888 399 680 52 -1 658 531 714 729 151 462 435 131 95 666 381 373 616 811 681 465 383 691 611 106 222 472 312 600 317 763 502 716 358 557 556 815 341 782 479 495 546 398 185 571 390 266 248 837 793 728 153 315 100 477 316 685 723 480 431 371 59 838 671 358 340 465 664 550 505 815 406 604 769 748 483 236 295 36 696 614 305 691 776 396 611 739 219 653 385 65 360 429 387 401 388 708 544 401 325 644 511 109 216 439 231 323 740 687 113 516 404 228 451 274 260 576 173 112 530 354 521 351 649 529 670 499 750 616 342 653 431 637 552 323 602 739 575 334 877 581 755 599 638 152 743 256 380 131 284 584 685 825 280 826 408 268 736 602 187 604 446 
347 560 261 702 435 369 506 401 444 482 239 210 273 493 234 354 477 266 455 129 279 121 119 514 165 106 201 103 685 260 287 352 53 35 228 674 209 368 581 495 476 664 658 -1 280 269 212 550 461 708 574 598 298 555 336 344 255 543 330 727 61 331 685 484 222 815 149 596 308 445 295 402 100 572 160 519 282 229 228 508 653 483 235 438 397 706 374 499 136 629 366 612 507 398 240 470 334 351 375 615 268 244 347 748 405 320 446 597 424 317 385 111 212 292 637 369 621 285 58 500 318 530 399 456 142 609 27 594 675 311 811 285 781 620 204 146 536 412 183 338 646 730 436 451 541 411 394 644 185 581 595 492 528 697 155 670 552 243 796 241 327 568 467 79 540 101 93 357 405 534 532 190 590 221 519 297 324 469 387 326 577 332 584 363 760 684 700 669 119 360 324 480 212 293 655 157 517 578 277 878 
138 667 250 466 417 607 334 239 506 213 263 163 103 225 160 635 447 362 221 297 225 386 217 336 172 179 111 380 408 91 395 287 254 315 508 681 208 362 407 564 233 559 531 280 -1 183 479 484 565 442 412 445 525 296 377 107 295 285 73 473 264 527 516 312 324 590 136 354 568 571 542 449 239 291 380 558 255 99 357 228 392 349 424 187 284 488 305 307 253 444 223 529 612 410 487 250 458 444 162 511 549 144 175 507 516 138 167 318 293 383 128 359 237 48 421 328 496 165 288 274 161 315 471 190 422 582 257 334 522 315 555 182 795 360 195 146 272 210 421 58 477 525 167 301 301 231 185 567 327 642 385 218 531 674 352 476 455 403 556 46 196 299 186 349 260 318 327 376 170 614 264 90 613 85 290 49 271 356 560 224 299 119 525 218 718 715 621 662 162 168 295 273 491 352 428 249 243 388 479 626 
321 782 388 637 572 638 237 133 636 276 388 61 82 382 303 597 607 468 401 201 41 324 286 519 272 179 235 337 537 256 499 449 278 301 480 836 331 510 311 694 238 739 714 269 183 -1 479 655 679 590 596 629 565 459 508 142 127 311 255 632 217 590 699 496 423 763 158 526 576 675 564 583 295 394 282 699 72 246 447 333 546 530 486 362 458 665 131 232 157 627 401 705 727 554 510 216 558 558 346 690 514 43 355 673 625 86 272 442 157 504 185 289 89 231 599 485 678 29 310 454 64 268 596 249 398 745 243 493 705 455 710 344 951 517 68 222 432 394 450 220 660 704 330 482 474 146 146 742 406 777 565 367 684 838 404 658 632 481 723 194 369 351 303 348 387 241 354 516 175 740 316 178 762 115 265 148 427 209 638 59 381 115 696 94 888 863 797 822 200 111 112 456 441 474 603 138 316 571 536 783 
511 464 358 846 468 172 716 612 412 688 326 421 485 672 383 177 509 278 615 302 484 190 270 635 325 316 381 157 867 435 273 443 225 178 75 647 335 413 790 444 687 720 729 212 479 479 -1 593 387 877 678 693 130 724 358 554 440 753 515 885 262 195 783 606 260 946 357 750 96 353 98 395 246 769 267 490 481 405 234 707 820 582 163 609 502 838 572 710 331 743 495 658 422 420 65 683 280 322 535 676 109 457 496 895 338 533 647 786 631 326 594 221 412 480 771 438 696 497 191 651 530 742 372 664 90 615 239 762 763 372 969 421 737 788 412 334 710 561 85 534 748 851 618 566 698 623 607 682 218 523 728 676 524 690 160 787 617 202 940 435 461 775 665 134 731 258 154 388 617 467 739 389 561 430 731 503 417 671 262 534 779 543 617 573 760 637 734 653 320 573 518 623 131 320 795 353 722 701 157 1029 
357 360 291 409 124 585 808 723 227 612 311 612 584 446 357 763 84 316 352 661 693 661 435 229 410 532 424 628 573 399 320 209 497 561 664 224 350 185 876 251 674 128 151 550 484 655 593 -1 311 522 191 174 520 426 234 583 736 691 430 484 591 462 242 225 344 448 521 383 619 351 572 209 450 588 710 196 718 410 361 563 474 159 431 392 200 364 785 776 639 252 262 65 330 173 545 710 332 284 344 92 702 612 312 454 313 622 549 550 778 266 582 660 673 437 328 182 129 644 500 331 646 769 246 607 613 111 550 444 206 239 544 311 331 455 637 458 438 308 508 480 224 346 440 205 367 711 660 94 389 269 301 470 129 195 447 289 61 390 478 461 288 669 535 549 529 648 494 205 633 287 650 481 196 540 735 532 235 841 430 705 628 601 40 702 233 277 150 195 496 650 764 294 698 275 362 651 615 254 460 574 
494 103 316 696 224 308 892 789 87 758 302 621 636 644 405 524 241 211 553 590 706 531 394 483 410 507 460 492 815 477 181 319 422 451 461 269 359 232 967 69 796 430 462 461 565 679 387 311 -1 786 480 475 271 657 192 672 709 838 548 763 521 200 552 463 256 754 521 640 371 43 324 135 390 782 602 130 720 466 236 736 731 405 239 576 371 662 806 870 591 548 414 365 47 191 323 816 127 122 500 402 488 639 451 745 56 686 697 765 832 181 692 547 656 532 612 279 440 681 403 558 699 881 99 743 447 274 476 686 518 257 834 396 350 704 632 458 658 492 323 593 530 651 612 424 606 787 748 373 279 136 577 662 191 324 308 590 364 219 776 523 408 835 698 415 726 558 371 205 736 80 806 510 188 577 855 611 317 888 143 739 812 678 313 757 396 251 410 282 480 724 766 519 516 212 645 610 776 532 229 873 
366 863 535 140 563 961 569 549 699 342 567 595 513 217 494 1049 558 657 262 740 628 823 610 304 555 616 507 811 87 448 685 480 668 740 923 739 544 559 600 745 417 487 435 708 442 590 877 522 786 -1 331 355 878 153 614 448 716 374 379 69 703 851 339 322 644 233 575 145 950 814 913 652 635 225 822 703 660 479 681 268 57 383 767 270 420 201 666 530 695 283 396 513 820 595 863 467 736 697 342 468 966 564 383 131 760 507 320 159 604 641 408 799 666 417 200 512 423 561 697 235 534 490 690 362 841 628 688 115 376 558 123 459 834 89 627 561 171 320 801 385 326 251 275 362 186 525 479 540 673 786 220 225 642 690 723 265 460 731 167 471 423 322 288 763 205 759 725 590 438 791 334 523 717 525 454 452 495 655 854 598 264 475 550 560 691 797 566 707 591 500 685 271 919 621 167 689 310 268 819 197 
