200
-1 476 856 336 436 340 300 647 367 691 579 1070 751 418 537 851 71 1016 839 586 575 520 585 735 393 715 85 499 807 369 427 941 819 664 731 143 797 677 853 231 655 750 426 892 593 517 457 1030 909 875 358 368 658 602 613 136 636 904 633 818 648 587 623 697 324 170 701 827 256 90 663 43 704 222 548 642 285 384 267 777 642 810 366 596 551 869 613 898 751 627 335 450 490 755 518 423 648 870 804 739 816 207 295 547 325 477 736 133 600 493 626 891 813 775 718 561 457 178 631 765 845 723 588 690 409 157 777 192 1002 408 780 703 687 258 930 633 886 539 563 626 269 964 445 674 313 521 695 72 535 150 727 192 664 829 475 404 559 155 131 674 738 363 336 731 914 601 811 802 277 898 427 661 757 647 579 532 970 201 944 845 723 903 888 495 527 401 795 474 509 132 505 278 639 690 477 504 245 411 747 792 
476 -1 379 250 46 141 180 175 488 543 157 716 325 72 175 562 541 639 518 245 179 213 340 259 245 506 433 241 531 136 444 569 348 223 269 559 367 458 500 265 196 295 75 502 225 118 109 632 457 449 202 253 744 136 688 367 413 571 555 359 587 390 326 222 256 306 225 492 278 502 493 447 780 422 75 643 388 94 438 453 166 556 523 120 293 557 175 550 650 300 433 200 517 339 44 226 379 410 342 262 347 364 238 384 503 222 400 407 565 87 532 482 376 427 275 508 414 409 227 326 371 323 234 724 136 535 362 294 640 484 580 231 442 321 614 316 608 309 596 152 221 636 166 363 359 411 265 452 173 437 417 432 469 425 592 72 260 374 365 324 580 418 159 483 536 646 355 325 224 464 580 258 524 279 439 88 550 297 510 582 367 536 443 189 122 309 383 475 582 463 263 324 458 318 150 324 360 159 277 429 
856 379 -1 585 421 517 558 213 798 680 314 566 246 440 392 552 919 476 485 391 339 443 502 122 552 605 809 486 548 501 724 436 85 243 178 934 256 571 428 637 223 173 437 369 362 366 420 433 195 268 546 579 980 260 928 744 547 498 739 145 771 560 445 160 602 685 154 453 643 879 632 826 1004 774 308 851 725 473 779 451 213 587 837 259 479 519 289 464 786 408 751 480 777 269 339 527 490 144 132 116 117 729 595 585 829 476 415 782 774 383 713 321 218 405 232 725 677 772 323 233 48 299 390 934 476 907 293 670 500 777 656 162 538 678 547 439 592 508 835 233 595 546 468 437 695 634 248 830 382 804 454 796 598 309 874 451 437 744 740 380 694 726 528 555 407 879 177 55 596 252 879 303 592 353 628 333 334 673 277 593 377 425 211 435 364 602 282 736 846 836 489 669 605 348 425 551 711 482 127 384 
336 250 585 -1 239 144 199 374 238 398 275 734 430 179 403 521 379 679 504 254 260 423 252 479 57 399 261 432 478 251 208 605 529 359 512 464 616 357 517 121 364 447 257 557 266 219 166 696 595 549 309 361 513 327 457 297 311 569 372 513 398 266 287 427 332 213 444 491 295 401 359 328 553 190 292 432 141 205 194 441 384 486 273 342 215 536 424 562 485 292 183 119 287 430 292 377 315 565 504 475 582 349 53 233 254 142 400 343 362 320 355 560 494 439 524 307 196 195 473 575 562 395 466 507 296 459 612 159 666 239 471 423 360 343 597 542 559 206 371 388 112 630 347 338 413 228 380 351 216 232 392 401 350 498 348 196 223 186 205 339 444 171 112 405 578 421 599 538 247 575 331 338 437 316 279 254 640 262 620 520 387 567 571 168 361 92 467 248 345 394 169 83 328 358 163 178 126 103 462 456 
436 46 421 239 -1 110 137 221 477 564 199 759 370 65 166 598 502 683 556 278 218 194 365 299 244 532 398 215 565 89 442 612 393 269 299 515 387 485 541 233 243 341 33 546 262 154 127 677 504 495 157 210 745 183 689 323 438 611 568 406 599 410 357 266 211 266 266 531 231 458 515 405 783 398 121 650 372 52 418 490 209 588 510 164 317 595 193 591 668 334 421 212 518 384 82 189 409 457 388 305 382 317 217 400 487 239 438 362 574 81 546 527 422 466 298 516 417 381 235 348 415 366 228 730 96 490 378 259 683 477 607 277 471 274 653 308 643 330 598 190 191 676 134 397 314 422 310 408 206 407 452 386 493 470 586 43 288 342 329 362 603 410 135 513 579 649 383 366 178 510 570 300 554 318 455 131 596 253 557 615 406 578 489 212 122 309 428 476 580 418 282 306 480 359 171 338 338 162 322 470 
340 141 517 144 110 -1 74 307 375 518 246 783 422 77 265 596 402 716 564 285 249 279 337 398 170 502 293 287 557 107 353 642 478 329 408 437 498 455 561 124 315 412 119 583 280 185 129 719 573 549 171 226 657 262 602 246 407 625 505 479 534 370 349 357 205 173 364 544 189 376 473 315 697 288 208 574 266 64 310 498 303 574 406 258 291 601 303 611 614 337 319 171 432 431 185 235 393 532 464 400 488 265 111 349 381 204 449 290 502 188 486 572 481 483 409 445 338 270 343 459 504 404 327 650 151 419 488 153 709 381 577 362 449 239 661 401 638 295 515 293 81 689 202 396 299 358 364 324 218 297 453 330 456 512 490 69 276 233 224 376 561 312 31 494 611 565 493 464 131 568 468 338 532 339 401 192 647 183 616 605 424 605 554 197 229 229 473 392 489 347 247 200 439 382 163 287 229 113 406 493 
300 180 558 199 137 74 -1 355 411 587 310 855 487 136 253 670 368 787 638 358 318 252 411 436 236 575 270 249 632 75 403 713 528 390 431 379 505 528 634 127 371 469 126 653 352 252 199 788 632 614 112 162 705 313 650 187 480 699 569 536 596 442 423 402 135 131 403 618 115 322 543 268 747 300 254 631 296 85 331 572 346 648 438 300 365 675 315 684 680 411 355 245 483 497 219 185 467 588 519 442 515 194 152 418 407 277 522 228 562 194 551 640 544 556 421 506 395 272 342 469 551 473 312 704 123 357 489 137 781 424 649 411 523 165 735 375 713 368 567 326 97 763 171 470 225 423 428 271 290 291 528 261 528 580 530 112 350 226 204 449 631 355 98 568 682 616 512 504 57 632 503 406 605 410 470 250 713 118 679 679 497 677 615 271 232 289 540 446 536 285 320 233 510 454 236 357 251 187 456 566 
647 175 213 374 221 307 355 -1 594 540 116 588 184 229 258 483 709 504 425 219 149 311 339 107 345 479 597 352 463 308 529 440 173 94 172 735 299 436 389 425 48 129 244 369 188 156 208 485 287 295 366 410 804 47 750 543 400 465 580 188 613 398 295 53 422 478 74 395 451 677 488 620 834 562 100 684 515 269 568 369 35 496 633 60 304 465 176 437 650 258 546 275 589 206 143 368 350 237 169 101 218 538 382 411 622 277 319 583 606 209 554 337 219 331 215 552 485 559 240 256 197 208 289 769 295 711 315 459 512 578 545 56 409 493 513 366 529 330 656 78 383 527 304 310 523 455 135 626 185 591 349 606 457 289 681 244 260 531 529 254 565 522 315 440 406 703 251 164 399 303 680 164 482 210 462 120 394 473 348 514 278 413 277 235 209 400 246 547 658 639 300 457 456 231 217 366 499 270 101 323 
367 488 798 238 477 375 411 594 -1 358 483 806 602 417 640 567 365 774 579 419 458 654 345 702 251 408 285 658 523 477 95 706 731 557 745 509 853 386 615 289 574 641 493 678 443 438 395 807 768 702 523 567 305 549 254 415 360 642 282 702 290 313 405 646 530 354 668 579 474 456 348 388 350 148 524 275 116 439 102 530 610 512 39 572 340 597 663 649 395 430 56 319 127 594 529 596 398 750 697 695 810 493 264 269 55 321 509 450 240 558 282 696 665 549 761 213 148 196 712 812 767 555 702 325 524 524 850 301 750 46 458 637 409 512 654 776 591 314 195 620 314 691 576 446 585 221 566 422 415 217 484 520 362 640 121 434 374 241 284 477 403 72 345 443 686 235 831 756 443 732 93 514 455 475 271 481 777 420 772 546 515 669 739 362 599 195 620 125 143 482 314 178 336 506 377 266 166 333 670 573 
691 543 680 398 564 518 587 540 358 -1 432 474 436 502 718 237 707 465 275 322 398 756 206 633 352 84 605 780 200 619 271 410 596 456 712 832 839 109 332 516 497 508 595 412 352 433 437 514 567 479 688 744 335 512 298 689 140 327 93 544 113 153 245 575 722 607 609 291 692 772 51 698 345 473 529 199 405 559 435 259 571 173 385 555 251 277 687 346 110 282 365 353 240 415 566 745 192 576 551 617 744 747 451 169 413 325 273 733 148 631 79 449 480 299 753 147 233 513 751 797 636 381 774 271 652 836 853 550 433 312 101 553 142 741 322 858 247 234 230 603 510 360 697 242 809 172 436 727 379 546 234 796 83 412 331 534 290 538 574 300 47 332 489 140 403 251 787 660 640 511 372 386 124 334 118 479 519 660 536 203 306 380 535 354 664 308 417 232 280 779 281 419 85 332 394 230 446 410 565 326 
579 157 314 275 199 246 310 116 483 432 -1 559 177 173 307 412 635 483 363 110 34 355 227 223 237 379 519 390 384 287 413 412 254 85 286 683 410 333 342 349 91 173 232 347 82 61 121 480 329 303 357 409 688 80 633 492 293 415 466 240 499 285 192 165 410 417 191 336 421 622 380 558 717 465 105 569 411 232 466 299 142 412 522 122 189 403 257 393 542 159 436 165 472 187 155 383 248 293 229 213 335 504 294 296 514 162 247 536 490 232 440 330 236 270 322 435 369 468 322 367 287 166 355 653 294 664 422 386 483 465 449 154 310 468 458 438 458 215 539 170 310 479 321 218 513 338 118 569 69 503 268 571 351 271 565 201 145 448 453 172 461 411 244 346 379 586 368 273 363 322 567 100 389 125 348 69 403 427 370 435 211 379 309 120 252 287 230 430 542 592 183 358 347 162 112 249 402 175 188 272 
1070 716 566 734 759 783 855 588 806 474 559 -1 403 724 845 240 1107 90 232 498 542 898 487 612 677 402 992 937 283 845 711 148 498 502 706 1198 816 419 221 849 543 468 791 219 503 608 656 141 372 306 916 969 794 599 765 1019 449 166 567 439 583 498 447 581 967 936 613 243 971 1135 464 1062 791 883 654 664 812 786 857 293 621 301 839 641 519 208 762 172 518 448 794 627 704 383 707 940 424 423 460 590 679 1049 779 542 859 597 336 1065 622 784 551 255 377 300 764 612 659 911 822 785 521 393 876 720 853 1189 849 889 76 762 377 555 398 1020 152 950 227 532 705 665 822 114 877 396 1070 585 458 1083 565 948 342 1112 444 298 803 755 515 916 940 407 444 758 769 362 182 722 739 588 912 315 840 458 355 445 534 628 234 965 291 270 358 180 355 589 794 675 341 685 753 1120 565 796 470 402 620 571 836 677 528 290 
751 325 246 430 370 422 487 184 602 436 177 403 -1 351 441 318 803 320 254 184 176 494 273 230 382 359 686 534 307 460 518 255 161 102 323 859 446 326 209 520 140 80 401 184 165 237 295 307 166 126 527 576 746 197 696 668 306 285 500 109 531 327 211 185 581 593 220 222 597 798 389 732 766 616 256 613 554 408 608 209 218 345 642 238 263 292 360 255 541 178 565 311 557 25 308 542 249 150 115 208 326 681 459 359 643 293 170 713 539 383 474 157 64 165 378 494 465 626 422 408 200 55 474 695 460 841 472 559 327 574 411 158 293 643 334 549 361 291 606 262 483 345 478 194 684 411 60 745 216 663 208 748 354 105 660 377 228 613 622 140 448 534 418 309 221 647 379 234 540 146 674 92 346 127 395 240 226 605 193 355 131 228 140 262 391 415 62 519 625 769 288 511 364 106 274 338 555 340 145 149 
418 72 440 179 65 77 136 229 417 502 173 724 351 -1 231 550 479 652 512 231 183 259 306 323 180 474 368 278 515 125 378 580 401 254 340 512 439 426 503 197 238 336 93 517 220 116 71 652 497 477 198 254 681 184 624 320 379 571 504 403 534 349 305 280 245 250 288 490 248 452 453 392 718 350 132 585 316 64 365 446 227 535 452 182 258 551 246 553 604 287 362 149 453 361 116 244 354 455 388 324 417 330 166 336 431 176 395 363 509 144 482 504 408 426 347 451 352 338 295 398 427 337 293 665 150 492 433 229 649 415 549 285 415 296 609 373 594 269 533 220 154 635 195 348 347 357 291 400 159 368 405 397 433 444 524 34 233 305 300 320 542 349 88 458 548 584 426 388 190 495 510 270 498 278 391 116 577 254 543 564 366 544 480 155 184 245 404 411 517 420 221 252 419 321 114 274 288 97 329 434 
537 175 392 403 166 265 253 258 640 718 307 845 441 231 -1 719 608 762 668 410 337 54 513 276 411 677 520 97 692 177 608 697 399 343 223 579 261 630 640 376 301 385 146 626 386 287 284 743 532 552 182 197 912 248 856 406 585 715 730 435 761 564 493 277 229 376 256 640 288 534 667 499 949 548 202 815 531 200 574 606 227 719 672 204 467 708 103 689 825 464 583 374 684 462 154 139 548 477 414 292 310 365 376 559 646 397 553 432 739 88 707 595 476 574 191 681 584 524 95 232 405 457 62 896 130 546 239 390 769 643 750 300 611 309 760 142 765 484 765 184 337 778 93 525 310 585 387 491 342 544 576 428 642 547 752 207 431 479 456 479 754 574 294 651 663 815 287 338 260 558 733 399 692 433 614 244 650 336 601 743 516 668 528 364 55 476 503 643 747 479 438 465 633 466 325 499 493 328 339 570 
851 562 552 521 598 596 670 483 567 237 412 240 318 550 719 -1 881 230 67 319 384 767 268 547 464 161 769 801 44 676 472 182 468 388 640 984 764 181 129 640 435 398 632 207 337 445 479 282 393 300 749 804 567 475 533 815 216 93 330 406 349 266 246 498 795 731 534 98 785 922 223 848 570 653 517 433 581 614 623 114 518 64 599 522 309 44 657 119 300 263 558 427 464 292 567 787 206 420 421 526 643 856 570 309 621 395 166 861 384 643 312 255 333 154 692 372 422 684 722 725 503 277 763 497 694 980 788 680 196 523 149 472 164 835 87 845 46 314 467 560 620 125 729 201 894 348 350 872 392 721 145 915 204 244 563 584 319 695 722 240 214 522 576 124 185 487 697 550 727 328 599 322 115 286 295 478 306 769 339 46 205 160 362 399 664 450 270 445 513 914 356 572 230 254 436 346 610 483 464 169 
71 541 919 379 502 402 368 709 365 707 635 1107 803 479 608 881 -1 1056 874 633 628 592 620 800 434 738 117 570 837 438 437 983 879 720 799 160 868 704 893 286 714 807 494 936 642 573 513 1074 964 925 430 440 638 663 598 208 665 940 642 875 653 615 663 760 396 237 766 865 328 130 684 114 684 233 610 638 303 449 272 814 706 837 356 660 590 903 682 937 758 670 343 497 492 806 583 495 682 928 862 803 883 277 344 573 316 521 776 201 604 561 637 938 866 816 788 570 474 197 702 835 906 772 660 677 480 189 848 250 1041 408 800 764 716 329 963 705 914 575 558 692 326 998 517 713 382 542 749 136 587 161 765 253 688 877 461 468 602 192 181 718 754 374 394 759 956 591 879 866 348 949 410 712 782 695 600 592 1018 273 996 872 766 944 942 543 597 432 844 481 500 188 546 311 662 736 529 536 271 463 808 835 
1016 639 476 679 683 716 787 504 774 465 483 90 320 652 762 230 1056 -1 196 434 469 815 440 523 623 386 940 855 266 771 679 74 408 421 617 1139 726 393 163 790 461 381 715 137 435 536 587 63 282 217 841 892 797 518 763 956 414 138 558 349 578 461 393 494 893 875 525 196 901 1076 446 1005 799 839 575 663 769 714 817 245 536 294 810 558 466 187 676 125 527 388 756 567 683 301 627 861 380 332 371 502 589 981 722 506 826 538 280 1002 612 703 539 167 289 240 675 593 626 863 735 695 430 316 791 726 776 1127 759 831 38 733 378 468 366 949 153 863 234 483 694 580 760 122 798 343 997 553 378 1024 497 901 294 1046 421 215 785 683 456 864 884 343 444 721 704 338 104 717 649 498 842 225 817 383 342 377 507 551 146 899 202 270 294 112 265 526 711 628 259 659 737 1057 510 746 446 333 553 526 788 614 439 224 
839 518 485 504 556 564 638 425 579 275 363 232 254 512 668 67 874 196 -1 281 339 718 254 484 447 193 760 753 79 637 484 135 401 331 578 968 701 196 63 621 377 334 590 144 294 402 442 239 326 233 710 765 611 421 573 793 219 65 366 339 388 267 219 437 758 710 472 32 754 905 251 832 618 651 467 475 580 577 626 66 460 117 614 468 288 40 601 72 353 227 563 401 486 229 518 744 192 353 355 463 578 828 551 312 631 370 117 840 419 595 345 190 266 94 631 397 431 679 665 663 436 217 710 544 652 961 726 661 171 537 202 410 169 804 97 790 107 300 500 503 596 126 684 169 859 358 291 855 353 716 112 890 225 177 588 546 290 685 709 194 262 528 547 142 128 526 633 484 696 262 620 268 152 239 310 431 248 743 276 111 152 104 296 367 613 442 204 462 541 894 335 563 249 201 402 338 603 455 400 105 
586 245 391 254 278 285 358 219 419 322 110 498 184 231 410 319 633 434 281 -1 76 455 119 320 201 269 515 486 286 356 338 359 316 148 392 705 518 223 277 357 181 224 312 305 31 126 160 444 351 296 429 485 591 189 538 522 182 340 360 282 393 178 83 260 477 440 292 260 473 643 270 573 618 434 211 467 370 295 424 214 249 311 459 233 88 319 367 326 432 56 381 136 386 179 255 468 139 330 279 306 432 550 291 195 459 112 164 568 388 329 334 305 248 198 431 336 287 448 432 475 355 142 461 551 374 693 531 398 425 393 340 242 201 523 378 545 364 117 444 281 326 405 410 118 578 243 147 590 72 485 174 614 240 244 485 265 46 440 455 91 351 350 270 240 330 490 471 358 415 323 494 94 282 62 243 165 385 466 367 337 140 322 323 92 355 230 213 345 455 623 104 331 237 104 121 160 375 180 265 210 
575 179 339 260 218 249 318 149 458 398 34 542 176 183 337 384 628 469 339 76 -1 384 193 254 217 345 511 416 355 303 385 397 273 100 320 684 444 300 323 343 117 187 251 334 49 66 121 470 336 301 374 428 655 114 601 495 259 393 432 253 465 251 158 195 425 418 223 313 431 622 346 556 684 449 136 535 392 245 447 274 175 382 498 157 155 378 290 373 508 127 414 144 442 182 183 405 215 305 244 242 366 513 284 262 492 136 221 539 456 258 406 323 238 248 356 402 340 455 355 401 309 155 386 620 314 668 456 383 466 438 416 181 277 479 435 470 430 181 507 205 307 458 345 188 528 306 121 570 44 491 239 578 317 262 537 213 111 438 447 145 428 387 243 314 364 554 400 300 373 322 540 88 356 100 314 93 398 433 369 406 188 362 313 97 281 263 223 400 512 596 152 343 313 140 99 217 387 165 212 252 
520 213 443 423 194 279 252 311 654 756 355 898 494 259 54 767 592 815 718 455 384 -1 554 329 437 719 511 43 739 179 630 750 453 396 270 550 290 672 691 379 354 439 167 679 433 330 319 797 586 606 161 162 935 299 879 385 626 766 763 489 794 602 537 331 200 366 310 690 265 508 706 479 974 553 250 844 542 217 582 655 281 766 684 256 506 758 154 741 861 510 598 407 708 515 200 102 592 531 468 345 355 336 390 594 657 432 602 406 768 126 741 649 530 624 232 711 610 525 130 267 458 508 70 923 130 514 263 388 822 661 793 354 655 279 811 122 813 522 790 239 344 830 81 572 269 616 439 468 385 542 623 395 682 600 770 231 473 477 450 527 793 592 310 695 716 840 326 389 248 613 748 450 737 481 649 290 704 319 656 790 565 720 582 402 104 501 556 667 768 451 475 477 671 516 362 533 501 357 393 622 
585 340 502 252 365 337 411 339 345 206 227 487 273 306 513 268 620 440 254 119 193 554 -1 438 195 167 505 580 226 429 253 368 423 264 512 716 637 120 278 372 299 331 397 334 150 227 237 467 432 359 501 558 477 307 426 547 72 320 241 381 274 59 62 379 542 463 411 246 524 654 155 580 501 398 322 349 328 367 376 195 368 237 383 350 48 284 480 318 315 95 319 165 285 259 360 551 63 423 382 424 551 591 302 85 393 133 165 593 272 428 215 351 331 205 549 223 199 424 544 594 463 220 568 433 457 711 649 411 422 310 242 360 111 574 345 652 307 46 334 398 353 379 499 101 637 138 254 603 172 461 146 648 128 295 388 340 83 430 455 136 240 284 314 157 346 376 590 474 468 390 407 199 194 150 125 273 432 503 428 270 170 330 401 152 459 188 279 248 352 646 90 309 120 168 193 85 349 224 379 229 
735 259 122 479 299 398 436 107 702 633 223 612 230 323 276 547 800 523 484 320 254 329 438 -1 452 567 691 373 534 378 636 470 127 177 95 812 216 527 437 521 139 151 314 398 289 264 312 492 264 306 424 459 909 153 856 622 494 513 680 175 713 498 389 59 480 565 35 452 520 757 583 705 937 666 192 787 620 351 674 436 96 570 741 141 407 522 174 481 743 351 653 383 696 255 217 408 441 208 153 22 112 606 483 515 729 385 391 659 708 261 654 357 236 393 152 655 593 660 220 178 129 272 284 871 354 785 242 552 539 686 628 80 497 556 562 346 591 434 761 110 478 570 348 395 574 560 202 708 292 691 426 674 550 323 788 331 363 629 623 337 655 630 412 523 437 808 154 67 473 303 788 248 563 299 563 224 394 550 340 583 350 449 267 343 243 507 285 654 765 713 406 561 552 309 324 471 602 376 86 379 
393 245 552 57 244 170 236 345 251 352 237 677 382 180 411 464 434 623 447 201 217 437 195 452 -1 347 317 451 422 276 199 549 490 317 494 521 605 303 460 176 328 405 269 502 216 188 145 640 548 498 341 395 500 298 444 352 256 512 335 470 364 213 230 397 371 268 417 434 340 458 310 385 538 233 273 407 174 222 229 384 359 431 289 321 158 478 418 505 445 236 201 72 273 380 284 404 258 521 462 445 559 400 106 184 278 89 343 398 333 324 316 506 446 383 513 276 172 246 472 563 525 344 473 486 316 515 605 216 609 241 420 390 304 390 540 553 502 149 353 369 161 573 366 281 457 188 335 408 173 283 335 455 298 445 348 205 168 241 262 284 396 179 139 350 522 404 581 507 288 524 340 289 382 264 234 230 587 312 569 464 332 511 522 121 364 64 415 231 337 450 112 129 278 304 127 125 173 85 426 400 
715 506 605 399 532 502 575 479 408 84 379 402 359 474 677 161 738 386 193 269 345 719 167 567 347 -1 631 747 120 596 315 328 520 391 650 853 777 47 248 521 434 434 565 327 297 390 405 432 484 395 668 724 419 456 380 696 95 248 173 465 196 134 187 510 707 613 544 206 685 791 62 717 429 506 481 283 435 535 473 175 512 103 440 501 215 199 636 264 181 221 405 331 302 337 523 719 130 495 474 549 675 747 452 168 463 300 192 742 226 593 153 364 399 215 694 210 268 541 701 735 559 305 730 356 625 853 794 558 355 364 75 487 69 735 249 814 182 207 307 547 508 287 666 171 800 196 366 744 334 577 153 801 50 329 401 508 246 559 591 230 88 370 476 55 319 333 721 588 630 427 437 319 47 269 140 433 434 659 452 137 227 296 452 320 622 317 335 285 352 792 255 437 76 260 360 221 470 389 493 242 
85 433 809 261 398 293 270 597 285 605 519 992 686 368 520 769 117 940 760 515 511 511 505 691 317 631 -1 497 725 344 342 866 766 605 697 228 775 594 777 172 600 692 394 819 524 458 398 957 847 808 351 373 581 551 535 157 553 825 548 759 563 504 546 649 329 144 657 749 260 172 579 103 627 138 500 559 200 345 183 698 596 727 287 551 473 789 584 821 666 553 250 379 406 688 477 422 568 812 747 693 780 239 226 463 246 404 660 178 515 464 540 820 749 700 691 475 372 93 611 739 794 655 576 609 389 239 758 139 925 324 695 652 605 278 850 630 803 460 480 585 214 884 432 597 344 436 632 138 469 68 649 246 580 759 397 361 485 75 68 601 653 277 281 648 839 520 780 757 263 832 350 594 673 577 494 478 901 199 878 762 649 828 825 426 502 319 726 388 427 199 429 196 555 619 412 423 160 346 695 718 
499 241 486 432 215 287 249 352 658 780 390 937 534 278 97 801 570 855 753 486 416 43 580 373 451 747 497 -1 771 181 640 789 497 435 313 519 326 699 728 376 394 480 185 719 465 360 343 838 629 648 146 132 945 338 889 362 652 803 782 532 812 626 567 374 174 353 353 726 242 480 731 457 985 549 286 859 544 229 581 689 323 797 686 296 532 793 198 779 883 541 602 428 719 554 234 75 621 575 511 389 398 307 394 615 657 454 637 380 785 158 760 690 572 660 273 727 623 518 171 305 502 546 107 936 136 483 296 380 861 668 821 397 683 249 847 134 847 546 802 281 345 867 85 603 232 635 478 443 415 532 656 363 708 639 776 248 501 469 438 561 818 598 319 725 755 852 367 433 235 655 751 486 766 515 670 323 746 300 698 822 601 759 625 427 143 514 596 679 777 421 498 480 696 551 387 553 500 375 436 659 
807 531 548 478 565 557 632 463 523 200 384 283 307 515 692 44 837 266 79 286 355 739 226 534 422 120 725 771 -1 640 428 211 463 368 624 942 750 137 142 599 415 388 599 223 306 412 443 314 400 307 713 769 533 451 498 774 172 127 292 403 313 222 210 482 758 690 518 103 746 879 182 805 539 609 490 398 537 578 579 98 498 39 556 498 269 78 634 147 273 230 514 387 421 282 538 754 166 422 416 513 634 816 528 265 577 355 144 820 346 613 273 267 331 143 675 330 378 640 699 711 500 262 738 465 661 937 773 638 235 479 123 456 120 797 131 820 80 273 428 538 579 168 697 168 857 304 333 829 359 677 116 875 161 246 521 549 282 652 679 213 183 478 537 79 208 451 686 542 689 337 557 299 76 259 251 448 327 729 354 51 185 183 369 362 636 406 266 401 473 872 315 529 187 231 400 303 566 445 452 164 
369 136 501 251 89 107 75 308 477 619 287 845 460 125 177 676 438 771 637 356 303 179 429 378 276 596 344 181 640 -1 460 699 480 359 363 433 431 549 626 200 332 431 64 635 344 236 196 766 593 585 73 129 764 272 708 246 501 694 611 495 640 468 430 351 122 202 347 614 143 380 572 334 804 374 210 682 364 61 403 571 293 660 506 250 381 676 243 676 718 412 420 266 539 473 165 127 479 545 477 386 449 230 213 450 477 296 519 281 609 123 591 617 512 550 349 552 445 347 267 396 499 454 236 758 48 406 414 213 769 486 671 364 539 185 734 302 720 390 622 267 165 759 99 474 225 463 400 332 284 367 530 298 553 559 594 91 358 302 279 444 660 417 139 583 666 672 441 446 95 600 570 388 622 401 504 220 686 173 647 689 489 665 579 279 158 336 517 500 596 335 341 299 538 443 240 388 322 208 409 555 
427 444 724 208 442 353 403 529 95 271 413 711 518 378 608 472 437 679 484 338 385 630 253 636 199 315 342 640 428 460 -1 611 653 481 688 570 802 291 521 295 503 562 464 585 364 376 342 713 682 612 515 565 304 485 249 449 265 547 206 620 221 218 315 578 532 376 603 484 485 513 256 440 344 205 469 232 143 413 165 436 548 418 131 513 254 503 617 554 323 342 94 256 79 508 483 585 304 667 617 627 747 520 250 174 148 251 416 489 175 522 200 604 579 455 710 133 54 248 671 760 691 468 671 301 504 579 803 319 655 56 369 567 314 528 559 749 497 226 164 563 308 597 555 354 601 126 485 472 344 279 389 557 268 549 152 401 292 282 322 388 318 64 321 349 592 213 773 686 445 643 156 432 362 390 177 422 685 439 682 453 424 574 652 293 563 135 532 47 138 529 235 181 242 418 316 179 192 285 597 480 
941 569 436 605 612 642 713 440 706 410 412 148 255 580 697 182 983 74 135 359 397 750 368 470 549 328 866 789 211 699 611 -1 361 354 565 1064 678 329 90 716 395 322 644 72 361 464 514 104 249 169 770 822 745 451 708 882 346 91 501 300 523 392 319 435 822 800 468 127 828 1002 386 931 750 767 506 609 696 642 745 175 473 244 742 493 393 137 615 63 482 314 686 492 618 234 559 792 309 293 320 448 544 907 647 437 757 464 206 928 554 635 480 115 234 166 622 531 557 790 675 645 389 246 729 677 706 1053 709 756 72 666 331 408 300 876 127 803 200 410 635 517 686 113 729 270 925 485 310 950 423 828 223 972 358 150 722 611 382 790 810 269 394 650 630 276 34 661 603 451 769 185 752 311 286 303 441 481 132 825 177 227 219 38 226 451 645 555 193 592 675 983 437 673 382 259 479 453 714 540 384 149 
819 348 85 529 393 478 528 173 731 596 254 498 161 401 399 468 879 408 401 316 273 453 423 127 490 520 766 497 463 480 653 361 -1 174 214 908 318 487 346 594 166 92 415 292 289 311 369 371 137 192 534 573 900 216 849 716 464 418 657 62 689 480 364 129 590 651 143 369 623 850 549 793 923 719 273 770 665 442 719 365 187 502 770 230 404 436 299 383 702 328 687 418 702 183 314 527 408 81 47 108 183 710 545 507 766 409 330 756 694 372 631 246 135 320 272 646 604 721 347 287 39 215 411 853 463 884 351 629 428 708 571 116 454 663 467 472 508 433 757 220 552 468 464 354 689 558 170 799 318 755 369 778 514 227 802 417 363 697 698 297 609 660 485 470 331 800 242 90 572 183 810 224 507 273 548 287 271 646 216 508 292 347 144 370 362 536 197 662 771 812 418 613 522 264 366 477 656 428 71 299 
664 223 243 359 269 329 390 94 557 456 85 502 102 254 343 388 720 421 331 148 100 396 264 177 317 391 605 435 368 359 481 354 174 -1 259 766 387 350 297 434 46 88 299 284 118 147 207 410 244 226 425 474 739 96 686 574 317 373 505 155 537 323 212 119 480 502 153 301 498 706 406 643 765 548 154 613 492 309 547 274 130 402 596 139 237 371 270 346 566 174 513 244 533 119 206 440 264 207 144 160 288 582 379 343 591 235 224 618 535 282 478 260 154 236 307 484 433 553 334 345 210 114 380 697 357 747 406 472 426 534 454 97 321 543 419 459 434 265 593 172 395 435 376 219 583 391 43 654 144 588 255 650 373 205 630 279 193 534 539 162 478 485 329 349 320 638 331 210 441 241 637 71 390 122 389 140 326 509 289 419 183 324 225 197 291 362 162 492 602 674 245 442 375 137 196 307 486 260 117 229 
731 269 178 512 299 408 431 172 745 712 286 706 323 340 223 640 799 617 578 392 320 270 512 95 494 650 697 313 624 363 688 565 214 259 -1 792 127 608 532 532 216 245 305 493 361 312 349 584 351 400 394 418 972 207 918 608 572 608 752 268 785 570 467 142 447 562 106 546 497 741 661 697 1003 690 220 855 653 351 704 527 144 660 782 174 475 616 123 576 822 430 692 431 753 349 224 362 522 295 246 117 87 580 506 582 766 439 481 640 776 239 726 451 331 485 58 721 648 678 145 86 204 363 213 939 328 761 148 558 634 734 714 168 580 526 657 262 684 501 823 125 489 665 309 479 533 624 291 695 351 706 514 645 629 419 840 338 431 641 629 422 737 673 428 609 532 871 86 131 458 395 834 331 650 381 634 265 485 536 430 674 440 544 357 397 208 554 380 710 821 692 467 590 629 396 371 534 628 411 181 472 
143 559 934 464 515 437 379 735 509 832 683 1198 859 512 579 984 160 1139 968 705 684 550 716 812 521 853 228 519 942 433 570 1064 908 766 792 -1 839 814 978 348 750 848 497 1011 708 622 563 1149 1010 985 399 388 794 693 752 192 771 1033 776 915 792 723 750 781 350 266 780 954 294 62 803 136 840 366 634 785 428 465 410 905 724 946 506 679 679 1000 669 1025 894 751 478 572 633 866 596 448 779 967 899 819 879 214 418 684 465 601 861 152 743 555 769 1005 919 900 769 704 599 321 674 811 930 837 621 830 463 41 813 308 1127 550 920 791 822 271 1062 648 1021 670 705 701 379 1094 487 801 296 662 801 114 648 293 856 157 802 944 614 491 683 294 262 795 880 506 440 866 1035 742 865 879 338 1005 564 772 894 765 719 628 1082 262 1052 981 845 1027 991 613 583 537 907 617 650 100 633 416 778 808 589 638 385 526 836 915 
797 367 256 616 387 498 505 299 853 839 410 816 446 439 261 764 868 726 701 518 444 290 637 216 605 777 775 326 750 431 802 678 318 387 127 839 -1 735 652 619 343 366 383 607 487 430 460 687 448 510 443 452 1093 330 1037 667 699 727 877 378 909 696 594 268 488 633 233 669 549 795 788 759 1125 785 334 978 755 435 804 652 269 786 889 292 599 739 194 695 949 557 799 547 870 471 323 392 649 394 357 237 138 624 603 706 870 558 607 693 899 312 851 563 446 610 92 844 766 768 166 43 297 488 220 1062 388 805 41 640 746 846 841 294 707 568 777 225 808 625 943 242 577 782 354 606 558 745 417 752 474 792 640 685 756 536 954 429 556 727 708 549 864 783 522 736 646 992 79 228 520 501 945 458 777 508 758 382 587 597 530 800 566 661 461 517 273 668 500 828 938 739 589 691 755 522 488 655 725 520 301 595 
677 458 571 357 485 455 528 436 386 109 333 419 326 426 630 181 704 393 196 223 300 672 120 527 303 47 594 699 137 549 291 329 487 350 608 814 735 -1 243 478 392 399 517 318 252 343 357 433 462 376 621 677 432 411 388 654 47 258 181 435 210 91 142 469 660 570 503 203 640 752 64 678 447 474 434 296 402 487 443 162 468 132 420 456 168 211 590 268 216 178 376 284 289 306 476 671 86 468 442 509 636 703 409 131 440 252 167 700 230 545 157 351 372 196 651 202 241 507 655 693 527 272 683 374 577 813 751 516 366 343 122 447 34 690 268 767 210 160 308 503 464 305 619 133 754 167 328 704 287 543 129 758 31 309 392 460 199 521 552 192 128 341 430 57 316 339 681 551 584 407 424 279 80 228 115 387 424 615 437 167 197 295 430 272 575 277 309 266 346 750 208 399 52 223 313 178 434 343 456 224 
853 500 428 517 541 561 634 389 615 332 342 221 209 503 640 129 893 163 63 277 323 691 278 437 460 248 777 728 142 626 521 90 346 297 532 978 652 243 -1 630 342 286 574 81 283 389 435 192 263 171 697 751 668 392 628 798 257 76 420 283 445 302 230 394 748 716 429 41 749 915 303 844 677 676 442 531 606 566 654 84 424 180 652 436 303 91 566 50 415 227 595 406 531 184 495 725 218 292 300 416 526 827 561 346 666 377 117 844 471 572 398 126 211 78 587 445 467 700 629 616 380 182 677 603 636 968 680 670 149 576 265 367 212 799 124 755 164 320 551 467 601 138 663 180 850 395 254 864 344 738 132 891 274 119 635 535 295 701 722 185 323 560 547 194 72 580 582 432 691 198 664 243 212 224 353 412 186 743 212 174 137 53 233 368 586 464 152 503 589 899 348 583 295 182 398 363 624 456 352 70 
231 265 637 121 233 124 127 425 289 516 349 849 520 197 376 640 286 790 621 357 343 379 372 521 176 521 172 376 599 200 295 716 594 434 532 348 619 478 630 -1 428 521 236 663 362 287 227 802 678 643 235 278 589 379 536 175 433 685 482 589 505 387 402 477 241 92 486 606 189 285 479 215 633 173 329 528 173 183 205 556 425 607 313 380 332 654 425 676 598 402 234 223 374 524 309 309 434 641 576 522 612 231 70 354 281 252 513 221 465 307 467 660 582 551 531 413 300 149 461 581 622 492 436 596 249 340 607 40 779 308 592 480 481 233 715 502 679 326 458 416 43 747 298 453 306 344 464 234 304 173 508 280 471 599 410 194 334 109 104 447 563 240 109 526 687 506 617 586 153 666 379 429 558 418 398 306 739 145 713 641 496 678 657 266 347 208 564 342 421 273 286 115 449 461 245 300 125 180 523 566 
655 196 223 364 243 315 371 48 574 497 91 543 140 238 301 435 714 461 377 181 117 354 299 139 328 434 600 394 415 332 503 395 166 46 216 750 343 392 342 428 -1 98 270 324 150 145 203 445 261 257 395 442 771 60 717 558 357 418 541 164 574 359 252 79 451 489 111 347 474 691 446 630 798 554 122 648 502 287 556 320 83 448 613 97 268 417 224 390 607 214 528 256 560 160 172 404 305 216 149 125 251 560 378 376 606 253 271 600 569 245 515 296 182 282 261 517 457 555 288 301 198 160 335 732 326 729 361 464 467 555 498 63 364 517 465 413 480 295 623 126 387 480 340 263 553 421 87 639 159 588 301 628 414 245 654 258 224 531 533 207 521 502 319 393 361 669 290 182 419 269 657 116 435 164 424 123 357 490 315 466 230 367 247 211 250 379 202 518 629 656 270 447 414 183 202 334 490 262 98 274 
750 295 173 447 341 412 469 129 641 508 173 468 80 336 385 398 807 381 334 224 187 439 331 151 405 434 692 480 388 431 562 322 92 88 245 848 366 399 286 521 98 -1 368 250 198 233 293 358 162 168 492 538 808 158 757 656 374 362 566 67 598 388 272 112 548 585 145 302 573 788 459 727 831 636 220 678 579 385 634 289 157 425 681 188 311 372 295 330 615 236 599 332 610 105 269 498 317 120 57 129 246 659 467 414 677 321 248 698 602 338 540 213 92 245 301 554 512 641 353 329 131 129 410 761 422 827 393 558 393 616 489 86 366 616 411 482 442 340 664 200 481 419 434 265 650 465 77 737 232 676 286 727 425 174 709 357 270 621 625 207 523 570 414 386 289 708 298 155 518 174 718 132 424 181 456 220 265 588 219 436 208 300 149 284 338 447 134 570 679 754 327 530 432 175 284 385 574 348 65 229 
426 75 437 257 33 119 126 244 493 595 232 791 401 93 146 632 494 715 590 312 251 167 397 314 269 565 394 185 599 64 464 644 415 299 305 497 383 517 574 236 270 368 -1 578 296 187 160 708 529 525 126 177 768 209 712 307 470 645 597 431 627 442 390 287 181 257 283 565 208 442 546 393 807 406 147 676 385 54 429 524 228 621 525 185 349 629 190 624 698 368 437 242 541 415 101 155 442 481 413 322 389 294 230 430 501 270 472 344 601 70 575 558 451 500 297 543 442 385 224 346 434 398 209 755 62 470 370 257 715 497 640 299 504 248 686 285 677 362 622 204 195 709 101 431 284 450 341 393 239 409 486 362 525 501 606 63 321 344 327 395 634 428 148 546 611 673 386 382 158 539 587 333 587 351 485 163 625 236 585 649 439 611 517 245 111 333 459 500 602 398 313 319 512 392 204 368 349 190 344 503 
892 502 369 557 546 583 653 369 678 412 347 219 184 517 626 207 936 137 144 305 334 679 334 398 502 327 819 719 223 635 585 72 292 284 493 1011 607 318 81 663 324 250 578 -1 303 401 454 138 190 102 704 755 747 381 706 825 325 132 498 230 523 367 278 363 757 745 395 122 766 948 380 878 757 727 438 610 658 579 709 156 402 262 716 422 351 166 543 97 497 266 653 441 601 164 490 724 280 227 250 376 475 847 596 410 727 414 169 871 548 566 475 50 162 129 550 519 530 747 603 574 321 180 657 683 639 998 638 704 143 641 347 336 286 814 179 731 238 371 627 445 631 177 661 232 860 461 241 896 365 784 196 913 349 79 706 547 334 743 761 218 404 619 573 272 39 657 533 381 708 124 732 247 293 246 423 415 106 766 131 253 170 56 163 397 575 515 122 571 662 927 392 629 369 202 422 417 672 485 312 105 
593 225 362 266 262 280 352 188 443 352 82 503 165 220 386 337 642 435 294 31 49 433 150 289 216 297 524 465 306 344 364 361 289 118 361 708 487 252 283 362 150 198 296 303 -1 108 152 441 332 283 416 471 621 159 568 522 212 350 391 258 424 209 110 229 466 442 260 270 467 646 300 577 648 450 185 498 388 284 443 228 218 333 483 204 118 333 338 333 462 77 403 146 414 164 232 451 166 308 254 275 401 546 298 226 481 128 176 567 419 307 365 298 229 206 401 367 315 461 404 445 327 130 436 582 358 694 501 402 429 418 367 212 228 516 390 519 382 146 474 251 329 415 391 139 568 273 122 593 62 498 191 610 270 236 512 253 75 450 463 99 380 373 269 265 330 520 439 328 408 308 520 72 307 58 274 142 376 463 354 357 146 325 305 98 331 251 202 373 484 623 129 345 268 102 118 188 390 182 235 213 
517 118 366 219 154 185 252 156 438 433 61 608 237 116 287 445 573 536 402 126 66 330 227 264 188 390 458 360 412 236 376 464 311 147 312 622 430 343 389 287 145 233 187 401 108 -1 60 536 391 363 308 363 662 110 607 431 298 458 454 301 486 280 207 209 359 356 229 378 365 561 381 496 695 409 98 550 359 178 413 336 172 437 477 138 181 441 257 439 541 182 389 120 441 245 133 342 262 354 289 257 372 447 234 281 466 128 284 476 471 203 429 388 297 313 338 415 336 410 319 387 343 221 341 634 250 604 436 325 533 424 463 203 324 413 499 425 490 202 513 188 248 523 284 244 461 317 179 508 55 444 299 513 355 328 528 147 144 388 392 208 467 366 182 365 431 562 397 320 307 383 525 154 406 164 336 48 462 368 430 463 253 428 370 87 232 244 288 398 509 532 161 303 347 206 61 226 346 117 243 319 
457 109 420 166 127 129 199 208 395 437 121 656 295 71 284 479 513 587 442 160 121 319 237 312 145 405 398 343 443 196 342 514 369 207 349 563 460 357 435 227 203 293 160 454 152 60 -1 590 451 421 270 326 638 160 582 374 310 501 446 361 477 283 233 261 316 297 277 420 314 502 387 436 673 354 128 534 308 135 361 375 217 464 433 177 189 480 275 485 542 216 343 91 412 302 142 314 283 414 349 309 417 393 175 275 418 113 325 418 456 196 423 444 356 357 368 399 308 352 333 418 400 275 343 616 220 547 461 265 582 386 480 259 344 363 539 426 523 203 489 224 188 566 261 277 417 301 238 449 90 385 334 459 365 383 493 105 162 328 331 250 475 324 122 388 482 539 436 372 255 442 485 209 428 211 330 88 519 312 489 493 298 478 430 85 232 207 344 370 479 475 155 249 353 254 44 215 290 63 300 366 
1030 632 433 696 677 719 788 485 807 514 480 141 307 652 743 282 1074 63 239 444 470 797 467 492 640 432 957 838 314 766 713 104 371 410 584 1149 687 433 192 802 445 358 708 138 441 536 590 -1 238 190 834 884 847 504 812 963 449 188 604 317 627 494 414 469 888 883 498 231 901 1086 490 1017 852 863 564 712 794 712 843 277 515 345 844 542 487 238 653 167 582 404 786 580 722 292 616 850 409 292 339 471 549 983 735 538 858 553 302 1008 658 690 584 150 266 261 643 635 659 884 709 659 390 315 768 778 768 1135 722 842 101 768 431 444 404 948 212 837 292 507 739 559 770 184 786 366 992 588 367 1034 502 922 323 1049 463 208 826 681 472 882 899 356 495 751 710 381 121 764 609 460 843 189 856 381 390 384 545 546 100 903 156 324 308 139 227 536 694 651 249 696 779 1064 529 766 486 340 560 551 809 623 411 240 
909 457 195 595 504 573 632 287 768 567 329 372 166 497 532 393 964 282 326 351 336 586 432 264 548 484 847 629 400 593 682 249 137 244 351 1010 448 462 263 678 261 162 529 190 332 391 451 238 -1 93 653 697 893 321 846 818 452 323 643 98 672 482 369 255 709 746 277 297 735 950 526 887 909 782 382 757 721 548 775 312 310 440 808 347 428 354 434 288 664 339 732 477 717 174 429 653 397 56 119 244 310 821 621 517 810 460 295 860 687 495 617 140 103 269 410 647 629 791 484 422 151 213 547 836 583 989 484 716 308 738 520 235 427 778 369 610 427 455 759 349 639 363 590 341 810 570 215 898 379 827 333 889 492 156 821 519 394 775 782 295 569 700 573 430 224 797 370 223 681 66 837 259 459 293 547 381 139 751 82 438 269 246 32 428 490 582 154 680 783 917 455 676 507 264 436 502 721 501 193 242 
875 449 268 549 495 549 614 295 702 479 303 306 126 477 552 300 925 217 233 296 301 606 359 306 498 395 808 648 307 585 612 169 192 226 400 985 510 376 171 643 257 168 525 102 283 363 421 190 93 -1 651 699 808 317 763 795 371 234 557 132 586 404 297 279 706 719 309 204 723 923 440 857 822 730 378 672 665 534 718 221 325 347 741 353 362 261 462 198 573 273 670 430 641 119 429 662 317 125 154 284 375 807 581 442 747 408 209 839 604 502 533 53 76 180 458 567 558 744 519 478 220 153 577 749 582 968 542 683 235 669 428 254 341 769 281 647 335 388 678 368 608 278 598 262 809 495 186 871 339 781 247 875 406 67 746 503 334 734 745 225 479 637 544 340 139 713 435 282 666 31 766 214 368 234 467 365 100 731 71 345 189 158 62 382 505 523 82 607 706 896 396 627 423 197 398 436 671 463 222 152 
