15
-1 840 672 161 266 751 603 373 845 496 583 853 213 470 190 
840 -1 759 699 841 563 802 470 798 1135 980 584 638 497 704 
672 759 -1 543 437 237 96 541 176 559 294 305 649 341 724 
161 699 543 -1 218 596 488 228 711 515 518 697 142 309 191 
266 841 437 218 -1 574 354 401 613 307 318 674 360 364 397 
751 563 237 596 574 -1 318 497 235 768 523 102 658 300 743 
603 802 96 488 354 318 -1 525 265 463 204 396 607 342 676 
373 470 541 228 401 497 525 -1 676 708 632 587 190 207 273 
845 798 176 711 613 235 265 676 -1 712 433 239 806 469 885 
496 1135 559 515 307 768 463 708 712 -1 282 856 653 641 671 
583 980 294 518 318 523 204 632 433 282 -1 599 657 490 708 
853 584 305 697 674 102 396 587 239 856 599 -1 755 397 840 
213 638 649 142 360 658 607 190 806 653 657 755 -1 358 85 
470 497 341 309 364 300 342 207 469 641 490 397 358 -1 443 
190 704 724 191 397 743 676 273 885 671 708 840 85 443 -1 
