15
-1 241 100 351 320 433 199 564 221 359 164 476 257 350 480 
241 -1 187 592 102 659 437 713 423 257 129 555 424 540 715 
100 187 -1 430 241 473 262 662 236 376 172 559 242 354 570 
351 592 430 -1 669 218 176 475 277 644 495 539 349 314 159 
320 102 241 669 -1 709 503 815 467 338 231 656 452 572 800 
433 659 473 218 709 -1 239 694 242 780 597 745 279 177 338 
199 437 262 176 503 239 -1 553 119 541 361 546 195 214 330 
564 713 662 475 815 694 553 -1 670 574 584 223 743 760 399 
221 423 236 277 467 242 119 670 -1 580 381 645 76 129 436 
359 257 376 644 338 780 541 574 580 -1 205 370 609 709 719 
164 129 172 495 231 597 361 584 381 205 -1 434 405 508 604 
476 555 559 539 656 745 546 223 645 370 434 -1 708 760 527 
257 424 242 349 452 279 195 743 76 609 405 708 -1 120 508 
350 540 354 314 572 177 214 760 129 709 508 760 120 -1 467 
480 715 570 159 800 338 330 399 436 719 604 527 508 467 -1 
