10
-1 771 791 512 646 368 603 850 383 631 
771 -1 323 341 747 785 510 137 538 460 
791 323 -1 281 500 651 282 233 437 729 
512 341 281 -1 438 445 222 367 200 555 
646 747 500 438 -1 307 237 714 327 975 
368 785 651 445 307 -1 381 806 246 855 
603 510 282 222 237 381 -1 480 220 777 
850 137 233 367 714 806 480 -1 565 597 
383 538 437 200 327 246 220 565 -1 659 
631 460 729 555 975 855 777 597 659 -1 
