26
-1 466 895 264 401 746 422 625 692 220 631 233 770 695 275 418 413 541 50 137 480 689 60 594 666 723 
466 -1 500 232 100 289 293 290 359 561 213 353 332 377 357 65 473 574 426 441 194 554 483 150 199 338 
895 500 -1 719 512 452 783 273 217 887 549 846 527 737 661 511 649 650 846 810 665 459 887 352 377 173 
264 232 719 -1 212 489 193 475 548 425 368 127 507 439 304 208 465 593 238 297 217 657 301 379 425 549 
401 100 512 212 -1 382 336 263 336 470 313 339 430 469 258 35 374 479 356 355 267 482 409 193 277 340 
746 289 452 489 382 -1 440 409 445 850 142 587 78 294 640 351 733 812 709 730 316 725 769 237 126 370 
422 293 783 193 336 440 -1 582 652 610 297 195 427 282 495 313 653 778 410 484 127 816 471 432 427 629 
625 290 273 475 263 409 582 -1 72 617 434 602 485 628 389 274 398 435 575 537 482 315 614 188 286 109 
692 359 217 548 336 445 652 72 -1 670 487 675 523 683 446 346 433 449 641 597 550 295 678 243 328 88 
220 561 887 425 470 850 610 617 670 -1 760 439 891 863 230 499 279 381 207 128 638 575 159 652 747 725 
631 213 549 368 313 142 297 434 487 760 -1 453 139 196 568 278 686 783 599 635 175 736 661 246 173 430 
233 353 846 127 339 587 195 602 675 439 453 -1 592 476 383 335 546 678 232 323 282 768 288 502 538 677 
770 332 527 507 430 78 427 485 523 891 139 592 -1 234 689 397 793 878 737 767 311 800 798 307 199 449 
695 377 737 439 469 294 282 628 683 863 196 476 234 -1 703 435 841 949 675 735 225 924 738 440 366 626 
275 357 661 304 258 640 495 389 446 230 568 383 689 703 -1 292 163 295 227 155 481 414 244 428 528 496 
418 65 511 208 35 351 313 274 346 499 278 335 397 435 292 -1 410 514 375 381 235 510 430 177 251 341 
413 473 649 465 374 733 653 398 433 279 686 546 793 841 163 410 -1 132 370 277 625 296 367 501 611 506 
541 574 650 593 479 812 778 435 449 381 783 678 878 949 295 514 132 -1 500 403 740 224 491 574 686 533 
50 426 846 238 356 709 410 575 641 207 599 232 737 675 227 375 370 500 -1 101 455 641 63 549 624 674 
137 441 810 297 355 730 484 537 597 128 635 323 767 735 155 381 277 403 101 -1 510 559 91 544 632 641 
480 194 665 217 267 316 127 482 550 638 175 282 311 225 481 235 625 740 455 510 -1 745 518 317 302 517 
689 554 459 657 482 725 816 315 295 575 736 768 800 924 414 510 296 224 641 559 745 -1 651 496 600 383 
60 483 887 301 409 769 471 614 678 159 661 288 798 738 244 430 367 491 63 91 518 651 -1 602 681 716 
594 150 352 379 193 237 432 188 243 652 246 502 307 440 428 177 501 574 549 544 317 496 602 -1 111 199 
666 199 377 425 277 126 427 286 328 747 173 538 199 366 528 251 611 686 624 632 302 600 681 111 -1 261 
723 338 173 549 340 370 629 109 88 725 430 677 449 626 496 341 506 533 674 641 517 383 716 199 261 -1 
