15
-1 199 803 234 805 301 665 196 291 313 401 258 585 547 522 
199 -1 802 228 788 202 737 59 470 364 346 333 470 695 522 
803 802 -1 588 64 607 297 859 723 491 461 550 479 603 283 
234 228 588 -1 582 118 510 278 351 140 168 128 367 509 304 
805 788 64 582 -1 589 350 846 748 498 443 559 434 649 283 
301 202 607 118 589 -1 585 262 468 239 146 242 286 622 335 
665 737 297 510 350 585 -1 784 493 373 468 414 601 314 288 
196 59 859 278 846 262 784 -1 482 410 404 373 528 722 577 
291 470 723 351 748 468 493 482 -1 297 482 250 697 276 491 
313 364 491 140 498 239 373 410 297 -1 193 60 406 386 217 
401 346 461 168 443 146 468 404 482 193 -1 232 215 568 195 
258 333 550 128 559 242 414 373 250 60 232 -1 447 381 278 
585 470 479 367 434 286 601 528 697 406 215 447 -1 765 316 
547 695 603 509 649 622 314 722 276 386 568 381 765 -1 473 
522 522 283 304 283 335 288 577 491 217 195 278 316 473 -1 
