15
-1 787 675 711 679 452 225 469 616 82 474 862 662 180 872 
787 -1 424 207 131 349 763 506 173 746 398 83 300 667 143 
675 424 -1 557 446 313 533 681 392 680 568 497 126 498 567 
711 207 557 -1 112 352 748 334 171 653 251 224 433 634 186 
679 131 446 112 -1 271 684 375 74 632 268 187 321 578 194 
452 349 313 352 271 -1 416 371 197 428 264 430 239 318 461 
225 763 533 748 684 416 -1 596 611 288 557 846 560 121 876 
469 506 681 334 375 371 596 -1 358 393 118 550 587 476 520 
616 173 392 171 74 197 611 358 -1 573 242 246 272 506 265 
82 746 680 653 632 428 288 393 573 -1 409 818 652 212 821 
474 398 568 251 268 264 557 118 242 409 -1 451 470 436 433 
862 83 497 224 187 430 846 550 246 818 451 -1 377 748 82 
662 300 126 433 321 239 560 587 272 652 470 377 -1 498 443 
180 667 498 634 578 318 121 476 506 212 436 748 498 -1 772 
872 143 567 186 194 461 876 520 265 821 433 82 443 772 -1 
