15
-1 669 156 514 617 710 508 449 350 480 358 270 266 309 289 
669 -1 736 182 160 134 271 239 671 192 704 433 846 579 512 
156 736 -1 605 652 799 525 543 237 560 514 303 382 464 259 
514 182 605 -1 246 196 272 64 593 60 521 319 668 396 423 
617 160 652 246 -1 292 135 271 546 212 734 353 832 606 404 
710 134 799 196 292 -1 390 260 768 240 674 507 850 559 601 
508 271 525 272 135 390 -1 265 411 217 679 237 742 553 272 
449 239 543 64 271 260 265 -1 545 58 472 265 607 344 373 
350 671 237 593 546 768 411 545 -1 536 693 283 609 609 171 
480 192 560 60 212 240 217 58 536 -1 529 267 655 401 366 
358 704 514 521 734 674 679 472 693 529 -1 495 245 128 579 
270 433 303 319 353 507 237 265 283 267 495 -1 513 383 114 
266 846 382 668 832 850 742 607 609 655 245 513 -1 306 553 
309 579 464 396 606 559 553 344 609 401 128 383 306 -1 477 
289 512 259 423 404 601 272 373 171 366 579 114 553 477 -1 
