20
-1 423 546 269 627 157 568 305 400 208 434 269 119 228 228 403 628 241 285 373 
423 -1 263 395 939 559 188 605 173 445 36 687 525 301 210 272 508 539 276 64 
546 263 -1 369 884 702 137 594 436 455 227 810 609 520 328 166 272 545 273 244 
269 395 369 -1 547 412 451 227 480 91 383 485 274 405 216 203 368 175 121 330 
627 939 884 547 -1 645 989 340 994 497 929 584 516 853 740 729 737 410 668 875 
157 559 702 412 645 -1 717 374 499 336 576 135 161 302 379 560 778 330 442 517 
568 188 137 451 989 717 -1 678 354 526 156 837 652 484 339 261 410 621 336 204 
305 605 594 227 340 374 678 -1 654 160 599 379 216 521 402 428 531 70 343 542 
400 173 436 480 994 499 354 654 -1 500 210 634 517 199 264 417 670 583 378 202 
208 445 455 91 497 336 526 160 500 -1 439 397 187 388 242 290 455 95 190 381 
434 36 227 383 929 576 156 599 210 439 -1 702 531 329 213 245 475 534 262 61 
269 687 810 485 584 135 837 379 634 397 702 -1 211 437 497 657 852 358 540 642 
119 525 609 274 516 161 652 216 517 187 531 211 -1 346 318 451 641 168 336 470 
228 301 520 405 853 302 484 521 199 388 329 437 346 -1 221 434 694 452 345 284 
228 210 328 216 740 379 339 402 264 242 213 497 318 221 -1 214 473 333 127 152 
403 272 166 203 729 560 261 428 417 290 245 657 451 434 214 -1 261 378 117 218 
628 508 272 368 737 778 410 531 670 455 475 852 641 694 473 261 -1 513 356 467 
241 539 545 175 410 330 621 70 583 95 534 358 168 452 333 378 513 -1 284 476 
285 276 273 121 668 442 336 343 378 190 262 540 336 345 127 117 356 284 -1 212 
373 64 244 330 875 517 204 542 202 381 61 642 470 284 152 218 467 476 212 -1 
