15
-1 726 415 520 287 85 495 120 243 593 546 420 295 629 385 
726 -1 695 286 662 808 271 820 809 160 828 364 473 480 463 
415 695 -1 409 128 428 429 390 656 535 927 342 291 329 238 
520 286 409 -1 387 591 49 590 675 126 807 101 228 245 183 
287 662 128 387 -1 308 392 277 528 503 800 298 206 389 204 
85 808 428 591 308 -1 570 53 268 671 591 490 362 678 442 
495 271 429 49 392 570 -1 573 637 111 760 93 213 293 193 
120 820 390 590 277 53 573 -1 321 678 645 489 361 657 431 
243 809 656 675 528 268 637 321 -1 711 331 586 479 835 585 
593 160 535 126 503 671 111 678 711 -1 791 205 321 347 303 
546 828 927 807 800 591 760 645 331 791 -1 747 682 1022 788 
420 364 342 101 298 490 93 489 586 205 747 -1 127 276 103 
295 473 291 228 206 362 213 361 479 321 682 127 -1 356 108 
629 480 329 245 389 678 293 657 835 347 1022 276 356 -1 250 
385 463 238 183 204 442 193 431 585 303 788 103 108 250 -1 
