20
-1 238 339 337 55 406 543 558 140 167 376 352 333 381 458 278 456 414 137 278 
238 -1 286 99 221 170 306 495 165 74 565 550 549 332 257 127 272 190 370 65 
339 286 -1 328 284 384 477 223 387 302 442 446 480 611 519 414 545 435 394 241 
337 99 328 -1 320 72 207 511 248 171 657 644 646 349 191 147 219 108 469 91 
55 221 284 320 -1 391 527 502 167 159 358 338 330 416 460 287 463 407 151 250 
406 170 384 72 391 -1 137 550 307 239 729 716 718 362 147 182 185 60 540 160 
543 306 477 207 527 137 -1 604 442 376 856 846 851 454 188 307 231 150 676 285 
558 495 223 511 502 550 604 -1 610 522 556 572 624 827 696 622 729 609 590 439 
140 165 387 248 167 307 442 610 -1 99 516 493 472 250 328 147 321 299 273 227 
167 74 302 171 159 239 376 522 99 -1 514 496 489 311 302 135 308 249 302 130 
376 565 442 657 358 729 856 556 516 514 -1 35 101 753 816 645 821 756 261 572 
352 550 446 644 338 716 846 572 493 496 35 -1 67 726 798 624 801 740 231 561 
333 549 480 646 330 718 851 624 472 489 101 67 -1 695 789 611 789 737 200 568 
381 332 611 349 416 362 454 827 250 311 753 726 695 -1 271 209 233 314 496 393 
458 257 519 191 460 147 188 696 328 302 816 798 789 271 -1 181 43 87 596 279 
278 127 414 147 287 182 307 622 147 135 645 624 611 209 181 -1 177 158 415 184 
456 272 545 219 463 185 231 729 321 308 821 801 789 233 43 177 -1 124 592 303 
414 190 435 108 407 60 150 609 299 249 756 740 737 314 87 158 124 -1 551 199 
137 370 394 469 151 540 676 590 273 302 261 231 200 496 596 415 592 551 -1 402 
278 65 241 91 250 160 285 439 227 130 572 561 568 393 279 184 303 199 402 -1 
