50
-1 200 205 121 165 284 306 49 281 309 442 319 263 358 244 355 358 387 290 347 354 423 288 319 441 277 524 420 236 376 257 511 457 409 527 489 435 574 504 509 493 448 389 490 49 244 527 311 171 149 
200 -1 203 112 157 458 493 249 251 306 643 488 294 390 360 467 523 587 400 383 277 287 417 231 502 442 724 617 37 256 120 312 452 321 621 432 601 377 326 502 463 260 342 578 189 223 636 339 141 72 
205 203 -1 238 51 326 379 235 76 469 581 518 437 537 447 559 557 506 216 181 154 250 242 128 299 299 665 522 230 458 140 421 621 518 420 622 445 472 367 673 644 334 183 378 157 39 440 137 297 225 
121 112 238 -1 186 404 427 165 306 230 548 376 202 302 249 358 411 501 389 412 356 389 395 313 521 396 628 537 140 257 216 419 383 299 623 391 555 485 438 435 407 372 410 583 138 271 629 370 61 40 
165 157 51 186 -1 333 380 201 122 417 569 483 386 486 402 514 522 499 247 230 188 265 268 154 347 310 653 519 188 410 122 406 569 468 463 571 464 461 367 622 592 325 229 421 120 85 479 187 246 173 
284 458 326 404 333 -1 64 249 370 570 296 386 516 593 434 513 420 210 167 309 456 570 129 447 318 34 374 208 496 660 456 740 704 690 328 758 152 794 693 752 750 657 442 308 272 350 305 306 455 426 
306 493 379 427 380 64 -1 264 428 571 232 348 514 583 418 487 378 145 231 373 515 626 193 503 380 98 309 146 531 677 503 785 696 700 378 759 158 842 745 742 746 706 504 362 304 406 349 369 473 453 
49 249 235 165 201 249 264 -1 310 327 393 282 276 364 231 338 322 338 281 358 388 465 272 355 441 247 475 372 285 414 302 560 469 441 515 512 401 623 551 520 510 495 416 481 81 274 511 325 209 196 
281 251 76 306 122 370 428 310 -1 536 641 592 508 608 523 635 632 563 233 146 87 201 267 80 269 340 725 574 271 507 154 410 688 572 401 681 472 452 334 740 707 316 107 358 233 37 428 107 363 287 
309 306 469 230 417 570 571 327 536 -1 609 354 57 91 189 239 371 592 600 641 579 590 597 534 745 573 672 639 310 191 427 533 152 158 836 188 721 600 599 204 183 524 638 799 349 502 836 600 173 250 
442 643 581 548 569 296 232 393 641 609 -1 275 552 585 422 435 282 86 462 604 728 831 425 709 610 330 84 113 678 763 686 953 695 761 590 787 328 1015 935 731 754 885 727 582 463 613 553 595 574 585 
319 488 518 376 483 386 348 282 592 354 275 -1 301 315 166 161 39 290 509 620 670 742 484 637 678 409 325 341 516 530 572 794 422 512 713 520 502 861 812 456 482 748 697 689 362 557 691 594 375 417 
263 294 437 202 386 516 514 276 508 57 552 301 -1 99 135 203 321 534 553 603 558 581 549 514 704 520 616 581 305 231 411 549 193 211 790 245 666 617 603 245 234 530 612 754 306 472 787 563 153 229 
358 390 537 302 486 593 583 364 608 91 585 315 99 -1 169 174 324 582 645 701 657 676 637 613 799 600 641 631 397 274 509 624 113 224 880 205 739 691 689 159 169 615 712 845 402 572 875 662 251 328 
244 360 447 249 402 434 418 231 523 189 422 166 135 169 -1 112 188 413 508 588 589 637 494 549 672 445 483 462 382 364 463 651 282 346 737 365 576 719 685 325 337 617 630 706 293 486 727 554 229 288 
355 467 559 358 514 513 487 338 635 239 435 161 203 174 112 -1 157 449 607 696 701 748 589 662 774 530 481 500 487 430 574 748 269 392 830 376 645 816 790 298 331 720 743 801 404 598 815 662 331 396 
358 523 557 411 522 420 378 322 632 371 282 39 321 324 188 157 -1 309 547 660 710 780 521 676 716 444 323 359 551 552 610 827 425 529 748 529 531 895 848 456 487 783 737 725 402 596 725 634 406 452 
387 587 506 501 499 210 145 338 563 592 86 290 534 582 413 449 309 -1 377 519 650 756 339 634 523 244 164 51 623 731 619 892 694 738 506 776 249 953 866 735 751 820 645 497 401 537 470 512 534 534 
290 400 216 389 247 167 231 281 233 600 462 509 553 645 508 607 547 377 -1 143 311 433 39 313 169 132 541 373 434 641 356 635 747 688 236 776 240 682 567 799 783 544 283 200 253 224 240 146 449 395 
347 383 181 412 230 309 373 358 146 641 604 620 603 701 588 696 660 519 143 -1 199 322 182 217 122 275 683 517 408 639 300 552 793 699 255 801 370 589 464 845 820 457 150 211 300 162 285 43 473 404 
354 277 154 356 188 456 515 388 87 579 728 670 558 657 589 701 710 650 311 199 -1 123 348 45 312 425 812 661 286 521 159 358 727 593 450 707 551 391 264 779 740 262 74 407 308 117 483 171 406 329 
423 287 250 389 265 570 626 465 201 590 831 742 581 676 637 748 780 756 433 322 123 -1 468 123 431 541 915 771 280 492 173 251 729 570 569 689 673 274 143 778 732 157 182 527 384 220 605 294 427 354 
288 417 242 395 268 129 193 272 267 597 425 484 549 637 494 589 521 339 39 182 348 468 -1 347 196 94 502 334 451 650 382 664 742 693 243 778 205 712 600 793 781 575 322 211 256 255 238 185 453 405 
319 231 128 313 154 447 503 355 80 534 709 637 514 613 549 662 676 634 313 217 45 123 347 -1 336 417 793 648 241 476 114 335 683 548 472 662 552 373 254 734 695 239 116 429 275 97 503 182 362 285 
441 502 299 521 347 318 380 441 269 745 610 678 704 799 672 774 716 523 169 122 312 431 196 336 -1 286 683 509 529 757 422 670 896 814 138 913 324 703 574 948 927 573 250 96 397 284 177 164 583 517 
277 442 299 396 310 34 98 247 340 573 330 409 520 600 445 530 444 244 132 275 425 541 94 417 286 -1 408 242 479 653 432 716 710 686 304 759 160 770 666 759 754 632 408 281 260 321 285 272 449 415 
524 724 665 628 653 374 309 475 725 672 84 325 616 641 483 481 323 164 541 683 812 915 502 793 683 408 -1 174 760 834 770 1035 747 827 652 845 385 1098 1019 779 808 969 809 648 547 697 612 676 650 665 
420 617 522 537 519 208 146 372 574 639 113 341 581 631 462 500 359 51 373 517 661 771 334 648 509 242 174 -1 654 772 641 919 744 783 480 824 214 978 886 785 800 844 650 474 429 550 440 514 573 568 
236 37 230 140 188 496 531 285 271 310 678 516 305 397 382 487 551 623 434 408 286 280 451 241 529 479 760 654 -1 236 127 279 450 306 650 421 638 345 303 500 457 234 355 608 227 246 667 365 156 99 
376 256 458 257 410 660 677 414 507 191 763 530 231 274 364 430 552 731 641 639 521 492 650 476 757 653 834 772 236 -1 362 371 269 80 870 199 812 433 461 307 251 387 591 829 396 480 881 596 205 245 
257 120 140 216 122 456 503 302 154 427 686 572 411 509 463 574 610 619 356 300 159 173 382 114 422 432 770 641 127 362 -1 284 572 434 552 548 583 338 249 623 582 202 228 508 224 139 575 258 258 182 
511 312 421 419 406 740 785 560 410 533 953 794 549 624 651 748 827 892 635 552 358 251 664 335 670 716 1035 919 279 371 284 -1 639 448 807 563 867 67 130 678 620 96 428 764 491 411 838 517 422 379 
457 452 621 383 569 704 696 469 688 152 695 422 193 113 282 269 425 694 747 793 727 729 742 683 896 710 747 744 450 269 572 639 -1 196 983 119 851 702 722 52 62 647 788 947 498 654 981 752 324 400 
409 321 518 299 468 690 700 441 572 158 761 512 211 224 346 392 529 738 688 699 593 570 693 548 814 686 827 783 306 80 434 448 196 -1 921 119 842 509 541 230 172 467 662 881 436 543 928 655 239 296 
527 621 420 623 463 328 378 515 401 836 590 713 790 880 737 830 748 506 236 255 450 569 243 472 138 304 652 480 650 870 552 807 983 921 -1 1013 268 841 712 1035 1020 710 388 43 489 412 51 294 684 626 
489 432 622 391 571 758 759 512 681 188 787 520 245 205 365 376 529 776 776 801 707 689 778 662 913 759 845 824 421 199 548 563 119 119 1013 -1 909 621 659 131 67 585 774 974 523 650 1016 758 330 397 
435 601 445 555 464 152 158 401 472 721 328 502 666 739 576 645 531 249 240 370 551 673 205 552 324 160 385 214 638 812 583 867 851 842 268 909 -1 917 806 898 899 779 519 269 420 461 227 384 607 575 
574 377 472 485 461 794 842 623 452 600 1015 861 617 691 719 816 895 953 682 589 391 274 712 373 703 770 1098 978 345 433 338 67 702 509 841 621 917 -1 133 740 681 137 455 798 552 457 874 556 490 445 
504 326 367 438 367 693 745 551 334 599 935 812 603 689 685 790 848 866 567 464 264 143 600 254 574 666 1019 886 303 461 249 130 722 541 712 659 806 133 -1 765 711 75 325 670 474 345 747 434 459 398 
509 502 673 435 622 752 742 520 740 204 731 456 245 159 325 298 456 735 799 845 779 778 793 734 948 759 779 785 500 307 623 678 52 230 1035 131 898 740 765 -1 64 690 840 999 551 706 1031 804 376 452 
493 463 644 407 592 750 746 510 707 183 754 482 234 169 337 331 487 751 783 820 740 732 781 695 927 754 808 800 457 251 582 620 62 172 1020 67 899 681 711 64 -1 637 804 983 532 674 1020 778 347 420 
448 260 334 372 325 657 706 495 316 524 885 748 530 615 617 720 783 820 544 457 262 157 575 239 573 632 969 844 234 387 202 96 647 467 710 585 779 137 75 690 637 -1 331 667 421 320 742 422 388 331 
389 342 183 410 229 442 504 416 107 638 727 697 612 712 630 743 737 645 283 150 74 182 322 116 250 408 809 650 355 591 228 428 788 662 388 774 519 455 325 840 804 331 -1 346 341 144 425 137 464 388 
490 578 378 583 421 308 362 481 358 799 582 689 754 845 706 801 725 497 200 211 407 527 211 429 96 281 648 474 608 829 508 764 947 881 43 974 269 798 670 999 983 667 346 -1 451 368 81 250 644 585 
49 189 157 138 120 272 304 81 233 349 463 362 306 402 293 404 402 401 253 300 308 384 256 275 397 260 547 429 227 396 224 491 498 436 489 523 420 552 474 551 532 421 341 451 -1 197 493 262 197 155 
244 223 39 271 85 350 406 274 37 502 613 557 472 572 486 598 596 537 224 162 117 220 255 97 284 321 697 550 246 480 139 411 654 543 412 650 461 457 345 706 674 320 144 368 197 -1 435 119 329 254 
527 636 440 629 479 305 349 511 428 836 553 691 787 875 727 815 725 470 240 285 483 605 238 503 177 285 612 440 667 881 575 838 981 928 51 1016 227 874 747 1031 1020 742 425 81 493 435 -1 321 689 635 
311 339 137 370 187 306 369 325 107 600 595 594 563 662 554 662 634 512 146 43 171 294 185 182 164 272 676 514 365 596 258 517 752 655 294 758 384 556 434 804 778 422 137 250 262 119 321 -1 431 361 
171 141 297 61 246 455 473 209 363 173 574 375 153 251 229 331 406 534 449 473 406 427 453 362 583 449 650 573 156 205 258 422 324 239 684 330 607 490 459 376 347 388 464 644 197 329 689 431 -1 77 
149 72 225 40 173 426 453 196 287 250 585 417 229 328 288 396 452 534 395 404 329 354 405 285 517 415 665 568 99 245 182 379 400 296 626 397 575 445 398 452 420 331 388 585 155 254 635 361 77 -1 
