20
-1 323 419 185 471 474 506 101 425 255 398 278 140 214 217 382 245 143 561 157 
323 -1 167 236 387 151 306 290 668 297 327 333 380 536 519 614 559 416 505 167 
419 167 -1 389 258 162 447 420 668 459 493 299 423 612 634 612 664 467 373 271 
185 236 389 -1 538 376 326 92 609 88 215 390 314 380 310 564 361 326 647 152 
471 387 258 538 -1 420 691 525 525 624 702 208 393 595 679 473 688 437 118 386 
474 151 162 376 420 -1 313 439 796 420 404 437 520 685 669 740 711 559 533 317 
506 306 447 326 691 313 -1 419 920 296 173 627 619 707 620 870 676 641 809 401 
101 290 420 92 525 439 419 -1 526 153 299 351 239 288 231 483 277 244 625 152 
425 668 668 609 525 796 920 526 -1 679 824 370 301 307 468 56 429 282 528 523 
255 297 459 88 624 420 296 153 679 -1 150 478 391 426 324 637 381 398 734 239 
398 327 493 215 702 404 173 299 824 150 -1 588 530 576 468 780 526 541 818 343 
278 333 299 390 208 437 627 351 370 478 588 -1 185 387 475 314 481 228 284 245 
140 380 423 314 393 520 619 239 301 391 530 185 -1 203 296 252 297 45 463 224 
214 536 612 380 595 685 707 288 307 426 576 387 203 -1 160 289 125 158 655 368 
217 519 634 310 679 669 620 231 468 324 468 475 296 160 -1 447 58 263 758 364 
382 614 612 564 473 740 870 483 56 637 780 314 252 289 447 -1 414 239 482 471 
245 559 664 361 688 711 676 277 429 381 526 481 297 125 58 414 -1 258 760 399 
143 416 467 326 437 559 641 244 282 398 541 228 45 158 263 239 258 -1 502 255 
561 505 373 647 118 533 809 625 528 734 818 284 463 655 758 482 760 502 -1 494 
157 167 271 152 386 317 401 152 523 239 343 245 224 368 364 471 399 255 494 -1 
