20
-1 266 295 309 347 355 283 205 183 320 316 529 612 292 309 401 475 538 292 575 
266 -1 552 539 544 155 298 461 296 477 207 480 707 377 341 661 483 533 152 435 
295 552 -1 106 195 650 536 211 420 261 525 623 525 353 414 246 529 588 527 740 
309 539 106 -1 89 657 580 292 467 163 473 534 420 273 339 352 435 491 485 664 
347 544 195 89 -1 676 628 370 519 95 445 464 331 223 291 441 361 413 466 608 
355 155 650 657 676 -1 237 515 294 619 360 631 861 528 495 710 638 687 305 564 
283 298 536 580 628 237 -1 350 115 603 480 745 890 557 553 522 719 778 431 730 
205 461 211 292 370 515 350 -1 239 396 517 698 693 432 471 200 624 688 496 769 
183 296 420 467 519 294 115 239 -1 502 439 687 796 472 479 422 646 708 397 699 
320 477 261 163 95 619 603 396 502 -1 357 372 300 129 197 503 271 328 384 512 
316 207 525 473 445 360 480 517 439 357 -1 273 526 231 171 702 282 327 54 261 
529 480 623 534 464 631 745 698 687 372 273 -1 351 273 226 850 108 90 328 183 
612 707 525 420 331 861 890 693 796 300 526 351 -1 338 366 770 264 261 573 534 
292 377 353 273 223 528 557 432 472 129 231 273 338 -1 67 577 192 256 263 391 
309 341 414 339 291 495 553 471 479 197 171 226 366 67 -1 629 167 230 211 326 
401 661 246 352 441 710 522 200 422 503 702 850 770 577 629 -1 763 825 688 944 
475 483 529 435 361 638 719 624 646 271 282 108 264 192 167 763 -1 64 335 282 
538 533 588 491 413 687 778 688 708 328 327 90 261 256 230 825 64 -1 382 273 
292 152 527 485 466 305 431 496 397 384 54 328 573 263 211 688 335 382 -1 302 
575 435 740 664 608 564 730 769 699 512 261 183 534 391 326 944 282 273 302 -1 
