20
-1 254 230 233 394 235 250 358 339 190 384 406 229 588 326 503 395 342 510 568 
254 -1 57 142 328 395 206 128 439 441 279 405 215 485 130 372 415 332 401 401 
230 57 -1 180 278 344 149 129 383 420 234 350 158 445 106 335 358 371 455 458 
233 142 180 -1 457 442 317 266 517 385 414 518 316 625 273 513 522 191 295 336 
394 328 278 457 -1 308 149 270 245 552 65 108 166 195 221 136 136 644 730 716 
235 395 344 442 308 -1 241 440 123 297 340 256 214 486 388 444 231 577 734 775 
250 206 149 317 149 241 -1 205 245 423 134 202 28 340 150 253 209 500 602 607 
358 128 129 266 270 440 205 -1 449 548 208 369 228 389 55 270 387 451 485 452 
339 439 383 517 245 123 245 449 -1 420 296 160 227 395 394 378 129 672 812 837 
190 441 420 385 552 297 423 548 420 -1 556 536 397 746 516 674 516 415 611 697 
384 279 234 414 65 340 134 208 296 556 -1 172 158 213 162 118 197 605 678 658 
406 405 350 518 108 256 202 369 160 536 172 -1 203 234 316 225 32 698 805 804 
229 215 158 316 166 214 28 228 227 397 158 203 -1 359 174 277 206 494 606 617 
588 485 445 625 195 486 340 389 395 746 213 234 359 -1 358 118 265 815 873 837 
326 130 106 273 221 388 150 55 394 516 162 316 174 358 -1 242 334 463 517 495 
503 372 335 513 136 444 253 270 378 674 118 225 277 118 242 -1 257 704 756 718 
395 415 358 522 136 231 209 387 129 516 197 32 206 265 334 257 -1 697 811 815 
342 332 371 191 644 577 500 451 672 415 605 698 494 815 463 704 697 -1 199 307 
510 401 455 295 730 734 602 485 812 611 678 805 606 873 517 756 811 199 -1 131 
568 401 458 336 716 775 607 452 837 697 658 804 617 837 495 718 815 307 131 -1 
