20
-1 328 387 430 259 357 192 294 140 333 341 500 561 119 224 335 403 532 475 524 
328 -1 91 296 476 322 207 383 456 171 264 257 234 427 498 659 602 403 223 299 
387 91 -1 376 560 284 228 372 503 129 224 167 208 496 527 707 690 328 132 210 
430 296 376 -1 394 602 439 628 567 463 548 542 364 461 653 740 460 699 507 585 
259 476 560 394 -1 611 430 553 318 553 586 708 675 172 428 407 144 778 677 740 
357 322 284 602 611 -1 187 128 396 156 60 252 485 473 358 571 756 182 252 246 
192 207 228 439 430 187 -1 189 282 143 155 311 429 312 299 483 574 347 289 332 
294 383 372 628 553 128 189 -1 292 246 167 375 580 397 236 451 697 300 370 373 
140 456 503 567 318 396 282 292 -1 423 401 590 690 146 110 204 446 579 570 606 
333 171 129 463 553 156 143 246 423 -1 96 167 334 451 426 622 693 243 147 191 
341 264 224 548 586 60 155 167 401 96 -1 209 426 460 379 587 730 192 203 212 
500 257 167 542 708 252 311 375 590 167 209 -1 284 617 583 786 843 196 35 44 
561 234 208 364 675 485 429 580 690 334 426 284 -1 654 727 893 783 480 259 324 
119 427 496 461 172 473 312 397 146 451 460 617 654 -1 257 279 306 650 591 642 
224 498 527 653 428 358 299 236 110 426 379 583 727 257 -1 215 556 536 570 591 
335 659 707 740 407 571 483 451 204 622 587 786 893 279 215 -1 491 751 769 798 
403 602 690 460 144 756 574 697 446 693 730 843 783 306 556 491 -1 921 812 878 
532 403 328 699 778 182 347 300 579 243 192 196 480 650 536 751 921 -1 221 160 
475 223 132 507 677 252 289 370 570 147 203 35 259 591 570 769 812 221 -1 78 
524 299 210 585 740 246 332 373 606 191 212 44 324 642 591 798 878 160 78 -1 
