20
-1 93 176 356 449 220 428 339 508 481 396 261 179 131 220 628 510 339 533 177 
93 -1 136 322 447 303 346 248 431 458 323 297 121 218 187 684 578 401 440 244 
176 136 -1 186 315 296 277 299 347 321 417 426 248 239 321 601 521 515 428 216 
356 322 186 -1 175 403 246 412 269 141 557 612 425 379 501 558 527 694 450 322 
449 447 315 175 -1 403 416 582 421 102 720 710 563 418 634 410 418 764 622 341 
220 303 296 403 403 -1 572 550 635 477 617 398 400 89 431 433 298 396 719 83 
428 346 277 246 416 572 -1 260 89 348 414 626 386 515 459 803 759 745 207 490 
339 248 299 412 582 550 260 -1 344 549 154 434 197 466 245 900 812 571 226 484 
508 431 347 269 421 635 89 344 -1 337 495 715 476 585 549 825 797 831 238 552 
481 458 321 141 102 477 348 549 337 -1 696 742 566 477 641 509 520 812 554 406 
396 323 417 557 720 617 414 154 495 696 -1 388 217 527 213 1005 901 531 333 566 
261 297 426 612 710 398 626 434 715 742 388 -1 245 324 189 831 689 143 660 402 
179 121 248 425 563 400 386 197 476 566 217 245 -1 310 77 801 688 377 420 354 
131 218 239 379 418 89 515 466 585 477 527 324 310 -1 341 515 386 348 647 81 
220 187 321 501 634 431 459 245 549 641 213 189 77 341 -1 848 727 329 472 397 
628 684 601 558 410 433 803 900 825 509 1005 831 801 515 848 -1 157 811 1000 450 
510 578 521 527 418 298 759 812 797 520 901 689 688 386 727 157 -1 659 943 335 
339 401 515 694 764 396 745 571 831 812 531 143 377 348 329 811 659 -1 797 429 
533 440 428 450 622 719 207 226 238 554 333 660 420 647 472 1000 943 797 -1 643 
177 244 216 322 341 83 490 484 552 406 566 402 354 81 397 450 335 429 643 -1 
