20
-1 302 80 521 379 364 460 416 485 185 223 345 387 456 171 432 381 303 482 184 
302 -1 285 286 89 72 415 367 348 217 520 462 473 522 197 148 219 400 599 118 
80 285 -1 466 349 354 381 338 413 232 240 272 310 379 112 427 409 376 412 173 
521 286 466 -1 205 295 299 276 165 498 699 481 460 473 354 324 480 686 574 365 
379 89 349 205 -1 93 387 344 295 307 589 480 481 521 245 145 278 488 607 197 
364 72 354 295 93 -1 469 424 387 249 585 533 541 588 269 75 185 415 667 182 
460 415 381 299 387 469 -1 48 137 545 548 230 189 180 311 533 632 729 283 406 
416 367 338 276 344 424 48 -1 126 497 517 220 188 196 264 489 584 681 297 357 
485 348 413 165 295 387 137 126 -1 522 620 345 314 315 316 439 565 713 418 378 
185 217 232 498 307 249 545 497 522 -1 396 497 528 593 237 297 201 191 640 144 
223 520 240 699 589 585 548 517 620 396 -1 348 401 465 351 655 598 445 442 403 
345 462 272 481 480 533 230 220 345 497 348 -1 52 119 278 608 647 648 143 393 
387 473 310 460 481 541 189 188 314 528 401 52 -1 69 300 615 668 687 126 415 
456 522 379 473 521 588 180 196 315 593 465 119 69 -1 360 659 724 755 103 474 
171 197 112 354 245 269 311 264 316 237 351 278 300 360 -1 345 369 417 420 114 
432 148 427 324 145 75 533 489 439 297 655 608 615 659 345 -1 173 441 741 254 
381 219 409 480 278 185 632 584 565 201 598 647 668 724 369 173 -1 286 789 254 
303 400 376 686 488 415 729 681 713 191 445 648 687 755 417 441 286 -1 786 335 
482 599 412 574 607 667 283 297 418 640 442 143 126 103 420 741 789 786 -1 535 
184 118 173 365 197 182 406 357 378 144 403 393 415 474 114 254 254 335 535 -1 
