20
-1 294 270 231 119 669 552 369 306 83 310 331 412 542 415 562 355 381 485 507 
294 -1 51 171 319 426 599 111 444 360 593 356 281 659 668 561 645 568 708 700 
270 51 -1 194 314 419 548 162 395 328 558 383 240 608 626 513 613 520 662 652 
231 171 194 -1 191 597 697 174 490 314 538 188 431 725 646 678 578 592 711 723 
119 319 314 191 -1 732 671 360 424 186 371 225 502 659 499 678 401 492 582 612 
669 426 419 597 732 -1 598 459 628 703 903 775 298 730 917 513 966 754 906 860 
552 599 548 697 671 598 -1 708 259 506 549 861 363 149 467 91 609 289 397 324 
369 111 162 174 360 459 708 -1 553 444 677 323 377 770 764 667 725 675 811 808 
306 444 395 490 424 628 259 553 -1 249 316 632 331 237 290 295 380 131 284 259 
83 360 328 314 186 703 506 444 249 -1 233 408 426 477 332 527 285 306 403 427 
310 593 558 538 371 903 549 677 316 233 -1 590 609 457 151 605 64 265 260 323 
331 356 383 188 225 775 861 323 632 408 590 -1 619 869 724 852 612 713 808 836 
412 281 240 431 502 298 363 377 331 426 609 619 -1 468 618 302 673 459 612 573 
542 659 608 725 659 730 149 770 237 477 457 869 468 -1 347 240 509 193 261 182 
415 668 626 646 499 917 467 764 290 332 151 724 618 347 -1 539 179 183 111 185 
562 561 513 678 678 513 91 667 295 527 605 852 302 240 539 -1 667 356 479 409 
355 645 613 578 401 966 609 725 380 285 64 612 673 509 179 667 -1 321 291 363 
381 568 520 592 492 754 289 675 131 306 265 713 459 193 183 356 321 -1 153 133 
485 708 662 711 582 906 397 811 284 403 260 808 612 261 111 479 291 153 -1 82 
507 700 652 723 612 860 324 808 259 427 323 836 573 182 185 409 363 133 82 -1 
