20
-1 196 174 280 244 254 359 429 391 256 168 278 61 46 212 155 327 380 626 496 
196 -1 276 84 343 416 477 339 469 434 337 398 218 237 408 67 356 257 479 648 
174 276 -1 353 413 159 202 332 218 369 308 438 233 198 250 276 501 518 562 622 
280 84 353 -1 398 498 550 345 533 510 412 456 296 319 492 135 385 222 442 711 
244 343 413 398 -1 440 573 655 624 193 139 61 182 214 299 275 129 347 822 317 
254 416 159 498 440 -1 144 475 228 323 306 444 292 248 172 399 554 633 712 565 
359 477 202 550 573 144 -1 427 101 467 444 582 409 367 316 479 679 720 666 708 
429 339 332 345 655 475 427 -1 350 678 597 700 485 473 580 398 692 568 239 925 
391 469 218 533 624 228 101 350 -1 543 505 642 448 410 396 485 718 723 584 790 
256 434 369 510 193 323 467 678 543 -1 97 158 216 209 152 375 321 521 882 253 
168 337 308 412 139 306 444 597 505 97 -1 138 121 123 160 277 265 433 793 327 
278 398 438 456 61 444 582 700 642 158 138 -1 217 241 288 330 170 406 875 256 
61 218 233 296 182 292 409 485 448 216 121 217 -1 44 211 162 270 357 673 444 
46 237 198 319 214 248 367 473 410 209 123 241 44 -1 176 189 311 398 672 451 
212 408 250 492 299 172 316 580 396 152 160 288 211 176 -1 365 425 567 802 393 
155 67 276 135 275 399 479 398 485 375 277 330 162 189 365 -1 293 241 547 582 
327 356 501 385 129 554 679 692 718 321 265 170 270 311 425 293 -1 263 827 393 
380 257 518 222 347 633 720 568 723 521 433 406 357 398 567 241 263 -1 636 652 
626 479 562 442 822 712 666 239 584 882 793 875 673 672 802 547 827 636 -1 1117 
496 648 622 711 317 565 708 925 790 253 327 256 444 451 393 582 393 652 1117 -1 
