20
-1 222 260 361 365 477 196 433 144 290 401 328 498 497 327 538 395 496 330 90 
222 -1 388 523 587 476 324 443 77 483 582 524 550 621 136 502 562 636 364 159 
260 388 -1 142 365 285 444 694 335 458 570 480 750 715 412 370 581 701 590 244 
361 523 142 -1 309 366 516 778 463 477 577 487 815 748 554 456 599 725 675 370 
365 587 365 309 -1 648 392 640 509 250 313 237 630 506 679 735 349 470 548 437 
477 476 285 366 648 -1 674 888 468 731 845 757 970 971 409 90 851 964 791 411 
196 324 444 516 392 674 -1 265 263 186 264 228 305 307 458 733 240 315 163 271 
433 443 694 778 640 888 265 -1 423 397 407 427 127 294 571 931 362 338 104 479 
144 77 335 463 509 468 263 423 -1 411 513 452 518 568 197 507 497 579 333 92 
290 483 458 477 250 731 186 397 411 -1 114 42 379 271 608 804 124 247 316 381 
401 582 570 577 313 845 264 407 513 114 -1 90 352 196 711 918 46 157 349 491 
328 524 480 487 237 757 228 427 452 42 90 -1 398 271 648 832 115 240 351 418 
498 550 750 815 630 970 305 127 518 379 352 398 -1 193 683 1021 306 243 185 559 
497 621 715 748 506 971 307 294 568 271 196 271 193 -1 757 1035 157 51 289 578 
327 136 412 554 679 409 458 571 197 608 711 648 683 757 -1 413 694 772 498 242 
538 502 370 456 735 90 733 931 507 804 918 832 1021 1035 413 -1 922 1031 838 463 
395 562 581 599 349 851 240 362 497 124 46 115 306 157 694 922 -1 125 309 483 
496 636 701 725 470 964 315 338 579 247 157 240 243 51 772 1031 125 -1 321 580 
330 364 590 675 548 791 163 104 333 316 349 351 185 289 498 838 309 321 -1 380 
90 159 244 370 437 411 271 479 92 381 491 418 559 578 242 463 483 580 380 -1 
