20
-1 133 375 385 309 365 403 357 377 436 429 395 113 73 352 344 538 378 435 330 
133 -1 242 496 428 274 388 284 278 346 315 292 237 193 411 441 654 382 474 299 
375 242 -1 700 666 206 432 332 265 330 151 175 480 435 607 666 859 524 644 415 
385 496 700 -1 414 582 433 741 762 821 682 631 365 384 614 520 159 712 715 698 
309 428 666 414 -1 673 668 511 572 602 737 705 196 237 232 110 503 376 328 420 
365 274 206 582 673 -1 234 493 445 516 104 51 477 438 685 706 735 645 746 548 
403 388 432 433 668 234 -1 664 635 707 333 282 493 468 755 733 565 764 837 688 
357 284 332 741 511 493 664 -1 82 90 478 485 395 363 352 458 890 218 349 110 
377 278 265 762 572 445 635 82 -1 72 415 429 435 398 429 529 915 300 432 191 
436 346 330 821 602 516 707 90 72 -1 482 498 482 449 434 546 973 289 420 191 
429 315 151 682 737 104 333 478 415 482 -1 53 542 499 719 757 837 656 768 551 
395 292 175 631 705 51 282 485 429 498 53 -1 508 467 701 731 785 650 757 549 
113 237 480 365 196 477 493 395 435 482 542 508 -1 44 277 241 502 349 372 336 
73 193 435 384 237 438 468 363 398 449 499 467 44 -1 290 272 527 340 380 314 
352 411 607 614 232 685 755 352 429 434 719 701 277 290 -1 133 724 160 100 243 
344 441 666 520 110 706 733 458 529 546 757 731 241 272 133 -1 613 290 222 356 
538 654 859 159 503 735 565 890 915 973 837 785 502 527 724 613 -1 840 825 838 
378 382 524 712 376 645 764 218 300 289 656 650 349 340 160 290 840 -1 131 112 
435 474 644 715 328 746 837 349 432 420 768 757 372 380 100 222 825 131 -1 241 
330 299 415 698 420 548 688 110 191 191 551 549 336 314 243 356 838 112 241 -1 
