20
-1 186 324 428 345 195 211 229 315 258 411 444 473 333 427 617 167 450 555 582 
186 -1 502 544 290 313 387 364 502 428 264 257 443 442 612 704 200 266 392 482 
324 502 -1 507 514 240 115 192 136 80 734 756 566 460 206 707 456 768 880 883 
428 544 507 -1 773 576 472 576 378 509 593 748 900 101 398 203 346 729 729 590 
345 290 514 773 -1 275 421 321 585 435 520 395 152 676 695 957 463 433 609 757 
195 313 240 576 275 -1 148 55 315 161 573 546 350 493 422 776 362 567 706 768 
211 387 115 472 421 148 -1 118 167 49 623 641 496 406 273 676 354 653 767 782 
229 364 192 576 321 55 118 -1 283 116 622 601 381 501 384 779 395 621 757 810 
315 502 136 378 585 315 167 283 -1 174 700 759 663 345 113 575 402 763 850 816 
258 428 80 509 435 161 49 116 174 -1 669 680 496 448 269 712 404 694 812 831 
411 264 734 593 520 573 623 622 700 669 -1 209 670 503 800 688 301 169 149 242 
444 257 756 748 395 546 641 601 759 680 209 -1 529 649 869 872 410 46 227 438 
473 443 566 900 152 350 496 381 663 496 670 529 -1 807 765 1091 608 570 750 909 
333 442 460 101 676 493 406 501 345 448 503 649 807 -1 393 285 245 632 644 529 
427 612 206 398 695 422 273 384 113 269 800 869 765 393 -1 576 498 872 950 898 
617 704 707 203 957 776 676 779 575 712 688 872 1091 285 576 -1 505 845 803 610 
167 200 456 346 463 362 354 395 402 404 301 410 608 245 498 505 -1 399 451 428 
450 266 768 729 433 567 653 621 763 694 169 46 570 632 872 845 399 -1 182 393 
555 392 880 729 609 706 767 757 850 812 149 227 750 644 950 803 451 182 -1 249 
582 482 883 590 757 768 782 810 816 831 242 438 909 529 898 610 428 393 249 -1 
