30
-1 760 429 599 840 381 956 809 963 695 826 652 608 551 842 665 687 314 120 61 646 265 192 558 777 305 467 383 264 198 
760 -1 438 278 139 671 310 112 608 442 159 123 574 328 467 531 672 475 743 708 138 536 658 204 261 457 399 412 703 569 
429 438 -1 449 465 233 546 529 546 271 566 380 245 134 415 269 354 323 360 368 300 355 441 296 589 244 418 324 276 312 
599 278 449 -1 414 659 584 254 826 596 251 167 669 413 676 657 780 284 624 561 280 337 448 173 177 313 147 216 641 402 
840 139 465 414 -1 686 170 226 495 382 271 251 539 334 367 481 622 580 805 783 195 640 761 309 392 547 527 522 741 659 
381 671 233 659 686 -1 741 762 629 394 798 610 254 352 537 328 311 456 267 330 533 459 491 522 812 381 593 488 121 381 
956 310 546 584 170 741 -1 388 382 373 431 418 544 413 292 471 602 724 904 897 338 782 901 463 558 680 689 672 818 789 
809 112 529 254 226 762 388 -1 714 554 48 160 683 430 576 642 782 505 806 761 237 564 684 256 170 504 397 437 782 611 
963 608 546 826 495 629 382 714 -1 274 762 669 374 463 151 303 356 843 872 903 547 888 985 660 868 772 879 818 742 856 
695 442 271 596 382 394 373 554 274 -1 601 459 171 197 148 100 240 572 611 634 335 615 710 423 678 499 624 553 493 581 
826 159 566 251 271 798 431 48 762 601 -1 189 727 472 624 688 827 517 830 781 279 576 693 284 135 524 398 448 814 628 
652 123 380 167 251 610 418 160 669 459 189 -1 561 299 520 534 667 356 646 603 125 417 539 96 221 347 277 291 624 456 
608 574 245 669 539 254 544 683 374 171 727 561 -1 262 296 79 111 568 506 550 448 596 668 500 783 488 660 569 370 541 
551 328 134 413 334 352 413 430 463 197 472 299 262 -1 318 244 370 380 491 490 193 427 531 240 520 312 428 357 409 406 
842 467 415 676 367 537 292 576 151 148 624 520 296 318 -1 216 324 698 759 780 397 745 847 509 724 630 728 670 640 720 
665 531 269 657 481 328 471 642 303 100 688 534 79 244 216 -1 142 590 570 605 414 625 707 484 755 512 665 583 439 579 
687 672 354 780 622 311 602 782 356 240 827 667 111 370 324 142 -1 675 577 632 551 699 764 610 889 594 770 679 433 640 
314 475 323 284 580 456 724 505 843 572 517 356 568 380 698 590 675 -1 349 279 387 61 183 273 462 80 159 69 400 119 
120 743 360 624 805 267 904 806 872 611 830 646 506 491 759 570 577 349 -1 90 617 316 283 550 800 311 508 410 146 232 
61 708 368 561 783 330 897 761 903 634 781 603 550 490 780 605 632 279 90 -1 590 238 193 508 739 257 436 345 218 159 
646 138 300 280 195 533 338 237 547 335 279 125 448 193 397 414 551 387 617 590 -1 447 568 127 342 351 357 334 568 463 
265 536 355 337 640 459 782 564 888 615 576 417 596 427 745 625 699 61 316 238 447 -1 122 334 514 115 201 127 387 86 
192 658 441 448 761 491 901 684 985 710 693 539 668 531 847 707 764 183 283 193 568 122 -1 456 622 223 304 248 395 129 
558 204 296 173 309 522 463 256 660 423 284 96 500 240 509 484 610 273 550 508 127 334 456 -1 292 254 230 213 530 365 
777 261 589 177 392 812 558 170 868 678 135 221 783 520 724 755 889 462 800 739 342 514 622 292 -1 488 318 394 807 580 
305 457 244 313 547 381 680 504 772 499 524 347 488 312 630 512 594 80 311 257 351 115 223 254 488 -1 215 109 336 112 
467 399 418 147 527 593 689 397 879 624 398 277 660 428 728 665 770 159 508 436 357 201 304 230 318 215 -1 106 551 277 
383 412 324 216 522 488 672 437 818 553 448 291 569 357 670 583 679 69 410 345 334 127 248 213 394 109 106 -1 446 185 
264 703 276 641 741 121 818 782 742 493 814 624 370 409 640 439 433 400 146 218 568 387 395 530 807 336 551 446 -1 303 
198 569 312 402 659 381 789 611 856 581 628 456 541 406 720 579 640 119 232 159 463 86 129 365 580 112 277 185 303 -1 
