30
-1 463 429 334 378 246 273 165 185 559 332 622 293 446 699 626 202 571 409 196 460 506 676 220 570 358 381 718 460 170 
463 -1 138 526 150 516 392 442 572 431 421 242 480 601 300 395 435 276 508 301 411 256 377 365 157 198 154 257 126 595 
429 138 -1 580 243 547 282 360 574 295 299 194 368 474 270 278 463 172 379 237 273 383 284 273 293 83 48 315 253 585 
334 526 580 -1 378 94 568 487 214 814 630 758 613 772 824 844 141 752 721 436 732 391 864 507 542 548 544 764 440 270 
378 150 243 378 -1 377 404 411 449 531 451 391 487 633 451 521 300 410 548 274 485 162 517 358 194 258 228 389 81 481 
246 516 547 94 377 -1 496 405 124 756 558 734 533 690 804 798 83 715 644 374 668 427 827 436 558 503 506 765 449 179 
273 392 282 568 404 496 -1 120 458 291 62 440 87 230 514 376 427 357 156 144 188 566 443 60 544 201 244 597 462 441 
165 442 360 487 411 405 120 -1 349 412 172 538 127 284 614 495 347 465 243 142 308 565 558 90 580 277 314 674 483 327 
185 572 574 214 449 124 458 349 -1 740 517 768 476 623 842 799 158 732 593 363 643 529 841 403 641 515 528 828 528 55 
559 431 295 814 531 756 291 412 740 -1 245 303 323 313 351 119 678 197 237 383 105 679 210 338 578 278 303 508 549 729 
332 421 299 630 451 558 62 172 517 245 -1 435 83 182 506 342 489 342 98 203 140 613 417 123 577 224 268 607 503 498 
622 242 194 758 391 734 440 538 768 303 435 -1 515 579 77 212 650 107 486 428 346 487 154 448 337 266 241 205 362 779 
293 480 368 613 487 533 87 127 476 323 83 515 -1 160 588 424 472 425 118 217 218 648 500 129 631 287 331 681 548 449 
446 601 474 772 633 690 230 284 623 313 182 579 160 -1 643 432 632 476 95 372 234 795 521 284 758 403 447 768 686 590 
699 300 270 824 451 804 514 614 842 351 506 77 588 643 -1 244 721 166 551 505 408 531 163 524 368 343 317 184 412 854 
626 395 278 844 521 798 376 495 799 119 342 212 424 432 244 -1 716 121 352 435 209 652 91 412 527 295 303 415 521 795 
202 435 463 141 300 83 427 347 158 678 489 650 472 632 721 716 -1 632 579 297 593 371 743 366 488 421 422 687 376 202 
571 276 172 752 410 715 357 465 732 197 342 107 425 476 166 121 632 -1 385 375 242 533 111 376 405 216 209 310 402 736 
409 508 379 721 548 644 156 243 593 237 98 486 118 95 551 352 579 385 -1 300 145 710 437 216 665 310 353 673 597 567 
196 301 237 436 274 374 144 142 363 383 203 428 217 372 505 435 297 375 300 -1 295 433 480 88 438 162 189 542 342 362 
460 411 273 732 485 668 188 308 643 105 140 346 218 234 408 209 593 242 145 295 -1 642 292 240 567 228 263 541 518 629 
506 256 383 391 162 427 566 565 529 679 613 487 648 795 531 652 371 533 710 433 642 -1 632 519 174 414 380 413 131 572 
676 377 284 864 517 827 443 558 841 210 417 154 500 521 163 91 743 111 437 480 292 632 -1 471 489 325 321 344 503 842 
220 365 273 507 358 436 60 90 403 338 123 448 129 284 524 412 366 376 216 88 240 519 471 -1 511 189 229 588 422 390 
570 157 293 542 194 558 544 580 641 578 577 337 631 758 368 527 488 405 665 438 567 174 489 511 -1 354 311 238 113 675 
358 198 83 548 258 503 201 277 515 278 224 266 287 403 343 295 421 216 310 162 228 414 325 189 354 -1 44 399 292 520 
381 154 48 544 228 506 244 314 528 303 268 241 331 447 317 303 422 209 353 189 263 380 321 229 311 44 -1 359 254 538 
718 257 315 764 389 765 597 674 828 508 607 205 681 768 184 415 687 310 673 542 541 413 344 588 238 399 359 -1 323 853 
460 126 253 440 81 449 462 483 528 549 503 362 548 686 412 521 376 402 597 342 518 131 503 422 113 292 254 323 -1 562 
170 595 585 270 481 179 441 327 55 729 498 779 449 590 854 795 202 736 567 362 629 572 842 390 675 520 538 853 562 -1 
