30
-1 99 514 485 230 552 565 386 372 458 640 597 154 603 585 706 790 640 344 500 618 471 520 178 135 201 138 393 229 137 
99 -1 613 557 219 609 645 486 461 554 724 686 109 701 628 805 880 734 442 594 715 550 600 274 169 188 106 486 328 120 
514 613 -1 472 653 591 443 154 330 219 294 359 644 217 688 258 472 190 222 106 119 414 417 343 549 594 599 174 285 611 
485 557 472 -1 425 119 108 347 166 254 755 213 501 353 217 454 380 663 293 552 582 58 83 456 394 678 624 524 419 465 
230 219 653 425 -1 441 529 503 393 521 838 604 113 671 435 782 793 812 439 670 769 439 490 373 112 404 323 576 400 100 
552 609 591 119 441 -1 185 465 279 373 874 305 535 461 103 556 437 782 408 671 700 176 186 552 440 751 689 639 522 503 
565 645 443 108 529 185 -1 346 203 229 736 119 598 282 288 371 271 629 310 536 541 94 45 505 488 748 702 530 458 562 
386 486 154 347 503 465 346 -1 189 125 410 299 503 230 555 322 463 335 69 208 273 293 310 236 402 504 492 183 173 468 
372 461 330 166 393 279 203 189 -1 136 599 225 434 280 366 392 419 519 128 397 447 121 158 302 321 547 506 359 258 397 
458 554 219 254 521 373 229 125 136 -1 508 174 548 151 471 261 347 409 120 307 327 196 199 338 437 604 579 306 278 510 
640 724 294 755 838 874 736 410 599 508 -1 652 792 500 966 501 745 138 474 202 228 699 707 467 725 624 667 264 439 768 
597 686 359 213 604 305 119 299 225 174 652 -1 657 170 408 252 194 535 286 460 443 172 130 502 544 762 728 477 446 619 
154 109 644 501 113 535 598 503 434 548 792 657 -1 699 540 807 850 785 448 643 754 504 556 326 113 298 216 540 368 37 
603 701 217 353 671 461 282 230 280 151 500 170 699 -1 564 111 255 374 259 323 280 298 275 466 588 735 718 371 404 662 
585 628 688 217 435 103 288 555 366 471 966 408 540 564 -1 660 530 879 494 763 799 275 289 614 460 786 717 723 592 513 
706 805 258 454 782 556 371 322 392 261 501 252 807 111 660 -1 253 364 362 357 273 402 373 558 698 824 815 430 495 770 
790 880 472 380 793 437 271 463 419 347 745 194 850 255 530 253 -1 612 467 578 519 354 304 684 737 949 919 623 626 813 
640 734 190 663 812 782 629 335 519 409 138 535 785 374 879 364 612 -1 404 142 94 605 606 461 702 668 695 248 417 756 
344 442 222 293 439 408 310 69 128 120 474 286 448 259 494 362 467 404 -1 274 342 243 269 217 342 484 460 230 159 412 
500 594 106 552 670 671 536 208 397 307 202 460 643 323 763 357 578 142 274 -1 131 496 506 321 560 543 562 111 274 613 
618 715 119 582 769 700 541 273 447 327 228 443 754 280 799 273 519 94 342 131 -1 523 520 441 663 674 690 240 388 722 
471 550 414 58 439 176 94 293 121 196 699 172 504 298 275 402 354 605 243 496 523 -1 51 421 393 656 608 472 379 468 
520 600 417 83 490 186 45 310 158 199 707 130 556 275 289 373 304 606 269 506 520 51 -1 461 445 702 656 493 415 519 
178 274 343 456 373 552 505 236 302 338 467 502 326 466 614 558 684 461 217 321 441 421 461 -1 260 268 258 214 62 300 
135 169 549 394 112 440 488 402 321 437 725 544 113 588 460 698 737 702 342 560 663 393 445 260 -1 331 258 464 288 75 
201 188 594 678 404 751 748 504 547 604 624 762 298 735 786 824 949 668 484 543 674 656 702 268 331 -1 82 433 330 303 
138 106 599 624 323 689 702 492 506 579 667 728 216 718 717 815 919 695 460 562 690 608 656 258 258 82 -1 451 320 223 
393 486 174 524 576 639 530 183 359 306 264 477 540 371 723 430 623 248 230 111 240 472 493 214 464 433 451 -1 176 512 
229 328 285 419 400 522 458 173 258 278 439 446 368 404 592 495 626 417 159 274 388 379 415 62 288 330 320 176 -1 338 
137 120 611 465 100 503 562 468 397 510 768 619 37 662 513 770 813 756 412 613 722 468 519 300 75 303 223 512 338 -1 
