30
-1 258 273 276 416 348 264 465 484 271 260 191 104 356 308 332 332 558 633 411 391 407 706 483 381 492 358 358 341 529 
258 -1 513 535 332 149 435 489 548 474 465 375 363 435 147 109 254 571 771 411 454 610 782 390 639 305 202 359 581 743 
273 513 -1 156 677 621 405 677 668 105 355 356 186 552 581 601 598 766 723 643 591 446 853 743 178 766 631 597 312 516 
276 535 156 -1 616 610 290 574 549 254 229 263 172 447 563 601 549 656 573 555 486 294 715 678 113 737 603 517 156 360 
416 332 677 616 -1 208 363 207 291 687 426 357 491 243 186 252 87 263 556 134 230 520 500 67 729 182 141 122 573 647 
348 149 621 610 208 -1 436 398 472 599 483 395 448 382 51 46 154 468 722 318 388 614 697 255 721 157 67 277 620 749 
264 435 405 290 363 436 -1 284 262 464 66 73 250 158 385 449 320 366 369 274 196 178 457 416 392 520 402 247 210 313 
465 489 677 574 207 398 284 -1 86 718 348 321 501 126 361 436 245 92 353 80 88 385 298 213 676 387 334 129 481 492 
484 548 668 549 291 472 262 86 -1 721 320 316 503 128 430 506 317 116 267 158 97 325 234 300 644 472 410 195 438 420 
271 474 105 254 687 599 464 718 721 -1 424 404 218 598 566 572 603 810 805 674 637 533 921 755 283 752 620 624 406 614 
260 465 355 229 426 483 66 348 320 424 -1 90 220 223 432 491 377 428 386 340 260 149 498 480 328 578 455 312 146 279 
191 375 356 263 357 395 73 321 316 404 90 -1 186 196 343 401 299 409 442 293 235 235 524 417 373 497 370 254 226 368 
104 363 186 172 491 448 250 501 503 218 220 186 -1 380 405 435 412 592 607 461 419 353 708 557 276 587 451 413 259 462 
356 435 552 447 243 382 158 126 128 598 223 196 380 -1 334 409 234 213 341 125 39 282 358 280 550 420 328 121 360 404 
308 147 581 563 186 51 385 361 430 566 432 343 405 334 -1 76 115 436 675 280 343 562 659 242 675 185 58 235 569 697 
332 109 601 601 252 46 449 436 506 572 491 401 435 409 76 -1 190 508 751 355 419 628 735 300 711 196 111 311 623 762 
332 254 598 549 87 154 320 245 317 603 377 299 412 234 115 190 -1 320 570 165 236 490 544 154 662 200 94 123 523 622 
558 571 766 656 263 468 366 92 116 810 428 409 592 213 436 508 320 -1 347 161 174 442 242 246 755 429 401 215 552 534 
633 771 723 573 556 722 369 353 267 805 386 442 607 341 675 751 570 347 -1 422 334 279 196 567 632 738 665 448 420 277 
411 411 643 555 134 318 274 80 158 674 340 293 461 125 280 355 165 161 422 -1 102 408 379 157 663 316 254 55 483 527 
391 454 591 486 230 388 196 88 97 637 260 235 419 39 343 419 236 174 334 102 -1 309 331 260 588 412 331 114 395 425 
407 610 446 294 520 614 178 385 325 533 149 235 353 282 562 628 490 442 279 408 309 -1 435 563 357 689 577 398 141 134 
706 782 853 715 500 697 457 298 234 921 498 524 708 358 659 735 544 242 196 379 331 435 -1 488 791 671 633 424 574 465 
483 390 743 678 67 255 416 213 300 755 480 417 557 280 242 300 154 246 567 157 260 563 488 -1 790 183 190 168 626 684 
381 639 178 113 729 721 392 676 644 283 328 373 276 550 675 711 662 755 632 663 588 357 791 790 -1 850 716 627 216 386 
492 305 766 737 182 157 520 387 472 752 578 497 587 420 185 196 200 429 738 316 412 689 671 183 850 -1 135 300 722 819 
358 202 631 603 141 67 402 334 410 620 455 370 451 328 58 111 94 401 665 254 331 577 633 190 716 135 -1 217 596 710 
358 359 597 517 122 277 247 129 195 624 312 254 413 121 235 311 123 215 448 55 114 398 424 168 627 300 217 -1 458 524 
341 581 312 156 573 620 210 481 438 406 146 226 259 360 569 623 523 552 420 483 395 141 574 626 216 722 596 458 -1 209 
529 743 516 360 647 749 313 492 420 614 279 368 462 404 697 762 622 534 277 527 425 134 465 684 386 819 710 524 209 -1 
