30
-1 565 334 683 237 265 687 84 176 871 975 230 205 235 256 516 769 591 1064 108 327 72 808 707 508 640 838 764 327 861 
565 -1 354 516 526 493 671 497 405 453 643 632 451 344 444 328 552 431 646 456 388 531 383 593 69 508 554 282 306 727 
334 354 -1 362 183 144 421 315 170 543 642 295 138 264 103 182 444 263 733 250 33 269 484 403 334 324 506 626 58 561 
683 516 362 -1 468 428 193 676 531 329 317 557 477 615 426 212 89 102 458 611 359 612 316 81 546 46 178 783 397 215 
237 526 183 468 -1 43 450 268 175 708 777 112 86 316 82 344 558 388 889 216 156 166 655 481 493 423 636 783 220 630 
265 493 144 428 43 -1 421 285 172 665 735 154 80 311 51 300 517 345 845 228 115 193 612 444 464 383 594 756 186 596 
687 671 421 193 450 421 -1 703 571 517 456 507 493 685 442 343 243 243 619 642 403 615 508 120 687 175 337 948 473 198 
84 497 315 676 268 285 703 -1 145 834 954 291 210 157 261 493 759 579 1031 64 317 113 769 710 437 636 820 684 295 867 
176 405 170 531 175 172 571 145 -1 696 809 251 92 141 132 348 614 434 891 80 174 127 633 568 357 492 675 635 153 726 
871 453 543 329 708 665 517 834 696 -1 211 815 681 718 640 365 279 345 200 774 559 810 70 396 515 365 203 633 543 438 
975 643 642 317 777 735 456 954 809 211 -1 872 772 861 724 461 230 389 173 890 648 907 269 346 698 364 141 843 659 307 
230 632 295 557 112 154 507 291 251 815 872 -1 180 385 193 452 647 485 991 260 268 177 764 558 594 510 730 881 330 698 
205 451 138 477 86 80 493 210 92 681 772 180 -1 232 51 318 564 385 869 149 124 135 622 503 414 434 633 702 155 659 
235 344 264 615 316 311 685 157 141 718 861 385 232 -1 266 410 689 513 918 136 283 227 650 665 282 582 736 529 219 822 
256 444 103 426 82 51 442 261 132 640 724 193 51 266 -1 276 513 336 826 199 81 185 584 452 413 383 585 705 138 607 
516 328 182 212 344 300 343 493 348 365 461 452 318 410 276 -1 279 112 551 429 195 451 311 277 345 189 328 608 199 427 
769 552 444 89 558 517 243 759 614 279 230 647 564 689 513 279 -1 180 380 694 443 699 284 123 591 136 95 804 474 181 
591 431 263 102 388 345 243 579 434 345 389 485 385 513 336 112 180 -1 507 514 263 521 311 165 454 77 249 706 296 315 
1064 646 733 458 889 845 619 1031 891 200 173 991 869 918 826 551 380 507 -1 970 746 1002 270 503 710 502 284 794 738 480 
108 456 250 611 216 228 642 64 80 774 890 260 149 136 199 429 694 514 970 -1 253 91 710 646 401 571 756 663 232 803 
327 388 33 359 156 115 403 317 174 559 648 268 124 283 81 195 443 263 746 253 -1 259 503 394 367 318 510 660 89 551 
72 531 269 612 166 193 615 113 127 810 907 177 135 227 185 451 699 521 1002 91 259 -1 749 635 480 569 769 750 270 789 
808 383 484 316 655 612 508 769 633 70 269 764 622 650 584 311 284 311 270 710 503 749 -1 390 444 344 227 574 480 457 
707 593 403 81 481 444 120 710 568 396 346 558 503 665 452 277 123 165 503 646 394 635 390 -1 619 87 219 862 446 158 
508 69 334 546 493 464 687 437 357 515 698 594 414 282 413 345 591 454 710 401 367 480 444 619 -1 532 601 292 280 760 
640 508 324 46 423 383 175 636 492 365 364 510 434 582 383 189 136 77 502 571 318 569 344 87 532 -1 224 780 363 241 
838 554 506 178 636 594 337 820 675 203 141 730 633 736 585 328 95 249 284 756 510 769 227 219 601 224 -1 785 528 235 
764 282 626 783 783 756 948 684 635 633 843 881 702 529 705 608 804 706 794 663 660 750 574 862 292 780 785 -1 572 985 
327 306 58 397 220 186 473 295 153 543 659 330 155 219 138 199 474 296 738 232 89 270 480 446 280 363 528 572 -1 603 
861 727 561 215 630 596 198 867 726 438 307 698 659 822 607 427 181 315 480 803 551 789 457 158 760 241 235 985 603 -1 
