30
-1 596 426 389 622 303 373 357 743 728 619 129 434 937 274 436 192 312 438 217 216 653 208 628 95 767 483 500 407 289 
596 -1 533 430 196 718 457 705 573 289 669 691 344 574 619 209 404 291 173 389 702 174 703 588 613 522 116 549 357 410 
426 533 -1 106 680 278 656 224 335 469 202 408 189 576 664 528 374 334 484 422 640 463 342 203 514 382 438 74 176 191 
389 430 106 -1 574 328 567 292 355 402 290 404 93 558 598 423 294 233 378 338 594 376 361 257 467 379 332 150 73 110 
622 196 680 574 -1 815 362 817 765 481 839 738 501 765 556 187 442 374 207 405 667 369 775 767 608 717 245 710 506 522 
303 718 278 328 815 -1 655 74 604 730 406 206 417 854 578 632 391 442 608 441 501 699 108 458 395 660 605 340 392 308 
373 457 656 567 362 655 -1 690 883 712 855 502 546 985 200 249 286 343 298 234 326 602 575 821 313 870 394 716 532 465 
357 705 224 292 817 74 690 -1 538 688 333 273 385 794 631 640 414 444 610 466 563 668 178 390 451 598 595 277 361 298 
743 573 335 355 765 604 883 538 -1 339 241 741 340 273 946 680 638 542 625 674 949 416 676 151 822 87 537 265 359 462 
728 289 469 402 481 730 712 688 339 -1 517 783 316 285 839 467 557 429 414 568 890 115 758 417 777 265 317 443 344 456 
619 669 202 290 839 406 855 333 241 517 -1 580 340 514 866 706 575 523 657 623 836 553 498 101 711 322 594 139 341 391 
129 691 408 404 738 206 502 273 741 783 580 -1 471 962 388 551 297 400 545 333 297 723 98 609 204 779 575 481 443 327 
434 344 189 93 501 417 546 385 340 316 340 471 -1 503 608 368 300 203 317 334 625 283 441 282 501 342 255 209 28 146 
937 574 576 558 765 854 985 794 273 285 514 962 503 -1 1093 747 793 673 692 815 1125 400 912 421 1003 197 594 517 530 648 
274 619 664 598 556 578 200 631 946 839 866 388 608 1093 -1 412 308 419 447 278 135 738 479 855 184 950 533 735 587 488 
436 209 528 423 187 632 249 640 680 467 706 551 368 747 412 -1 254 199 56 219 505 355 588 649 431 652 152 570 365 352 
192 404 374 294 442 391 286 414 638 557 575 297 300 793 308 254 -1 128 248 52 334 472 335 552 220 643 292 438 278 185 
312 291 334 233 374 442 343 444 542 429 523 400 203 673 419 199 128 -1 166 142 460 343 414 480 349 535 175 384 189 152 
438 173 484 378 207 608 298 610 625 414 657 545 317 692 447 56 248 166 -1 223 529 303 572 597 444 595 97 522 316 316 
217 389 422 338 405 441 234 466 674 568 623 333 334 815 278 219 52 142 223 -1 323 475 380 595 224 673 282 485 314 232 
216 702 640 594 667 501 326 563 949 890 836 297 625 1125 135 505 334 460 529 323 -1 799 394 841 127 966 603 714 599 487 
653 174 463 376 369 699 602 668 416 115 553 723 283 400 738 355 472 343 303 475 799 -1 711 461 692 355 208 455 307 403 
208 703 342 361 775 108 575 178 676 758 498 98 441 912 479 588 335 414 572 380 394 711 -1 537 295 723 587 412 413 308 
628 588 203 257 767 458 821 390 151 417 101 609 282 421 855 649 552 480 597 595 841 461 537 -1 714 225 524 128 291 367 
95 613 514 467 608 395 313 451 822 777 711 204 501 1003 184 431 220 349 444 224 127 692 295 714 -1 841 506 588 475 361 
767 522 382 379 717 660 870 598 87 265 322 779 342 197 950 652 643 535 595 673 966 355 723 225 841 -1 503 320 366 479 
483 116 438 332 245 605 394 595 537 317 594 575 255 594 533 152 292 175 97 282 603 208 587 524 506 503 -1 465 262 298 
500 549 74 150 710 340 716 277 265 443 139 481 209 517 735 570 438 384 522 485 714 455 412 128 588 320 465 -1 206 253 
407 357 176 73 506 392 532 361 359 344 341 443 28 530 587 365 278 189 316 314 599 307 413 291 475 366 262 206 -1 118 
289 410 191 110 522 308 465 298 462 456 391 327 146 648 488 352 185 152 316 232 487 403 308 367 361 479 298 253 118 -1 
