30
-1 319 444 121 351 367 278 419 515 245 455 277 91 280 287 562 381 398 390 277 551 402 440 220 198 178 705 270 88 160 
319 -1 467 436 214 339 598 567 769 562 513 266 240 597 603 589 697 680 694 129 497 688 695 372 154 266 984 223 309 346 
444 467 -1 456 264 742 598 195 480 596 61 209 466 630 542 126 607 480 550 551 137 800 431 654 502 278 705 248 356 290 
121 436 456 -1 431 467 171 377 412 150 450 336 212 187 166 559 260 285 269 398 580 345 339 291 320 240 589 344 145 175 
351 214 264 431 -1 532 603 403 653 580 317 112 318 617 578 380 666 597 638 323 283 753 586 504 300 192 880 88 287 273 
367 339 742 467 532 -1 557 772 878 510 772 534 295 530 605 869 688 752 724 212 808 526 804 196 240 471 1052 500 433 506 
278 598 598 171 603 557 -1 477 398 46 580 505 362 45 81 686 134 259 191 541 730 223 342 361 466 410 515 515 317 338 
419 567 195 377 403 772 477 -1 285 488 143 305 477 516 406 224 451 301 382 615 325 696 241 639 549 313 509 348 340 266 
515 769 480 412 653 878 398 285 -1 433 427 542 601 444 318 492 296 139 215 777 609 609 75 702 700 504 228 579 473 423 
245 562 596 150 580 510 46 488 433 -1 582 487 324 37 115 689 180 294 233 500 724 208 374 315 427 390 559 493 293 324 
455 513 61 450 317 772 580 143 427 582 -1 249 488 615 518 108 576 439 514 589 182 790 383 671 535 302 650 291 367 295 
277 266 209 336 112 534 505 305 542 487 249 -1 272 524 473 336 559 485 527 342 283 672 474 464 294 100 769 43 198 167 
91 240 466 212 318 295 362 477 601 324 488 272 -1 357 377 590 471 487 482 185 555 454 525 191 107 187 795 252 138 210 
280 597 630 187 617 530 45 516 444 37 615 524 357 -1 127 722 172 305 236 530 760 180 388 334 459 427 555 531 330 361 
287 603 542 166 578 605 81 406 318 115 518 473 377 127 -1 621 94 178 121 562 677 303 261 414 484 386 450 490 302 305 
562 589 126 559 380 869 686 224 492 689 108 336 590 722 621 -1 673 526 607 677 150 897 460 776 629 402 703 374 473 403 
381 697 607 260 666 688 134 451 296 180 576 559 471 172 94 673 -1 170 82 655 744 316 259 494 578 476 383 578 395 392 
398 680 480 285 597 752 259 301 139 294 439 485 487 305 178 526 170 -1 89 670 616 474 89 570 591 425 308 514 372 338 
390 694 550 269 638 724 191 382 215 233 514 527 482 236 121 607 82 89 -1 667 688 394 178 534 589 454 329 552 385 367 
277 129 551 398 323 212 541 615 777 500 589 342 185 530 562 677 655 670 667 -1 603 595 701 258 78 302 978 303 303 363 
551 497 137 580 283 808 730 325 609 724 182 283 555 760 677 150 744 616 688 603 -1 925 565 747 569 374 830 309 464 407 
402 688 800 345 753 526 223 696 609 208 790 672 454 180 303 897 316 474 394 595 925 -1 561 348 537 572 684 671 473 519 
440 695 431 339 586 804 342 241 75 374 383 474 525 388 261 460 259 89 178 701 565 561 -1 631 624 431 294 509 398 348 
220 372 654 291 504 196 361 639 702 315 671 464 191 334 414 776 494 570 534 258 747 348 631 -1 220 376 864 443 305 379 
198 154 502 320 300 240 466 549 700 427 535 294 107 459 484 629 578 591 589 78 569 537 624 220 -1 238 900 260 227 290 
178 266 278 240 192 471 410 313 504 390 302 100 187 427 386 402 476 425 454 302 374 572 431 376 238 -1 723 104 99 87 
705 984 705 589 880 1052 515 509 228 559 650 769 795 555 450 703 383 308 329 978 830 684 294 864 900 723 -1 803 679 638 
270 223 248 344 88 500 515 348 579 493 291 43 252 531 490 374 578 514 552 303 309 671 509 443 260 104 803 -1 200 185 
88 309 356 145 287 433 317 340 473 293 367 198 138 330 302 473 395 372 385 303 464 473 398 305 227 99 679 200 -1 74 
160 346 290 175 273 506 338 266 423 324 295 167 210 361 305 403 392 338 367 363 407 519 348 379 290 87 638 185 74 -1 
