30
-1 350 402 102 354 371 639 365 250 251 300 465 383 460 134 442 396 156 654 388 552 408 372 381 264 620 370 436 224 242 
350 -1 287 421 229 315 469 277 400 289 431 209 348 562 369 244 237 438 316 244 366 173 457 394 94 273 60 633 554 246 
402 287 -1 505 62 60 237 542 254 506 251 157 605 318 502 88 516 551 391 43 152 459 231 639 317 401 235 437 507 466 
102 421 505 -1 455 474 742 366 343 242 392 559 364 547 87 541 412 60 735 489 653 443 466 347 328 694 451 502 235 252 
354 229 62 455 -1 88 292 480 245 444 253 144 543 350 446 93 455 498 379 34 198 401 252 577 254 378 182 452 482 404 
371 315 60 474 88 -1 272 553 198 504 191 215 612 263 481 148 534 524 450 92 201 485 171 641 329 457 271 377 456 466 
639 469 237 742 292 272 -1 745 459 729 437 264 814 418 738 228 706 788 398 259 103 636 382 854 528 444 409 572 722 687 
365 277 542 366 480 553 745 -1 554 123 599 486 73 756 280 517 67 342 541 503 641 144 651 127 225 478 337 778 585 122 
250 400 254 343 245 198 459 554 -1 466 49 389 594 211 383 333 559 402 622 269 398 536 122 607 362 614 380 234 263 440 
251 289 506 242 444 504 729 123 466 -1 514 488 133 675 156 501 176 219 593 473 627 227 574 141 205 538 343 679 465 43 
300 431 251 392 253 191 437 599 49 514 -1 397 641 162 433 335 602 451 632 273 385 575 75 655 401 630 406 203 292 487 
465 209 157 559 144 215 264 486 389 488 397 -1 558 476 531 70 444 593 236 124 163 372 386 602 282 244 149 591 619 444 
383 348 605 364 543 612 814 73 594 133 641 558 -1 801 277 585 136 329 614 568 711 216 698 57 289 550 408 811 594 154 
460 562 318 547 350 263 418 756 211 675 162 476 801 -1 594 406 754 608 707 356 405 719 106 817 548 719 526 157 406 647 
134 369 502 87 446 481 738 280 383 156 433 531 277 594 -1 524 328 71 685 479 644 365 503 262 274 639 408 567 319 170 
442 244 88 541 93 148 228 517 333 501 335 70 585 406 524 -1 481 581 302 63 126 415 319 625 299 314 185 525 575 459 
396 237 516 412 455 534 706 67 559 176 602 444 136 754 328 481 -1 395 479 475 603 81 647 192 207 414 297 790 620 159 
156 438 551 60 498 524 788 342 402 219 451 593 329 608 71 581 395 -1 755 532 697 436 525 304 343 710 475 562 287 239 
654 316 391 735 379 450 398 541 622 593 632 236 614 707 685 302 479 755 -1 360 332 398 622 668 411 69 284 827 836 552 
388 244 43 489 34 92 259 503 269 473 273 124 568 356 479 63 475 532 360 -1 164 417 263 603 279 365 192 467 512 432 
552 366 152 653 198 201 103 641 398 627 385 163 711 405 644 126 603 697 332 164 -1 534 345 751 425 367 306 548 657 585 
408 173 459 443 401 485 636 144 536 227 575 372 216 719 365 415 81 436 398 417 534 -1 613 271 174 334 230 770 631 197 
372 457 231 466 252 171 382 651 122 574 75 386 698 106 503 319 647 525 622 263 345 613 -1 716 442 628 423 207 363 544 
381 394 639 347 577 641 854 127 607 141 655 602 57 817 262 625 192 304 668 603 751 271 716 -1 326 606 453 815 581 175 
264 94 317 328 254 329 528 225 362 205 401 282 289 548 274 299 207 343 411 279 425 174 442 326 -1 366 139 596 478 162 
620 273 401 694 378 457 444 478 614 538 630 244 550 719 639 314 414 710 69 365 367 334 628 606 366 -1 252 830 812 498 
370 60 235 451 182 271 409 337 380 343 406 149 408 526 408 185 297 475 284 192 306 230 423 453 139 252 -1 610 561 300 
436 633 437 502 452 377 572 778 234 679 203 591 811 157 567 525 790 562 827 467 548 770 207 815 596 830 610 -1 307 660 
224 554 507 235 482 456 722 585 263 465 292 619 594 406 319 575 620 287 836 512 657 631 363 581 478 812 561 307 -1 464 
242 246 466 252 404 466 687 122 440 43 487 444 154 647 170 459 159 239 552 432 585 197 544 175 162 498 300 660 464 -1 
