30
-1 391 251 514 526 447 301 629 563 321 200 658 175 336 94 607 146 844 446 146 381 158 156 690 185 272 603 424 508 276 
391 -1 265 547 307 236 349 271 365 119 244 346 384 284 451 223 406 489 149 448 435 262 240 305 335 165 347 400 185 387 
251 265 -1 661 278 448 427 420 312 148 274 424 139 86 343 480 175 754 393 381 192 247 141 506 90 272 358 532 443 122 
514 547 661 -1 844 342 233 799 899 599 387 890 669 735 461 619 652 685 439 394 846 417 522 785 652 410 893 147 467 750 
526 307 278 844 -1 544 626 227 57 248 484 169 405 202 615 413 445 685 451 643 293 477 388 339 363 435 81 699 470 330 
447 236 448 342 544 -1 224 461 601 330 246 559 524 496 461 279 530 421 99 423 638 289 350 443 486 188 578 202 127 566 
301 349 427 233 626 224 -1 618 679 377 153 694 441 503 276 486 429 644 288 221 613 184 289 630 421 191 683 123 340 518 
629 271 420 799 227 461 618 -1 264 307 513 115 560 376 703 234 595 476 362 711 505 525 472 112 511 436 191 653 349 514 
563 365 312 899 57 601 679 264 -1 301 535 184 430 230 655 465 471 732 509 687 292 525 432 377 392 490 83 755 527 346 
321 119 148 599 248 330 377 307 301 -1 237 344 275 168 398 332 303 606 258 413 317 234 165 375 225 189 311 457 302 269 
200 244 274 387 484 246 153 513 535 237 -1 573 301 350 225 434 297 650 254 207 461 43 137 548 274 85 548 262 317 368 
658 346 424 890 169 559 694 115 184 344 573 -1 560 360 741 349 598 586 460 758 462 577 507 215 514 505 100 743 455 494 
175 384 139 669 405 524 441 560 430 275 301 560 -1 203 266 606 41 872 490 322 207 260 174 644 50 336 487 559 547 103 
336 284 86 735 202 496 503 376 230 168 350 360 203 -1 430 478 243 758 426 468 152 328 223 474 162 333 283 601 469 137 
94 451 343 461 615 461 276 703 655 398 225 741 266 430 -1 657 233 874 480 67 473 192 234 756 280 309 692 395 542 369 
607 223 480 619 413 279 486 234 465 332 434 349 606 478 657 -1 630 280 197 641 629 464 461 173 556 349 408 482 152 599 
146 406 175 652 445 530 429 595 471 303 297 598 41 243 233 630 -1 891 503 292 244 254 182 676 84 342 527 550 562 142 
844 489 754 685 685 421 644 476 732 606 650 586 872 758 874 280 891 -1 397 843 909 688 713 372 824 571 666 585 335 875 
446 149 393 439 451 99 288 362 509 258 254 460 490 426 480 197 503 397 -1 455 575 291 321 350 446 173 481 294 62 515 
146 448 381 394 643 423 221 711 687 413 207 758 322 468 67 641 292 843 455 -1 526 186 255 754 328 293 717 336 516 422 
381 435 192 846 293 638 613 505 292 317 461 462 207 152 473 629 244 909 575 526 -1 429 323 609 200 464 368 721 620 104 
158 262 247 417 477 289 184 525 525 234 43 577 260 328 192 464 254 688 291 186 429 -1 106 568 237 118 544 299 354 333 
156 240 141 522 388 350 289 472 432 165 137 507 174 223 234 461 182 713 321 255 323 106 -1 534 140 162 461 399 381 231 
690 305 506 785 339 443 630 112 377 375 548 215 644 474 756 173 676 372 350 754 609 568 534 -1 594 465 302 644 318 609 
185 335 90 652 363 486 421 511 392 225 274 514 50 162 280 556 84 824 446 328 200 237 140 594 -1 299 444 536 502 98 
272 165 272 410 435 188 191 436 490 189 85 505 336 333 309 349 342 571 173 293 464 118 162 465 299 -1 491 269 236 384 
603 347 358 893 81 578 683 191 83 311 548 100 487 283 692 408 527 666 481 717 368 544 461 302 444 491 -1 747 490 411 
424 400 532 147 699 202 123 653 755 457 262 743 559 601 395 482 550 585 294 336 721 299 399 644 536 269 747 -1 329 631 
508 185 443 467 470 127 340 349 527 302 317 455 547 469 542 152 562 335 62 516 620 354 381 318 502 236 490 329 -1 566 
276 387 122 750 330 566 518 514 346 269 368 494 103 137 369 599 142 875 515 422 104 333 231 609 98 384 411 631 566 -1 
