30
-1 795 125 556 248 696 669 317 388 577 419 482 228 746 595 571 619 476 352 400 547 509 557 42 556 570 47 736 700 155 
795 -1 831 318 590 609 200 530 780 765 465 469 677 220 671 533 546 383 574 400 251 337 465 838 588 298 773 177 152 869 
125 831 -1 558 345 807 731 311 285 482 406 579 178 749 713 678 727 477 314 458 594 516 523 127 669 641 95 798 756 39 
556 318 558 -1 428 690 339 246 464 455 157 452 386 191 691 566 602 81 266 258 209 50 163 598 604 338 522 383 328 591 
248 590 345 428 -1 467 437 270 505 646 350 235 309 597 388 334 383 365 353 193 339 377 501 285 330 331 253 502 474 383 
696 609 807 690 467 -1 416 681 957 1064 714 260 766 762 134 138 91 677 770 470 485 657 834 722 139 358 713 433 460 844 
669 200 731 339 437 416 -1 466 749 785 438 275 604 353 471 333 347 368 535 272 152 328 502 710 387 110 657 66 48 770 
317 530 311 246 270 681 466 -1 289 386 102 421 146 438 634 543 590 165 88 222 316 205 248 357 560 402 279 529 479 346 
388 780 285 464 505 957 749 289 -1 199 318 700 196 630 893 819 867 398 214 511 597 444 351 406 828 692 342 809 757 287 
577 765 482 455 646 1064 785 386 199 -1 357 804 359 575 1020 927 973 418 297 596 639 457 299 599 946 754 529 836 781 487 
419 465 406 157 350 714 438 102 318 357 -1 456 231 345 684 579 622 81 110 244 287 127 152 459 604 397 381 494 441 437 
482 469 579 452 235 260 275 421 700 804 456 -1 513 562 239 123 169 426 509 212 266 412 584 517 152 170 488 329 322 618 
228 677 178 386 309 766 604 146 196 359 231 513 -1 576 697 629 678 306 135 343 457 349 345 259 634 530 181 669 621 207 
746 220 749 191 597 762 353 438 630 575 345 562 576 -1 793 658 684 272 449 409 296 237 284 788 705 408 713 365 318 782 
595 671 713 691 388 134 471 634 893 1020 684 239 697 793 -1 138 132 662 722 445 501 650 819 617 88 387 618 505 519 748 
571 533 678 566 334 138 333 543 819 927 579 123 629 658 138 -1 49 546 631 334 369 529 704 601 56 250 585 369 381 716 
619 546 727 602 383 91 347 590 867 973 622 169 678 684 132 49 -1 587 678 378 400 568 744 648 77 276 633 376 394 764 
476 383 477 81 365 677 368 165 398 418 81 426 306 272 662 546 587 -1 191 218 221 45 157 518 578 341 442 421 366 510 
352 574 314 266 353 770 535 88 214 297 110 509 135 449 722 631 678 191 -1 307 383 237 209 388 649 481 308 595 543 341 
400 400 458 258 193 470 272 222 511 596 244 212 343 409 445 334 378 218 307 -1 149 212 374 442 362 187 385 339 300 498 
547 251 594 209 339 485 152 316 597 639 287 266 457 296 501 369 400 221 383 149 -1 186 366 589 413 129 529 213 164 633 
509 337 516 50 377 657 328 205 444 457 127 412 349 237 650 529 568 45 237 212 186 -1 180 551 565 311 477 379 324 551 
557 465 523 163 501 834 502 248 351 299 152 584 345 284 819 704 744 157 209 374 366 180 -1 595 736 492 515 546 491 548 
42 838 127 598 285 722 710 357 406 599 459 517 259 788 617 601 648 518 388 442 589 551 595 -1 583 610 79 777 742 147 
556 588 669 604 330 139 387 560 828 946 604 152 634 705 88 56 77 578 649 362 413 565 736 583 -1 300 574 425 435 705 
570 298 641 338 331 358 110 402 692 754 397 170 530 408 387 250 276 341 481 187 129 311 492 610 300 -1 562 173 155 681 
47 773 95 522 253 713 657 279 342 529 381 488 181 713 618 585 633 442 308 385 529 477 515 79 574 562 -1 724 686 131 
736 177 798 383 502 433 66 529 809 836 494 329 669 365 505 369 376 421 595 339 213 379 546 777 425 173 724 -1 55 837 
700 152 756 328 474 460 48 479 757 781 441 322 621 318 519 381 394 366 543 300 164 324 491 742 435 155 686 55 -1 795 
155 869 39 591 383 844 770 346 287 487 437 618 207 782 748 716 764 510 341 498 633 551 548 147 705 681 131 837 795 -1 
