30
-1 365 784 618 370 692 206 454 578 1002 916 786 138 815 859 491 220 489 623 728 652 884 445 696 543 591 1067 560 794 536 
365 -1 735 468 343 333 377 289 216 707 752 820 496 615 817 322 251 609 534 466 523 782 356 374 497 288 775 545 472 210 
784 735 -1 290 431 919 581 446 739 631 273 183 794 326 81 417 595 370 202 466 234 140 385 617 250 572 661 224 636 626 
618 468 290 -1 254 628 447 186 449 465 301 431 676 201 367 148 400 403 105 215 57 313 174 338 157 282 518 207 379 336 
370 343 431 254 -1 623 194 141 446 687 546 483 422 455 511 161 164 276 253 411 282 517 81 450 181 349 748 214 531 344 
692 333 919 628 623 -1 705 510 183 620 833 1048 827 684 994 524 577 899 725 499 685 917 599 335 725 347 681 781 387 297 
206 377 581 447 194 705 -1 316 550 875 734 581 229 649 654 346 127 292 432 597 471 687 275 609 347 502 937 357 699 472 
454 289 446 186 141 510 316 -1 327 560 485 546 533 366 528 39 234 401 245 281 237 495 90 309 218 209 623 272 390 217 
578 216 739 449 446 183 550 327 -1 533 676 865 703 528 816 340 424 721 543 347 506 746 417 202 541 173 600 597 288 114 
1002 707 631 465 687 620 875 560 533 -1 388 813 1093 308 668 529 788 867 547 278 479 535 608 336 621 422 67 664 246 497 
916 752 273 301 546 833 734 485 676 388 -1 453 962 148 290 445 700 603 304 333 264 151 471 499 394 504 404 408 476 580 
786 820 183 431 483 1048 581 546 865 813 453 -1 764 506 176 526 632 307 327 631 382 308 465 769 327 709 844 276 801 750 
138 496 794 676 422 827 229 533 703 1093 962 764 -1 878 863 567 306 457 660 815 701 909 503 804 572 697 1156 576 900 651 
815 615 326 201 455 684 649 366 528 308 148 506 878 -1 374 327 595 577 254 185 190 255 375 351 338 357 346 372 336 435 
859 817 81 367 511 994 654 528 816 668 290 176 863 374 -1 498 674 425 283 530 310 139 466 686 331 647 692 301 698 704 
491 322 417 148 161 524 346 39 340 529 445 526 567 327 498 -1 271 403 215 251 200 460 93 296 201 204 591 257 371 226 
220 251 595 400 164 577 127 234 424 788 700 632 306 595 674 271 -1 377 416 512 438 680 229 500 345 392 853 374 594 352 
489 609 370 403 276 899 292 401 721 867 603 307 457 577 425 403 377 -1 323 614 389 505 312 699 246 607 917 205 765 616 
623 534 202 105 253 725 432 245 543 547 304 327 660 254 283 215 416 323 -1 316 68 264 191 443 89 382 594 118 483 429 
728 466 466 215 411 499 597 281 347 278 333 631 815 185 530 251 512 614 316 -1 252 429 334 165 371 185 341 422 170 266 
652 523 234 57 282 685 471 237 506 479 264 382 701 190 310 200 438 389 68 252 -1 259 208 388 147 338 527 185 420 394 
884 782 140 313 517 917 687 495 746 535 151 308 909 255 139 460 680 505 264 429 259 -1 455 593 341 573 555 333 590 639 
445 356 385 174 81 599 275 90 417 608 471 465 503 375 466 93 229 312 191 334 208 455 -1 390 140 295 668 189 464 307 
696 374 617 338 450 335 609 309 202 336 499 769 804 351 686 296 500 699 443 165 388 593 390 -1 474 107 404 530 99 165 
543 497 250 157 181 725 347 218 541 621 394 327 572 338 331 201 345 246 89 371 147 341 140 474 -1 396 672 57 529 427 
591 288 572 282 349 347 502 209 173 422 504 709 697 357 647 204 392 607 382 185 338 573 295 107 396 -1 490 453 202 81 
1067 775 661 518 748 681 937 623 600 67 404 844 1156 346 692 591 853 917 594 341 527 555 668 404 672 490 -1 712 312 564 
560 545 224 207 214 781 357 272 597 664 408 276 576 372 301 257 374 205 118 422 185 333 189 530 57 453 712 -1 583 484 
794 472 636 379 531 387 699 390 288 246 476 801 900 336 698 371 594 765 483 170 420 590 464 99 529 202 312 583 -1 264 
536 210 626 336 344 297 472 217 114 497 580 750 651 435 704 226 352 616 429 266 394 639 307 165 427 81 564 484 264 -1 
