30
-1 293 102 395 188 367 300 212 377 239 152 606 490 605 707 506 373 183 363 314 457 69 403 163 481 126 716 504 318 285 
293 -1 194 140 411 240 274 209 625 55 178 326 644 686 446 264 146 338 188 567 308 359 193 131 520 345 803 401 557 221 
102 194 -1 309 234 281 235 180 444 139 62 503 511 597 606 406 293 185 268 383 371 171 330 72 453 194 713 431 379 245 
395 140 309 -1 539 364 413 233 752 184 309 324 784 825 461 323 40 473 306 692 418 452 73 236 657 408 942 517 686 199 
188 411 234 539 -1 365 264 395 214 358 233 672 305 436 745 546 526 90 392 157 442 196 564 306 344 297 542 450 146 467 
367 240 281 364 365 -1 106 412 556 235 219 329 485 478 382 190 382 275 60 511 90 433 429 279 306 475 592 163 489 448 
300 274 235 413 264 106 -1 398 450 247 175 433 391 412 488 295 421 175 150 406 178 360 467 261 245 420 529 204 382 449 
212 209 180 233 395 412 398 -1 589 182 227 526 687 777 652 473 198 363 376 527 495 248 212 137 630 180 893 574 531 72 
377 625 444 752 214 556 450 589 -1 573 447 877 248 427 938 744 738 295 593 62 620 352 772 516 421 452 500 602 69 662 
239 55 139 184 358 235 247 182 573 -1 126 374 602 655 488 297 180 289 194 513 314 305 225 79 492 298 772 398 505 212 
152 178 62 309 233 219 175 227 447 126 -1 462 483 553 557 355 302 163 211 389 309 221 343 95 402 255 670 368 379 286 
606 326 503 324 672 329 433 526 877 374 462 -1 812 780 138 142 364 584 285 827 303 675 392 453 612 671 883 389 808 514 
490 644 511 784 305 485 391 687 248 602 483 812 -1 181 838 670 782 325 539 268 516 500 825 575 231 602 256 461 236 756 
605 686 597 825 436 478 412 777 427 655 553 780 181 -1 775 639 832 423 539 440 477 631 878 649 172 727 117 394 406 839 
707 446 606 461 745 382 488 652 938 488 557 138 838 775 -1 202 501 655 355 893 323 777 530 566 619 786 868 383 870 646 
506 264 406 323 546 190 295 473 744 297 355 142 670 639 202 -1 357 456 154 697 162 576 397 371 471 590 745 255 676 481 
373 146 293 40 526 382 421 198 738 180 302 364 782 832 501 357 -1 465 326 676 441 427 47 221 666 377 949 539 672 159 
183 338 185 473 90 275 175 363 295 289 163 584 325 423 655 456 465 -1 302 242 353 221 506 251 300 308 536 368 226 430 
363 188 268 306 392 60 150 376 593 194 211 285 539 539 355 154 326 302 -1 544 120 432 373 251 367 461 652 212 524 404 
314 567 383 692 157 511 406 527 62 513 389 827 268 440 893 697 676 242 544 -1 580 291 711 455 408 392 524 570 34 600 
457 308 371 418 442 90 178 495 620 314 309 303 516 477 323 162 441 353 120 580 -1 523 487 366 309 565 583 101 554 525 
69 359 171 452 196 433 360 248 352 305 221 675 500 631 777 576 427 221 432 291 523 -1 452 227 521 103 738 565 302 319 
403 193 330 73 564 429 467 212 772 225 343 392 825 878 530 397 47 506 373 711 487 452 -1 258 713 393 996 585 708 158 
163 131 72 236 306 279 261 137 516 79 95 453 575 649 566 371 221 251 251 455 366 227 258 -1 496 220 766 439 451 190 
481 520 453 657 344 306 245 630 421 492 402 612 231 172 619 471 666 300 367 408 309 521 713 496 -1 607 286 236 374 687 
126 345 194 408 297 475 420 180 452 298 255 671 602 727 786 590 377 308 461 392 565 103 393 220 607 -1 837 621 405 244 
716 803 713 942 542 592 529 893 500 772 670 883 256 117 868 745 949 536 652 524 583 738 996 766 286 837 -1 494 492 956 
504 401 431 517 450 163 204 574 602 398 368 389 461 394 383 255 539 368 212 570 101 565 585 439 236 621 494 -1 541 611 
318 557 379 686 146 489 382 531 69 505 379 808 236 406 870 676 672 226 524 34 554 302 708 451 374 405 492 541 -1 604 
285 221 245 199 467 448 449 72 662 212 286 514 756 839 646 481 159 430 404 600 525 319 158 190 687 244 956 611 604 -1 
