30
-1 864 538 600 267 512 832 418 155 101 513 188 821 353 166 248 127 234 330 505 671 309 368 609 242 93 283 600 626 285 
864 -1 641 536 752 434 381 517 756 844 556 948 117 515 1020 735 797 769 583 623 414 700 572 260 809 835 642 650 466 643 
538 641 -1 116 277 601 854 577 560 600 714 717 678 354 692 291 411 645 544 758 749 229 580 431 324 452 275 62 747 567 
600 536 116 -1 358 560 781 555 593 647 686 768 584 347 762 364 479 669 540 738 693 303 569 350 412 523 319 113 699 574 
267 752 277 358 -1 530 841 464 330 344 597 454 745 271 416 31 140 424 396 619 699 57 440 494 59 177 118 337 674 390 
512 434 601 560 530 -1 322 97 370 459 141 542 350 267 641 501 498 353 183 206 169 503 154 271 570 522 416 647 148 238 
832 381 854 781 841 322 -1 413 683 770 346 837 265 569 950 814 820 647 501 393 162 807 465 431 886 845 723 887 217 549 
418 517 577 555 464 97 413 -1 272 361 139 445 442 224 543 434 415 257 87 182 254 446 57 319 498 435 357 629 215 140 
155 756 560 593 330 370 683 272 -1 90 358 196 699 278 272 301 212 95 186 349 521 348 218 514 332 208 284 622 474 134 
101 844 600 647 344 459 770 361 90 -1 437 121 789 354 182 319 208 139 276 420 607 375 306 599 330 185 329 662 557 221 
513 556 714 686 597 141 346 139 358 437 -1 492 459 363 612 567 534 306 202 67 187 583 159 412 628 547 494 765 128 230 
188 948 717 768 454 542 837 445 196 121 492 -1 884 472 141 432 314 190 367 460 674 490 388 710 431 282 449 779 619 307 
821 117 678 584 745 350 265 442 699 789 459 884 -1 487 969 724 769 699 517 524 303 698 499 255 799 804 629 697 358 576 
353 515 354 347 271 267 569 224 278 354 363 472 487 -1 515 246 282 334 193 403 432 238 226 257 320 319 154 409 415 228 
166 1020 692 762 416 641 950 543 272 182 612 141 969 515 -1 402 283 306 458 588 787 464 488 769 377 240 449 753 736 403 
248 735 291 364 31 501 814 434 301 319 567 432 724 246 402 -1 120 395 366 588 671 62 409 476 75 161 95 352 645 359 
127 797 411 479 140 498 820 415 212 208 534 314 769 282 283 120 -1 307 333 542 666 182 376 537 123 44 172 473 631 307 
234 769 645 669 424 353 647 257 95 139 306 190 699 334 306 395 307 -1 186 282 485 440 200 544 428 300 371 706 431 126 
330 583 544 540 396 183 501 87 186 276 202 367 517 193 458 366 333 186 -1 224 341 386 43 361 425 350 299 601 299 60 
505 623 758 738 619 206 393 182 349 420 67 460 524 403 588 588 542 282 224 -1 242 610 182 476 644 550 523 811 181 234 
671 414 749 693 699 169 162 254 521 607 187 674 303 432 787 671 666 485 341 242 -1 671 303 358 740 688 584 790 61 387 
309 700 229 303 57 503 807 446 348 375 583 490 698 238 464 62 182 440 386 610 671 -1 428 445 116 223 88 291 650 389 
368 572 580 569 440 154 465 57 218 306 159 388 499 226 488 409 376 200 43 182 303 428 -1 364 469 392 341 635 259 85 
609 260 431 350 494 271 431 319 514 599 412 710 255 257 769 476 537 544 361 476 358 445 364 -1 551 576 383 458 380 418 
242 809 324 412 59 570 886 498 332 330 628 431 799 320 377 75 123 428 425 644 740 116 469 551 -1 149 170 381 712 411 
93 835 452 523 177 522 845 435 208 185 547 282 804 319 240 161 44 300 350 550 688 223 392 576 149 -1 216 513 650 318 
283 642 275 319 118 416 723 357 284 329 494 449 629 154 449 95 172 371 299 523 584 88 341 383 170 216 -1 337 562 306 
600 650 62 113 337 647 887 629 622 662 765 779 697 409 753 352 473 706 601 811 790 291 635 458 381 513 337 -1 791 625 
626 466 747 699 674 148 217 215 474 557 128 619 358 415 736 645 631 431 299 181 61 650 259 380 712 650 562 791 -1 341 
285 643 567 574 390 238 549 140 134 221 230 307 576 228 403 359 307 126 60 234 387 389 85 418 411 318 306 625 341 -1 
