30
-1 619 424 516 663 903 637 620 505 680 856 468 335 688 180 613 448 752 469 302 840 239 533 396 497 282 188 505 613 542 
619 -1 317 302 596 461 480 758 130 308 888 205 492 99 440 394 475 521 548 786 967 763 181 662 532 731 776 593 328 565 
424 317 -1 92 344 478 260 455 288 257 623 113 180 334 298 205 164 360 237 495 677 487 149 345 229 437 529 286 191 271 
516 302 92 -1 302 386 198 457 312 165 593 130 246 291 387 125 186 281 254 567 666 566 120 392 233 509 615 296 99 263 
663 596 344 302 -1 434 119 229 614 329 292 431 328 559 603 205 221 171 197 560 383 595 420 334 166 512 680 175 273 124 
903 461 478 386 434 -1 345 663 565 222 659 459 612 367 764 312 513 264 552 923 785 935 398 714 515 866 994 565 291 508 
637 480 260 198 119 345 -1 331 509 211 410 329 307 440 547 86 193 117 212 591 502 613 309 373 174 537 686 219 154 162 
620 758 455 457 229 663 331 -1 743 538 239 564 338 744 626 403 290 400 219 420 232 475 577 225 227 388 573 169 467 194 
505 130 288 312 614 565 509 743 -1 379 903 183 438 225 324 428 452 574 524 703 965 671 203 611 517 651 673 573 373 558 
680 308 257 165 329 222 211 538 379 -1 612 242 404 244 542 135 319 217 374 723 712 728 186 530 342 665 780 401 81 352 
856 888 623 593 292 659 410 239 903 612 -1 719 551 850 843 496 472 411 414 655 141 712 712 463 404 627 812 366 564 356 
468 205 113 130 431 459 329 564 183 242 719 -1 287 235 310 253 276 406 349 590 783 574 64 456 337 534 602 396 208 376 
335 492 180 246 328 612 307 338 438 404 551 287 -1 515 291 302 114 424 140 320 571 324 329 172 163 262 384 185 325 210 
688 99 334 291 559 367 440 744 225 244 850 235 515 -1 515 354 476 461 546 825 940 809 185 677 524 768 833 586 286 550 
180 440 298 387 603 764 547 626 324 542 843 310 291 515 -1 502 383 654 430 423 857 375 375 423 447 382 356 477 486 496 
613 394 205 125 205 312 86 403 428 135 496 253 302 354 502 -1 201 156 245 610 586 623 225 405 211 554 686 268 67 217 
448 475 164 186 221 513 193 290 452 319 472 276 114 476 383 201 -1 310 73 409 515 424 296 211 68 353 493 121 238 116 
752 521 360 281 171 264 117 400 574 217 411 406 424 461 654 156 310 -1 324 703 528 728 371 481 286 650 803 323 201 264 
469 548 237 254 197 552 212 219 524 374 414 349 140 546 430 245 73 324 -1 379 447 405 368 162 37 326 485 50 294 73 
302 786 495 567 560 923 591 420 703 723 655 590 320 825 423 610 409 703 379 -1 600 69 641 225 417 57 167 385 643 442 
840 967 677 666 383 785 502 232 965 712 141 783 571 940 857 586 515 528 447 600 -1 664 786 444 448 583 765 396 654 407 
239 763 487 566 595 935 613 475 671 728 712 574 324 809 375 623 424 728 405 69 664 -1 629 265 443 86 101 420 649 473 
533 181 149 120 420 398 309 577 203 186 712 64 329 185 375 225 296 371 368 641 786 629 -1 492 351 584 661 412 169 383 
396 662 345 392 334 714 373 225 611 530 463 456 172 677 423 405 211 481 162 225 444 265 492 -1 199 179 357 160 449 218 
497 532 229 233 166 515 174 227 517 342 404 337 163 524 447 211 68 286 37 417 448 443 351 199 -1 364 521 62 263 48 
282 731 437 509 512 866 537 388 651 665 627 534 262 768 382 554 353 650 326 57 583 86 584 179 364 -1 185 336 585 392 
188 776 529 615 680 994 686 573 673 780 812 602 384 833 356 686 493 803 485 167 765 101 661 357 521 185 -1 506 704 556 
505 593 286 296 175 565 219 169 573 401 366 396 185 586 477 268 121 323 50 385 396 420 412 160 62 336 506 -1 324 58 
613 328 191 99 273 291 154 467 373 81 564 208 325 286 486 67 238 201 294 643 654 649 169 449 263 585 704 324 -1 277 
542 565 271 263 124 508 162 194 558 352 356 376 210 550 496 217 116 264 73 442 407 473 383 218 48 392 556 58 277 -1 
