30
-1 409 498 540 355 582 235 452 298 421 93 213 519 526 409 222 641 617 150 569 136 706 550 692 394 325 197 671 583 503 
409 -1 295 148 556 362 309 73 119 447 380 310 280 384 551 500 433 410 258 166 532 393 193 287 179 377 216 279 428 103 
498 295 -1 253 426 85 273 237 349 241 420 523 38 677 791 450 153 704 391 381 569 225 464 457 131 243 333 492 133 269 
540 148 253 -1 619 291 391 88 265 469 497 458 223 491 695 593 354 490 393 131 654 266 230 208 202 427 342 238 376 46 
355 556 426 619 -1 478 249 552 504 198 275 539 464 829 765 137 503 903 398 713 305 645 747 822 417 192 386 831 422 606 
582 362 85 291 478 -1 353 297 430 282 502 608 82 747 875 519 71 766 477 423 648 169 516 479 214 309 419 524 93 317 
235 309 273 391 249 353 -1 314 257 206 149 337 300 595 596 201 408 661 182 470 296 493 498 584 200 106 149 587 347 370 
452 73 237 88 552 297 314 -1 182 419 411 377 217 451 623 514 367 469 305 163 567 319 228 270 143 363 254 282 369 56 
298 119 349 265 504 430 257 182 -1 437 286 195 347 349 450 424 500 405 149 271 428 492 259 394 218 349 124 373 477 222 
421 447 241 469 198 282 206 419 437 -1 328 543 280 785 802 273 304 840 388 582 433 451 640 677 276 100 349 700 223 468 
93 380 420 497 275 502 149 411 286 328 -1 266 444 568 493 155 558 651 144 546 158 635 545 668 329 232 165 656 495 465 
213 310 523 458 539 608 337 377 195 543 266 -1 529 312 269 420 676 406 154 439 345 686 387 556 394 443 200 517 639 413 
519 280 38 223 464 82 300 217 347 280 444 529 -1 664 795 483 154 686 404 353 596 193 440 422 135 278 345 461 154 242 
526 384 677 491 829 747 595 451 349 785 568 312 664 -1 325 723 817 105 431 390 657 757 283 458 553 695 447 392 810 448 
409 551 791 695 765 875 596 623 450 802 493 269 795 325 -1 631 944 427 418 639 499 941 554 738 661 701 468 682 909 648 
222 500 450 593 137 519 201 514 424 273 155 420 483 723 631 -1 560 805 295 665 171 675 680 782 399 210 300 780 484 570 
641 433 153 354 503 71 408 367 500 304 558 676 154 817 944 560 -1 835 543 485 698 177 582 532 284 349 485 582 82 383 
617 410 704 490 903 766 661 469 405 840 651 406 686 105 427 805 835 -1 510 371 751 752 262 413 588 754 516 341 837 453 
150 258 391 393 398 477 182 305 149 388 144 154 404 431 418 295 543 510 -1 419 278 580 406 542 270 288 58 522 497 354 
569 166 381 131 713 423 470 163 271 582 546 439 353 390 639 665 485 371 419 -1 696 382 109 122 306 526 381 119 507 114 
136 532 569 654 305 648 296 567 428 433 158 345 596 657 499 171 698 751 278 696 -1 789 684 818 486 353 315 801 629 621 
706 393 225 266 645 169 493 319 492 451 635 686 193 757 941 675 177 752 580 382 789 -1 489 394 311 468 521 455 249 309 
550 193 464 230 747 516 498 228 259 640 545 387 440 283 554 680 582 262 406 109 684 489 -1 184 367 571 382 132 595 198 
692 287 457 208 822 479 584 270 394 677 668 556 422 458 738 782 532 413 542 122 818 394 184 -1 407 632 503 71 569 215 
394 179 131 202 417 214 200 143 218 276 329 394 135 553 661 399 284 588 270 306 486 311 367 407 -1 225 212 424 259 193 
325 377 243 427 192 309 106 363 349 100 232 443 278 695 701 210 349 754 288 526 353 468 571 632 225 -1 252 645 277 417 
197 216 333 342 386 419 149 254 124 349 165 200 345 447 468 300 485 516 58 381 315 521 382 503 212 252 -1 490 442 307 
671 279 492 238 831 524 587 282 373 700 656 517 461 392 682 780 582 341 522 119 801 455 132 71 424 645 490 -1 612 231 
583 428 133 376 422 93 347 369 477 223 495 639 154 810 909 484 82 837 497 507 629 249 595 569 259 277 442 612 -1 397 
503 103 269 46 606 317 370 56 222 468 465 413 242 448 648 570 383 453 354 114 621 309 198 215 193 417 307 231 397 -1 
