30
-1 552 498 273 333 296 745 370 411 641 380 342 183 623 408 141 551 586 248 451 509 114 453 491 302 550 240 98 177 373 
552 -1 196 289 433 465 691 182 790 99 576 813 368 1035 194 536 526 487 368 245 880 472 193 108 515 850 612 578 557 200 
498 196 -1 304 273 315 498 212 638 283 406 689 333 879 98 534 330 292 403 63 720 456 327 262 362 677 634 556 443 143 
273 289 304 -1 322 323 718 110 599 372 450 580 100 838 207 248 517 518 98 287 698 183 185 218 365 701 335 289 336 162 
333 433 273 322 -1 48 421 319 365 532 144 424 262 607 239 434 221 253 395 209 450 358 466 444 90 418 547 423 203 245 
296 465 315 323 48 -1 450 336 326 565 127 377 251 570 271 406 254 294 387 252 415 334 481 466 50 392 519 390 155 270 
745 691 498 718 421 450 -1 673 553 765 379 688 679 703 550 856 202 208 805 465 569 780 813 757 444 467 968 840 582 585 
370 182 212 110 319 336 673 -1 646 272 461 649 186 890 126 358 480 466 201 214 741 291 147 135 385 729 444 397 395 87 
411 790 638 599 365 326 553 646 -1 889 243 148 503 245 597 552 442 512 626 574 99 514 779 780 276 154 640 500 265 591 
641 99 283 372 532 565 765 272 889 -1 675 912 458 1135 293 612 612 567 439 338 980 555 234 160 615 948 679 660 656 300 
380 576 406 450 144 127 379 461 243 675 -1 339 374 475 383 507 216 280 510 343 315 442 607 588 87 273 617 479 207 390 
342 813 689 580 424 377 688 649 148 912 339 -1 480 284 629 473 554 619 583 627 208 455 766 784 336 297 544 413 255 613 
183 368 333 100 262 251 679 186 503 458 374 480 -1 740 237 202 477 491 136 298 602 123 286 312 286 612 309 223 238 197 
623 1035 879 838 607 570 703 890 245 1135 475 284 740 -1 842 757 646 718 855 815 159 734 1021 1025 520 238 828 697 502 837 
408 194 98 207 239 271 550 126 597 293 383 629 237 842 -1 436 363 342 306 87 686 359 262 216 321 657 535 460 375 45 
141 536 534 248 434 406 856 358 552 612 507 473 202 757 436 -1 655 680 175 500 649 80 394 453 424 691 112 65 312 393 
551 526 330 517 221 254 202 480 442 612 216 554 477 646 363 655 -1 72 603 284 491 579 624 577 258 412 768 643 399 393 
586 487 292 518 253 294 208 466 512 567 280 619 491 718 342 680 72 -1 609 257 564 601 604 549 308 485 792 674 446 378 
248 368 403 98 395 387 805 201 626 439 510 583 136 855 306 175 603 609 -1 385 726 136 219 279 422 743 245 230 361 260 
451 245 63 287 209 252 465 214 574 338 343 627 298 815 87 500 284 257 385 -1 657 421 347 293 299 615 605 516 384 129 
509 880 720 698 450 415 569 741 99 980 315 208 602 159 686 649 491 564 726 657 -1 613 877 875 364 109 734 594 365 684 
114 472 456 183 358 334 780 291 514 555 442 455 123 734 359 80 579 601 136 421 613 -1 350 398 355 644 190 106 259 317 
453 193 327 185 466 481 813 147 779 234 607 766 286 1021 262 394 624 604 219 347 877 350 -1 85 528 871 449 449 519 232 
491 108 262 218 444 466 757 135 780 160 588 784 312 1025 216 453 577 549 279 293 875 398 85 -1 516 859 519 502 530 198 
302 515 362 365 90 50 444 385 276 615 87 336 286 520 321 424 258 308 422 299 364 355 528 516 -1 343 534 399 140 320 
550 850 677 701 418 392 467 729 154 948 273 297 612 238 657 691 412 485 743 615 109 644 871 859 343 -1 785 643 385 662 
240 612 634 335 547 519 968 444 640 679 617 544 309 828 535 112 768 792 245 605 734 190 449 519 534 785 -1 142 417 491 
98 578 556 289 423 390 840 397 500 660 479 413 223 697 460 65 643 674 230 516 594 106 449 502 399 643 142 -1 276 420 
177 557 443 336 203 155 582 395 265 656 207 255 238 502 375 312 399 446 361 384 365 259 519 530 140 385 417 276 -1 357 
373 200 143 162 245 270 585 87 591 300 390 613 197 837 45 393 393 378 260 129 684 317 232 198 320 662 491 420 357 -1 
