30
-1 866 303 309 301 468 502 749 502 880 876 362 544 209 549 358 677 470 675 800 650 319 729 555 137 581 403 810 792 311 
866 -1 577 568 736 657 720 116 614 81 278 537 780 678 317 580 254 691 427 144 277 546 576 319 789 339 749 68 422 594 
303 577 -1 142 344 275 342 461 429 603 574 65 409 186 264 251 374 299 500 499 407 92 479 290 278 277 288 517 505 51 
309 568 142 -1 221 417 485 453 288 574 631 190 551 109 258 109 419 441 389 525 341 56 600 250 221 337 427 518 598 193 
301 736 344 221 -1 613 673 628 214 723 842 403 734 166 454 158 629 631 426 721 470 276 819 424 163 555 597 698 819 389 
468 657 275 417 613 -1 74 561 701 711 527 233 143 447 417 525 403 35 733 531 596 363 271 474 511 322 107 588 384 225 
502 720 342 485 673 74 -1 628 771 778 570 305 69 506 491 594 466 43 807 590 669 433 276 548 561 389 102 652 414 291 
749 116 461 453 628 561 628 -1 523 150 287 424 691 562 200 470 173 596 364 129 191 430 520 205 674 239 648 70 388 481 
502 614 429 288 214 701 771 523 -1 580 783 468 838 316 403 180 581 727 230 639 336 338 851 349 366 537 716 593 806 481 
880 81 603 574 723 711 778 150 580 -1 360 570 840 683 338 571 315 746 377 221 253 560 650 324 792 389 799 137 501 626 
876 278 574 631 842 527 570 287 783 360 -1 514 614 732 390 688 213 556 650 158 471 588 349 435 841 299 633 238 177 567 
362 537 65 190 403 233 305 424 468 570 514 -1 374 250 235 296 320 261 511 449 397 134 416 274 344 221 268 474 440 57 
544 780 409 551 734 143 69 691 838 840 614 374 -1 567 559 660 526 112 877 646 738 500 295 617 615 454 142 711 450 357 
209 678 186 109 166 447 506 562 316 683 732 250 567 -1 367 152 521 464 467 632 445 143 665 360 111 434 430 628 684 227 
549 317 264 258 454 417 491 200 403 338 390 235 559 367 -1 298 180 452 337 268 179 230 473 64 478 141 486 262 404 289 
358 580 251 109 158 525 594 470 180 571 688 296 660 152 298 -1 475 550 316 563 320 162 697 266 238 408 536 540 677 302 
677 254 374 419 629 403 466 173 581 315 213 320 526 521 180 475 -1 438 482 132 301 378 349 233 631 99 499 185 238 376 
470 691 299 441 631 35 43 596 727 746 556 261 112 464 452 550 438 -1 765 565 630 389 284 507 522 357 85 623 408 248 
675 427 500 389 426 733 807 364 230 377 650 511 877 467 337 316 482 765 -1 493 181 415 809 273 551 477 780 426 720 546 
800 144 499 525 721 531 590 129 639 221 158 449 646 632 268 563 132 565 493 -1 316 491 432 299 743 230 629 86 279 506 
650 277 407 341 470 596 669 191 336 253 471 397 738 445 179 320 301 630 181 316 -1 342 637 123 550 308 659 259 539 444 
319 546 92 56 276 363 433 430 338 560 588 134 500 143 230 162 378 389 415 491 342 -1 544 236 253 291 380 493 546 143 
729 576 479 600 819 271 276 520 851 650 349 416 295 665 473 697 349 284 809 432 637 544 -1 538 750 332 369 513 173 441 
555 319 290 250 424 474 548 205 349 324 435 274 617 360 64 266 233 507 273 299 123 236 538 -1 470 206 536 274 464 324 
137 789 278 221 163 511 561 674 366 792 841 344 615 111 478 238 631 522 551 743 550 253 750 470 -1 542 473 740 783 308 
581 339 277 337 555 322 389 239 537 389 299 221 454 434 141 408 99 357 477 230 308 291 332 206 542 -1 410 271 270 277 
403 749 288 427 597 107 102 648 716 799 633 268 142 430 486 536 499 85 780 629 659 380 369 536 473 410 -1 681 491 237 
810 68 517 518 698 588 652 70 593 137 238 474 711 628 262 540 185 623 426 86 259 493 513 274 740 271 681 -1 365 531 
792 422 505 598 819 384 414 388 806 501 177 440 450 684 404 677 238 408 720 279 539 546 173 464 783 270 491 365 -1 483 
311 594 51 193 389 225 291 481 481 626 567 57 357 227 289 302 376 248 546 506 444 143 441 324 308 277 237 531 483 -1 
