30
-1 515 572 166 670 363 309 318 462 289 334 273 252 280 505 281 175 237 271 309 335 324 430 355 213 278 178 255 328 285 
515 -1 1050 434 835 650 432 800 118 723 348 478 625 249 66 761 445 412 254 282 200 741 812 160 501 438 408 746 287 346 
572 1050 -1 729 638 475 860 254 1022 329 745 808 436 800 1056 528 606 798 833 780 896 648 305 895 741 642 746 503 900 855 
166 434 729 -1 806 509 144 479 351 455 384 119 409 258 404 330 278 71 182 326 234 309 594 288 86 370 25 320 183 128 
670 835 638 806 -1 311 942 570 883 474 502 925 432 660 879 872 529 866 764 583 803 963 365 745 877 452 803 837 879 875 
363 650 475 509 311 -1 651 304 663 192 306 627 122 423 677 566 246 575 507 368 558 653 178 521 574 212 511 531 613 596 
309 432 860 144 942 651 -1 615 324 598 489 62 554 337 384 407 413 76 228 418 246 343 739 323 123 496 140 408 144 93 
318 800 254 479 570 304 615 -1 768 113 516 567 216 551 803 344 362 549 579 539 642 459 213 643 500 416 494 312 646 603 
462 118 1022 351 883 663 324 768 -1 704 382 375 617 240 60 682 433 316 190 303 127 648 810 142 407 454 326 671 183 245 
289 723 329 455 474 192 598 113 704 -1 417 558 109 475 733 405 278 526 521 450 582 508 148 571 495 314 465 370 604 569 
334 348 745 384 502 306 489 516 382 417 -1 495 309 164 383 615 171 422 277 82 305 653 477 242 470 103 370 588 393 406 
273 478 808 119 925 627 62 567 375 558 495 -1 523 353 435 345 398 76 254 429 284 281 702 356 67 488 126 347 192 132 
252 625 436 409 432 122 554 216 617 109 309 523 -1 380 641 444 183 478 442 347 500 531 195 479 466 206 415 409 536 510 
280 249 800 258 660 423 337 551 240 475 164 353 380 -1 260 550 197 277 114 84 142 558 572 98 343 216 238 529 230 248 
505 66 1056 404 879 677 384 803 60 733 383 435 641 260 -1 735 457 373 234 310 173 705 831 161 464 465 379 723 242 303 
281 761 528 330 872 566 407 344 682 405 615 345 444 550 735 -1 449 375 506 589 563 120 546 607 287 549 355 35 508 447 
175 445 606 278 529 246 413 362 433 278 171 398 183 197 457 449 -1 337 262 178 318 499 377 295 354 102 274 420 366 351 
237 412 798 71 866 575 76 549 316 526 422 76 478 277 373 375 337 -1 178 355 214 332 665 282 91 422 64 370 135 72 
271 254 833 182 764 507 228 579 190 521 277 254 442 114 234 506 262 178 -1 198 63 492 637 106 259 313 158 492 116 136 
309 282 780 326 583 368 418 539 303 450 82 429 347 84 310 589 178 355 198 -1 223 612 529 162 412 156 308 565 314 331 
335 200 896 234 803 558 246 642 127 582 305 284 500 142 173 563 318 214 63 223 -1 540 695 81 301 356 208 550 108 154 
324 741 648 309 963 653 343 459 648 508 653 281 531 558 705 120 499 332 492 612 540 -1 654 597 240 602 334 148 467 404 
430 812 305 594 365 178 739 213 810 148 477 702 195 572 831 546 377 665 637 529 695 654 -1 671 640 376 602 512 731 702 
355 160 895 288 745 521 323 643 142 571 242 356 479 98 161 607 295 282 106 162 81 597 671 -1 365 311 264 590 189 230 
213 501 741 86 877 574 123 500 407 495 470 67 466 343 464 287 354 91 259 412 301 240 640 365 -1 451 105 286 227 164 
278 438 642 370 452 212 496 416 454 314 103 488 206 216 465 549 102 422 313 156 356 602 376 311 451 -1 362 519 427 424 
178 408 746 25 803 511 140 494 326 465 370 126 415 238 379 355 274 64 158 308 208 334 602 264 105 362 -1 345 161 109 
255 746 503 320 837 531 408 312 671 370 588 347 409 529 723 35 420 370 492 565 550 148 512 590 286 519 345 -1 502 442 
328 287 900 183 879 613 144 646 183 604 393 192 536 230 242 508 366 135 116 314 108 467 731 189 227 427 161 502 -1 62 
285 346 855 128 875 596 93 603 245 569 406 132 510 248 303 447 351 72 136 331 154 404 702 230 164 424 109 442 62 -1 
