30
-1 699 139 585 322 373 520 530 647 363 337 297 254 182 213 453 204 248 343 679 501 224 180 512 250 561 258 200 745 201 
699 -1 638 444 957 536 279 311 92 745 456 656 592 584 696 248 520 756 463 742 333 475 548 578 672 182 565 576 49 872 
139 638 -1 455 459 236 513 421 602 241 219 399 114 254 98 391 118 155 379 766 391 197 91 373 359 478 329 71 686 334 
585 444 455 -1 907 226 553 151 483 406 252 736 347 594 447 346 391 483 594 1000 149 440 408 162 719 282 632 386 487 786 
322 957 459 907 -1 695 719 841 887 648 657 339 574 373 510 727 519 520 511 648 814 505 499 832 302 848 401 522 997 128 
373 536 236 226 695 -1 525 245 535 211 105 578 123 426 220 332 206 260 482 900 215 289 213 144 550 354 483 174 585 570 
520 279 513 553 719 525 -1 404 190 699 420 394 520 362 599 209 403 661 208 478 405 317 425 628 420 294 319 475 304 656 
530 311 421 151 841 245 404 -1 337 456 202 626 336 496 446 199 325 496 466 861 31 343 350 267 617 135 521 349 358 729 
647 92 602 483 887 535 190 337 -1 738 444 576 573 517 671 214 484 732 384 650 352 424 511 600 596 201 489 546 114 810 
363 745 241 406 648 211 699 456 738 -1 293 641 180 495 150 526 308 128 605 1005 427 407 294 257 600 564 568 237 795 520 
337 456 219 252 657 105 420 202 444 293 -1 496 139 348 248 234 139 303 383 801 171 199 157 232 474 280 396 147 506 538 
297 656 399 736 339 578 394 626 576 641 496 -1 489 152 494 461 372 540 193 383 607 297 369 722 51 588 105 422 690 315 
254 592 114 347 574 123 520 336 573 180 139 489 -1 337 109 358 130 164 428 837 305 228 122 258 454 418 404 66 642 448 
182 584 254 594 373 426 362 496 517 495 348 152 337 -1 352 357 220 403 166 512 474 155 217 571 125 482 77 270 624 295 
213 696 98 447 510 220 599 446 671 150 248 494 109 352 -1 456 196 62 476 864 415 287 174 333 451 526 427 125 746 382 
453 248 391 346 727 332 209 199 214 526 234 461 358 357 456 -1 273 517 281 662 196 230 300 422 463 127 358 333 295 633 
204 520 118 391 519 206 403 325 484 308 139 372 130 220 196 273 -1 258 298 708 297 98 27 350 344 365 280 72 568 404 
248 756 155 483 520 260 661 496 732 128 303 540 164 403 62 517 258 -1 534 915 465 348 236 355 495 583 479 188 805 393 
343 463 379 594 511 482 208 466 384 605 383 193 428 166 476 281 298 534 -1 418 452 200 310 615 213 407 111 367 497 453 
679 742 766 1000 648 900 478 861 650 1005 801 383 837 512 864 662 708 915 418 -1 853 613 715 1033 433 769 437 772 752 674 
501 333 391 149 814 215 405 31 352 427 171 607 305 474 415 196 297 465 452 853 -1 320 321 248 596 153 502 319 380 701 
224 475 197 440 505 289 317 343 424 407 199 297 228 155 287 230 98 348 200 613 320 -1 114 429 279 345 197 169 520 404 
180 548 91 408 499 213 425 350 511 294 157 369 122 217 174 300 27 236 310 715 321 114 -1 358 338 393 282 57 596 381 
512 578 373 162 832 144 628 267 600 257 232 722 258 571 333 422 350 355 615 1033 248 429 358 -1 694 401 625 316 625 705 
250 672 359 719 302 550 420 617 596 600 474 51 454 125 451 463 344 495 213 433 596 279 338 694 -1 591 107 388 708 267 
561 182 478 282 848 354 294 135 201 564 280 588 418 482 526 127 365 583 407 769 153 345 393 401 591 -1 486 411 231 749 
258 565 329 632 401 483 319 521 489 568 396 105 404 77 427 358 280 479 111 437 502 197 282 625 107 486 -1 338 602 343 
200 576 71 386 522 174 475 349 546 237 147 422 66 270 125 333 72 188 367 772 319 169 57 316 388 411 338 -1 625 399 
745 49 686 487 997 585 304 358 114 795 506 690 642 624 746 295 568 805 497 752 380 520 596 625 708 231 602 625 -1 915 
201 872 334 786 128 570 656 729 810 520 538 315 448 295 382 633 404 393 453 674 701 404 381 705 267 749 343 399 915 -1 
