50
-1 505 277 371 308 522 267 484 275 174 65 43 336 232 442 150 334 441 521 289 88 318 168 99 293 327 433 171 148 224 446 279 278 431 186 702 526 522 282 603 164 121 356 199 377 213 765 206 231 481 
505 -1 601 864 506 271 760 515 776 420 440 544 455 555 696 551 745 230 539 777 593 640 659 586 653 266 139 354 653 725 220 226 553 481 684 407 365 225 306 501 404 626 785 659 861 719 448 435 605 102 
277 601 -1 356 582 479 284 749 323 435 286 255 602 52 717 423 576 428 786 461 270 590 231 340 56 534 477 279 283 292 637 410 555 695 367 908 429 706 295 852 216 302 582 433 332 322 967 472 58 531 
371 864 356 -1 608 813 104 796 103 526 431 327 659 368 646 422 433 747 828 260 285 528 205 327 308 696 769 510 227 149 816 640 548 749 253 1064 778 892 589 934 467 266 410 341 38 176 1127 546 310 822 
308 506 582 608 -1 663 518 188 504 156 299 340 66 533 194 188 279 578 222 394 354 147 443 289 601 239 518 367 394 465 323 350 69 142 355 495 708 385 467 329 410 353 326 274 628 432 556 117 539 543 
522 271 479 813 663 -1 719 732 748 529 465 547 632 450 857 630 837 86 763 811 595 767 628 621 535 450 159 353 647 702 463 312 688 688 706 678 98 489 240 752 364 635 868 716 798 710 719 560 508 170 
267 760 284 104 518 719 -1 707 43 426 327 223 566 284 579 330 380 650 740 219 182 454 101 232 246 593 668 407 128 53 712 536 463 658 174 964 691 788 490 841 367 168 366 265 112 92 1027 448 230 720 
484 515 749 796 188 732 707 -1 693 315 463 521 148 699 257 376 435 653 36 574 540 299 629 477 775 283 574 502 582 654 295 438 249 54 543 355 797 324 581 149 556 541 482 460 817 621 410 279 711 582 
275 776 323 103 504 748 43 693 -1 424 338 232 556 321 551 318 346 676 725 181 187 430 121 224 288 596 689 426 127 50 716 550 446 646 151 962 723 792 515 831 390 163 330 241 125 72 1025 443 269 741 
174 420 435 526 156 529 426 315 424 -1 148 215 167 384 335 133 325 442 351 370 245 238 335 201 460 181 397 211 299 377 299 222 161 260 293 538 563 374 316 428 253 260 365 245 538 353 601 39 397 432 
65 440 286 431 299 465 327 463 338 148 -1 105 315 236 457 177 378 381 500 351 153 340 226 157 313 274 368 111 213 287 391 214 284 409 250 653 475 466 226 570 122 187 405 251 435 278 715 186 250 416 
43 544 255 327 340 547 223 521 232 215 105 -1 373 216 461 168 332 468 557 265 49 334 124 89 264 371 466 202 108 182 490 318 303 468 159 746 543 566 306 642 183 88 348 191 333 174 808 245 204 516 
336 455 602 659 66 632 566 148 556 167 315 373 -1 551 242 237 345 548 185 456 394 213 485 334 626 191 481 364 439 514 262 322 135 95 409 430 685 321 453 275 414 399 393 334 678 483 491 130 563 501 
232 555 52 368 533 450 284 699 321 384 236 216 551 -1 674 381 544 393 736 442 238 548 215 303 98 482 435 226 260 283 585 359 509 644 343 855 410 655 251 800 164 273 554 401 349 308 915 422 58 489 
442 696 717 646 194 857 579 257 551 335 457 461 242 674 -1 293 222 771 268 392 455 128 531 383 723 431 713 544 473 527 500 544 175 249 405 612 898 551 651 399 577 437 262 314 675 487 667 299 665 738 
150 551 423 422 188 630 330 376 318 133 177 168 237 381 293 -1 206 544 410 237 170 168 256 101 432 314 513 282 205 278 430 340 139 328 172 654 649 503 398 512 299 165 240 111 440 246 716 136 373 554 
334 745 576 433 279 837 380 435 346 325 378 332 345 544 222 206 -1 751 458 173 306 137 358 242 567 489 718 487 299 332 593 543 211 405 217 772 853 660 603 585 497 273 47 142 465 291 832 310 518 756 
441 230 428 747 578 86 650 653 676 442 381 468 548 393 771 544 751 -1 685 730 516 680 556 538 484 370 95 270 570 629 395 227 602 607 626 629 147 430 162 682 288 556 782 632 735 635 674 473 450 130 
521 539 786 828 222 763 740 36 725 351 500 557 185 736 268 410 458 685 -1 602 575 323 664 511 811 316 604 539 616 687 319 472 280 91 575 350 829 341 616 131 593 575 505 490 850 653 401 315 748 611 
289 777 461 260 394 811 219 574 181 370 351 265 456 442 392 237 173 730 602 -1 220 283 230 194 440 551 719 461 181 180 667 556 326 535 105 884 808 741 570 721 448 179 150 126 294 142 946 373 403 766 
88 593 270 285 354 595 182 540 187 245 153 49 394 238 455 170 306 516 575 220 -1 327 90 72 269 411 516 251 60 137 531 367 309 489 114 782 588 607 354 668 230 41 316 163 294 125 845 270 214 565 
318 640 590 528 147 767 454 299 430 238 340 334 213 548 128 168 137 680 323 283 327 -1 403 254 595 376 633 435 345 402 469 459 87 268 280 636 798 533 548 448 462 308 184 189 555 362 695 210 537 665 
168 659 231 205 443 628 101 629 121 335 226 124 485 215 531 256 358 556 664 230 90 403 -1 155 212 495 569 306 59 73 614 434 395 579 141 869 607 690 394 758 269 94 357 222 209 92 932 361 173 621 
99 586 340 327 289 621 232 477 224 201 157 89 334 303 383 101 242 538 511 194 72 254 155 -1 341 378 525 268 105 180 498 363 239 427 97 738 625 573 381 609 263 64 260 102 343 153 801 218 285 572 
293 653 56 308 601 535 246 775 288 460 313 264 626 98 723 432 567 484 811 440 269 595 212 341 -1 573 532 322 269 263 680 457 568 721 353 950 484 751 349 883 261 295 569 427 282 297 1010 495 63 586 
327 266 534 696 239 450 593 283 596 181 274 371 191 482 431 314 489 370 316 551 411 376 495 378 573 -1 294 258 469 547 120 159 289 237 473 379 513 196 309 334 319 433 533 426 704 528 440 182 512 310 
433 139 477 769 518 159 668 574 689 397 368 466 481 435 713 513 718 95 604 719 516 633 569 525 532 294 -1 264 574 640 305 175 551 531 619 534 239 336 184 593 301 553 754 611 762 640 579 423 489 54 
171 354 279 510 367 353 407 502 426 211 111 202 364 226 544 282 487 270 539 461 251 435 306 268 322 258 264 -1 309 376 358 137 368 449 357 629 366 428 115 586 62 290 516 363 507 375 688 249 265 315 
148 653 283 227 394 647 128 582 127 299 213 108 439 260 473 205 299 570 616 181 60 345 59 105 269 469 574 309 -1 78 589 427 342 532 84 837 634 665 408 714 282 40 300 162 240 66 900 320 225 624 
224 725 292 149 465 702 53 654 50 377 287 182 514 283 527 278 332 629 687 180 137 402 73 180 263 547 640 376 78 -1 667 500 410 606 121 915 680 743 467 789 342 117 323 212 163 41 978 398 235 691 
446 220 637 816 323 463 712 295 716 299 391 490 262 585 500 430 593 395 319 667 531 469 614 498 680 120 305 358 589 667 -1 233 384 266 592 270 543 75 381 288 421 553 638 541 823 648 329 294 621 299 
279 226 410 640 350 312 536 438 550 222 214 318 322 359 544 340 543 227 472 556 367 459 434 363 457 159 175 137 427 500 233 -1 378 388 459 502 362 297 152 492 196 400 580 442 639 492 559 249 401 213 
278 553 555 548 69 688 463 249 446 161 284 303 135 509 175 139 211 602 280 326 309 87 395 239 568 289 551 368 342 410 384 378 -1 208 294 565 725 449 477 394 403 302 258 210 570 374 626 128 507 581 
431 481 695 749 142 688 658 54 646 260 409 468 95 644 249 328 405 607 91 535 489 268 579 427 721 237 531 449 532 606 266 388 208 -1 497 370 749 306 529 186 502 491 453 417 769 573 428 225 657 542 
186 684 367 253 355 706 174 543 151 293 250 159 409 343 405 172 217 626 575 105 114 280 141 97 353 473 619 357 84 121 592 459 294 497 -1 825 702 667 465 683 342 73 216 91 276 82 888 305 309 666 
702 407 908 1064 495 678 964 355 962 538 653 746 430 855 612 654 772 629 350 884 782 636 869 738 950 379 534 629 837 915 270 502 565 370 825 -1 770 206 646 228 691 799 820 759 1076 891 62 520 890 508 
526 365 429 778 708 98 691 797 723 563 475 543 685 410 898 649 853 147 829 808 588 798 607 625 484 513 239 366 634 680 543 362 725 749 702 770 -1 575 251 829 361 629 880 724 759 694 813 598 468 263 
522 225 706 892 385 489 788 324 792 374 466 566 321 655 551 503 660 430 341 741 607 533 690 573 751 196 336 428 665 743 75 297 449 306 667 206 575 -1 440 280 490 629 706 615 899 724 262 368 692 319 
282 306 295 589 467 240 490 581 515 316 226 306 453 251 651 398 603 162 616 570 354 548 394 381 349 309 184 115 408 467 381 152 477 529 465 646 251 440 -1 643 126 395 631 478 580 473 701 352 304 239 
603 501 852 934 329 752 841 149 831 428 570 642 275 800 399 512 585 682 131 721 668 448 758 609 883 334 593 586 714 789 288 492 394 186 683 228 829 280 643 -1 645 674 632 603 953 758 274 398 820 587 
164 404 216 467 410 364 367 556 390 253 122 183 414 164 577 299 497 288 593 448 230 462 269 263 261 319 301 62 282 342 421 196 403 502 342 691 361 490 126 645 -1 271 521 364 461 347 750 292 205 354 
121 626 302 266 353 635 168 541 163 260 187 88 399 273 437 165 273 556 575 179 41 308 94 64 295 433 553 290 40 117 553 400 302 491 73 799 629 629 395 674 271 -1 280 132 280 95 861 281 245 602 
356 785 582 410 326 868 366 482 330 365 405 348 393 554 262 240 47 782 505 150 316 184 357 260 569 533 754 516 300 323 638 580 258 453 216 820 880 706 631 632 521 280 -1 157 444 282 880 352 524 793 
199 659 433 341 274 716 265 460 241 245 251 191 334 401 314 111 142 632 490 126 163 189 222 102 427 426 611 363 162 212 541 442 210 417 91 759 724 615 478 603 364 132 157 -1 366 173 822 247 377 655 
377 861 332 38 628 798 112 817 125 538 435 333 678 349 675 440 465 735 850 294 294 555 209 343 282 704 762 507 240 163 823 639 570 769 276 1076 759 899 580 953 461 280 444 366 -1 196 1139 561 291 815 
213 719 322 176 432 710 92 621 72 353 278 174 483 308 487 246 291 635 653 142 125 362 92 153 297 528 640 375 66 41 648 492 374 573 82 891 694 724 473 758 347 95 282 173 196 -1 954 371 264 690 
765 448 967 1127 556 719 1027 410 1025 601 715 808 491 915 667 716 832 674 401 946 845 695 932 801 1010 440 579 688 900 978 329 559 626 428 888 62 813 262 701 274 750 861 880 822 1139 954 -1 583 950 550 
206 435 472 546 117 560 448 279 443 39 186 245 130 422 299 136 310 473 315 373 270 210 361 218 495 182 423 249 320 398 294 249 128 225 305 520 598 368 352 398 292 281 352 247 561 371 583 -1 433 455 
231 605 58 310 539 508 230 711 269 397 250 204 563 58 665 373 518 450 748 403 214 537 173 285 63 512 489 265 225 235 621 401 507 657 309 890 468 692 304 820 205 245 524 377 291 264 950 433 -1 543 
481 102 531 822 543 170 720 582 741 432 416 516 501 489 738 554 756 130 611 766 565 665 621 572 586 310 54 315 624 691 299 213 581 542 666 508 263 319 239 587 354 602 793 655 815 690 550 455 543 -1 
