50
-1 328 286 487 288 97 301 229 533 415 487 519 167 585 244 317 341 531 465 271 385 328 205 64 578 388 614 126 504 354 140 298 223 186 180 92 273 494 58 501 530 380 286 187 568 212 343 482 388 426 
328 -1 557 452 245 368 306 518 852 743 492 726 224 513 141 373 216 833 639 567 479 544 530 334 850 242 901 367 780 412 263 117 550 155 377 405 65 681 276 827 425 701 612 291 541 242 607 804 657 729 
286 557 -1 456 573 348 586 62 330 303 420 252 334 553 427 593 624 282 235 58 280 525 268 337 296 671 343 382 224 306 426 477 200 402 185 296 521 246 340 341 543 213 194 470 501 498 57 437 103 183 
487 452 456 -1 646 584 696 472 776 756 62 444 343 101 341 745 649 701 344 507 182 815 640 546 645 685 717 609 597 153 561 338 603 391 337 572 475 386 490 797 103 669 630 616 90 599 467 879 502 624 
288 245 573 646 -1 254 60 517 797 655 671 799 321 725 306 130 72 811 732 558 613 336 428 245 865 110 899 231 792 559 148 324 479 257 438 312 189 767 234 751 644 645 545 118 737 75 631 673 677 708 
97 368 348 584 254 -1 248 287 543 403 585 594 253 681 316 245 320 561 549 320 482 231 176 40 626 363 652 34 553 451 118 365 225 252 274 58 305 575 106 497 623 391 291 136 665 182 405 440 446 459 
301 306 586 696 60 248 -1 527 787 637 717 820 361 777 358 69 120 809 759 564 650 288 414 249 872 144 901 219 799 600 162 380 471 304 465 307 248 792 254 735 698 637 537 115 785 100 643 643 687 708 
229 518 62 472 517 287 527 -1 343 285 443 314 300 572 395 532 570 315 290 48 305 464 211 278 348 616 388 320 275 318 369 447 148 363 163 233 477 305 285 339 551 206 159 411 526 441 118 408 160 210 
533 852 330 776 797 543 787 343 -1 167 732 416 641 869 736 766 862 111 477 295 594 601 373 556 243 906 202 568 225 632 655 789 318 698 506 485 804 456 591 82 869 153 251 679 808 724 309 277 277 152 
415 743 303 756 655 403 637 285 167 -1 723 483 551 855 644 610 723 245 513 249 583 435 226 424 368 764 349 423 321 603 520 699 193 596 441 349 689 506 470 98 837 98 136 536 804 585 313 145 306 201 
487 492 420 62 671 585 717 443 732 723 -1 386 357 136 371 763 680 653 287 473 140 815 623 548 590 718 663 612 545 135 575 375 581 414 324 566 508 328 497 757 164 632 602 631 84 618 425 851 455 580 
519 726 252 444 799 594 820 314 416 483 386 -1 509 515 585 835 839 312 101 299 282 777 517 578 214 886 289 628 193 348 657 622 445 585 364 545 707 58 566 471 548 385 420 706 442 725 202 629 183 286 
167 224 334 343 321 253 361 300 641 551 357 509 -1 435 95 405 343 614 429 349 292 481 364 213 626 387 678 273 556 238 218 148 361 75 153 259 198 468 150 626 370 495 416 273 430 262 383 637 433 510 
585 513 553 101 725 681 777 572 869 855 136 515 435 -1 419 830 720 789 419 605 275 912 741 642 724 753 797 705 681 254 651 405 705 475 439 671 545 457 584 893 92 766 731 705 77 683 561 980 592 716 
244 141 427 341 306 316 358 395 736 644 371 585 95 419 -1 414 309 707 497 444 340 531 449 276 715 347 769 328 646 276 246 54 453 65 243 335 138 539 210 721 340 590 509 296 431 266 474 725 523 604 
317 373 593 745 130 245 69 532 766 610 763 835 405 830 414 -1 188 798 782 565 686 229 394 257 870 206 893 212 798 640 191 440 458 355 492 302 313 812 279 709 754 621 521 135 834 147 650 602 692 699 
341 216 624 649 72 320 120 570 862 723 680 839 343 720 309 188 -1 871 767 613 635 406 496 306 919 46 956 299 846 576 207 314 543 272 476 376 175 804 285 818 635 709 610 187 739 137 680 744 728 767 
531 833 282 701 811 561 809 315 111 245 653 312 614 789 707 798 871 -1 383 266 519 658 407 566 132 917 105 590 119 565 664 758 340 678 467 502 792 356 590 185 798 183 278 697 724 736 244 376 202 105 
465 639 235 344 732 549 759 290 477 513 287 101 429 419 497 782 767 383 -1 291 181 750 501 527 305 813 378 583 267 248 597 531 435 504 294 505 625 44 505 520 447 415 425 649 347 662 203 656 209 332 
271 567 58 507 558 320 564 48 295 249 473 299 349 605 444 565 613 266 291 -1 334 479 217 315 307 659 343 352 234 354 410 496 146 411 210 263 525 299 328 295 590 163 136 449 555 482 97 380 128 161 
385 479 280 182 613 482 650 305 594 583 140 282 292 275 340 686 635 519 181 334 -1 707 495 449 469 678 539 512 417 69 495 365 447 363 208 454 477 226 408 617 279 492 464 551 221 550 286 713 319 442 
328 544 525 815 336 231 288 464 601 435 815 777 481 912 531 229 406 658 750 479 707 -1 264 269 755 432 762 207 689 681 288 574 339 465 499 252 479 769 330 532 852 475 387 253 896 305 576 392 606 574 
205 530 268 640 428 176 414 211 373 226 623 517 364 741 449 394 496 407 501 217 495 264 -1 200 494 538 507 197 426 489 294 502 74 392 302 125 471 514 253 322 702 227 129 309 707 358 314 276 342 314 
64 334 337 546 245 40 249 278 556 424 548 578 213 642 276 257 306 566 527 315 449 269 200 -1 623 351 654 63 550 416 99 326 238 212 244 74 273 555 65 516 583 403 304 133 628 170 395 471 438 463 
578 850 296 645 865 626 872 348 243 368 590 214 626 724 715 870 919 132 305 307 469 755 494 623 -1 965 74 658 73 526 717 761 420 697 473 568 817 268 634 317 747 289 368 757 652 789 243 505 194 182 
388 242 671 685 110 363 144 616 906 764 718 886 387 753 347 206 46 917 813 659 678 432 538 351 965 -1 1002 341 892 618 252 348 587 315 522 420 210 850 331 860 666 754 654 228 775 181 727 782 774 812 
614 901 343 717 899 652 901 388 202 349 663 289 678 797 769 893 956 105 378 343 539 762 507 654 74 1002 -1 683 125 593 751 817 436 746 526 594 864 343 671 282 818 286 378 787 726 823 294 476 245 194 
126 367 382 609 231 34 219 320 568 423 612 628 273 705 328 212 299 590 583 352 512 207 197 63 658 341 683 -1 585 480 107 375 252 263 306 89 303 609 122 519 644 418 317 112 691 163 438 451 479 489 
504 780 224 597 792 553 799 275 225 321 545 193 556 681 646 798 846 119 267 234 417 689 426 550 73 892 125 585 -1 470 644 693 352 626 403 496 745 239 561 288 697 233 303 684 613 716 172 464 122 123 
354 412 306 153 559 451 600 318 632 603 135 348 238 254 276 640 576 565 248 354 69 681 489 416 526 618 593 480 470 -1 450 297 450 304 188 431 413 293 368 647 237 517 477 506 218 500 324 725 363 480 
140 263 426 561 148 118 162 369 655 520 575 657 218 651 246 191 207 664 597 410 495 288 294 99 717 252 751 107 644 450 -1 286 337 182 304 171 197 629 91 613 581 502 403 56 648 72 484 557 529 560 
298 117 477 338 324 365 380 447 789 699 375 622 148 405 54 440 314 758 531 496 365 574 502 326 761 348 817 375 693 297 286 -1 507 113 291 387 139 574 260 775 321 644 563 331 428 295 522 779 571 656 
223 550 200 603 479 225 471 148 318 193 581 445 361 705 453 458 543 340 435 146 447 339 74 238 420 587 436 252 352 450 337 507 -1 403 270 167 496 445 278 279 673 166 66 361 665 406 242 281 268 243 
186 155 402 391 257 252 304 363 698 596 414 585 75 475 65 355 272 678 504 411 363 465 392 212 697 315 746 263 626 304 182 113 403 -1 226 274 122 544 146 676 400 549 462 233 480 208 454 669 503 573 
180 377 185 337 438 274 465 163 506 441 324 364 153 439 243 492 476 467 294 210 208 499 302 244 473 522 526 306 403 188 304 291 270 226 -1 246 348 329 212 502 403 369 307 357 407 367 231 551 280 366 
92 405 296 572 312 58 307 233 485 349 566 545 259 671 335 302 376 502 505 263 454 252 125 74 568 420 594 89 496 431 171 387 167 274 246 -1 346 529 130 442 620 333 233 195 649 239 351 399 391 400 
273 65 521 475 189 305 248 477 804 689 508 707 198 545 138 313 175 792 625 525 477 479 471 273 817 210 864 303 745 413 197 139 496 122 348 346 -1 666 219 775 460 652 560 226 565 178 574 744 623 686 
494 681 246 386 767 575 792 305 456 506 328 58 468 457 539 812 804 356 44 299 226 769 514 555 268 850 343 609 239 293 629 574 445 544 329 529 666 -1 537 505 489 408 429 680 385 695 205 651 200 317 
58 276 340 490 234 106 254 285 591 470 497 566 150 584 210 279 285 590 505 328 408 330 253 65 634 331 671 122 561 368 91 260 278 146 212 130 219 537 -1 558 521 438 343 145 574 160 396 529 443 484 
501 827 341 797 751 497 735 339 82 98 757 471 626 893 721 709 818 185 520 295 617 532 322 516 317 860 282 519 288 647 613 775 279 676 502 442 775 505 558 -1 884 133 215 632 836 680 333 195 312 188 
530 425 543 103 644 623 698 551 869 837 164 548 370 92 340 754 635 798 447 590 279 852 702 583 747 666 818 644 697 237 581 321 673 400 403 620 460 489 521 884 -1 754 707 633 150 607 560 953 597 717 
380 701 213 669 645 391 637 206 153 98 632 385 495 766 590 621 709 183 415 163 492 475 227 403 289 754 286 418 233 517 502 644 166 549 369 333 652 408 438 133 754 -1 100 528 713 572 216 243 207 110 
286 612 194 630 545 291 537 159 251 136 602 420 416 731 509 521 610 278 425 136 464 387 129 304 368 654 378 317 303 477 403 563 66 462 307 233 560 429 343 215 707 100 -1 428 685 472 223 248 237 186 
187 291 470 616 118 136 115 411 679 536 631 706 273 705 296 135 187 697 649 449 551 253 309 133 757 228 787 112 684 506 56 331 361 233 357 195 226 680 145 632 633 528 428 -1 704 56 528 558 572 594 
568 541 501 90 737 665 785 526 808 804 84 442 430 77 431 834 739 724 347 555 221 896 707 628 652 775 726 691 613 218 648 428 665 480 407 649 565 385 574 836 150 713 685 704 -1 688 502 934 530 656 
212 242 498 599 75 182 100 441 724 585 618 725 262 683 266 147 137 736 662 482 550 305 358 170 789 181 823 163 716 500 72 295 406 208 367 239 178 695 160 680 607 572 472 56 688 -1 555 612 601 632 
343 607 57 467 631 405 643 118 309 313 425 202 383 561 474 650 680 244 203 97 286 576 314 395 243 727 294 438 172 324 484 522 242 454 231 351 574 205 396 333 560 216 223 528 502 555 -1 454 49 156 
482 804 437 879 673 440 643 408 277 145 851 629 637 980 725 602 744 376 656 380 713 392 276 471 505 782 476 451 464 725 557 779 281 669 551 399 744 651 529 195 953 243 248 558 934 612 454 -1 451 346 
388 657 103 502 677 446 687 160 277 306 455 183 433 592 523 692 728 202 209 128 319 606 342 438 194 774 245 479 122 363 529 571 268 503 280 391 623 200 443 312 597 207 237 572 530 601 49 451 -1 126 
426 729 183 624 708 459 708 210 152 201 580 286 510 716 604 699 767 105 332 161 442 574 314 463 182 812 194 489 123 480 560 656 243 573 366 400 686 317 484 188 717 110 186 594 656 632 156 346 126 -1 
