50
-1 815 354 666 234 435 305 345 383 531 793 387 621 316 550 790 826 380 495 431 710 399 373 888 815 360 106 500 572 604 465 605 354 503 371 187 503 658 500 334 743 305 555 408 556 754 691 773 228 739 
815 -1 757 722 673 604 527 477 659 293 108 474 337 649 293 361 579 1004 602 709 453 842 655 160 408 598 783 376 491 694 351 436 947 935 444 651 534 424 376 561 76 579 262 623 383 147 135 668 635 547 
354 757 -1 918 497 167 295 343 101 556 691 520 717 570 465 889 1001 734 722 708 856 724 630 765 928 586 247 596 745 856 485 750 704 838 421 249 255 796 380 529 706 507 516 649 388 763 673 989 213 918 
666 722 918 -1 439 878 645 617 876 525 790 421 389 357 688 411 260 521 197 236 284 334 297 876 390 332 734 416 241 62 544 289 477 338 541 671 882 298 730 389 657 410 622 270 802 577 607 143 705 213 
234 673 497 439 -1 503 281 286 479 379 680 200 416 82 465 575 592 344 261 213 483 243 142 779 595 127 295 310 343 376 332 382 291 361 255 250 537 435 452 119 596 95 438 174 524 581 539 539 293 506 
435 604 167 878 503 -1 235 262 69 442 530 459 616 559 320 779 919 797 681 697 767 745 614 600 822 558 339 507 676 819 379 668 758 863 342 268 87 708 233 495 560 480 382 621 225 628 534 927 220 841 
305 527 295 645 281 235 -1 53 233 274 492 230 423 328 247 596 706 606 447 463 560 524 380 585 634 323 256 300 453 585 200 455 560 642 126 126 257 500 196 260 461 246 265 386 258 495 416 701 111 624 
345 477 343 617 286 262 53 -1 272 221 447 196 374 320 204 546 663 623 421 450 515 525 367 542 585 306 306 254 414 559 148 411 574 641 81 174 268 455 168 242 410 234 214 368 238 442 363 665 164 582 
383 659 101 876 479 69 233 272 -1 473 590 463 641 542 369 810 936 754 678 682 787 717 600 664 851 548 282 525 686 815 405 684 718 834 354 232 157 727 283 487 610 469 425 612 287 672 580 935 186 855 
531 293 556 525 379 442 274 221 473 -1 307 182 179 362 167 337 491 715 357 444 337 564 377 407 380 315 516 111 285 479 73 254 659 667 162 388 408 280 230 271 218 287 97 352 291 225 161 527 385 422 
793 108 691 790 680 530 492 447 590 307 -1 489 401 669 245 457 671 1020 650 748 536 872 684 99 505 623 748 409 552 755 347 501 965 973 433 618 453 499 317 578 138 591 243 658 305 237 182 751 595 631 
387 474 520 421 200 459 230 196 463 182 489 -1 233 180 301 406 482 532 227 279 343 386 203 589 435 138 402 114 224 364 152 235 476 494 120 293 460 285 320 88 397 105 256 189 395 382 339 471 313 397 
621 337 717 389 416 616 423 374 641 179 401 233 -1 364 341 175 313 707 271 387 159 528 349 488 211 306 632 125 154 357 237 99 650 609 297 515 587 106 409 297 269 324 267 310 469 200 218 361 525 248 
316 649 570 357 82 559 328 320 542 362 669 180 364 -1 474 512 513 354 179 139 412 210 60 769 528 58 377 274 271 294 330 315 298 323 270 321 584 368 476 92 573 88 435 92 551 544 514 457 360 428 
550 293 465 688 465 320 247 204 369 167 245 301 341 474 -1 481 654 809 511 580 500 684 505 338 528 440 502 272 451 639 150 421 756 795 209 372 265 446 87 382 240 387 74 489 128 308 214 694 349 588 
790 361 889 411 575 779 596 546 810 337 457 406 175 512 481 -1 219 833 376 499 129 642 484 521 48 455 807 301 250 405 404 197 777 702 471 691 741 148 559 460 321 488 408 441 609 220 297 321 700 204 
826 579 1001 260 592 919 706 663 936 491 671 482 313 513 654 219 -1 765 337 441 154 571 465 739 177 465 869 412 260 287 542 251 715 595 582 773 897 212 721 498 533 526 580 423 782 435 500 127 795 86 
380 1004 734 521 344 797 606 623 754 715 1020 532 707 354 809 833 765 -1 457 335 713 194 357 1120 836 407 487 628 582 479 675 639 56 205 599 529 850 684 792 443 927 429 781 397 861 896 868 663 577 692 
495 602 722 197 261 681 447 421 678 357 650 227 271 179 511 376 337 457 -1 123 257 266 127 745 379 140 551 246 127 138 362 186 402 338 347 477 687 228 543 193 529 216 451 87 617 471 473 279 509 253 
431 709 708 236 213 697 463 450 682 444 748 279 387 139 580 499 441 335 123 -1 378 143 83 845 501 144 506 338 250 177 430 308 281 225 390 460 718 351 596 208 635 217 530 91 671 585 577 358 500 363 
710 453 856 284 483 767 560 515 787 337 536 343 159 412 500 129 154 713 257 378 -1 520 374 612 122 357 741 261 141 276 389 107 659 574 434 636 743 59 567 376 398 404 426 331 628 306 358 215 654 95 
399 842 724 334 243 745 524 525 717 564 872 386 528 210 684 642 571 194 266 143 520 -1 187 971 643 249 493 466 393 288 538 451 144 118 480 485 781 495 685 301 766 297 643 219 759 723 708 473 531 497 
373 655 630 297 142 614 380 367 600 377 684 203 349 60 505 484 465 357 127 83 374 187 -1 783 494 65 437 278 235 234 356 287 301 291 309 381 634 336 516 126 579 134 459 43 591 540 520 401 419 380 
888 160 765 876 779 600 585 542 664 407 99 589 488 769 338 521 739 1120 745 845 612 971 783 -1 566 722 839 506 641 845 447 588 1065 1070 532 711 518 581 402 677 219 691 342 755 377 306 272 827 685 706 
815 408 928 390 595 822 634 585 851 380 505 435 211 528 528 48 177 836 379 501 122 643 494 566 -1 471 837 335 259 392 445 213 782 695 508 724 786 160 605 482 369 510 454 451 656 268 346 288 736 178 
360 598 586 332 127 558 323 306 548 315 623 138 306 58 440 455 465 407 140 144 357 249 65 722 471 -1 411 221 216 269 291 258 351 355 245 338 574 311 452 64 521 79 395 63 527 488 463 418 373 379 
106 783 247 734 295 339 256 306 282 516 748 402 632 377 502 807 869 487 551 506 741 493 437 839 837 411 -1 507 610 672 444 633 459 602 353 131 413 685 440 370 716 342 521 467 486 741 668 830 155 782 
500 376 596 416 310 507 300 254 525 111 409 114 125 274 272 301 412 628 246 338 261 466 278 506 335 221 507 -1 180 368 134 162 572 563 174 390 488 201 321 192 300 215 207 248 389 271 242 430 400 334 
572 491 745 241 343 676 453 414 686 285 552 224 154 271 451 250 260 582 127 250 141 393 235 641 259 216 610 180 -1 204 314 60 527 463 333 513 665 102 501 240 422 268 382 192 570 353 370 252 536 174 
604 694 856 62 376 819 585 559 815 479 755 364 357 294 639 405 287 479 138 177 276 288 234 845 392 269 672 368 204 -1 493 258 432 310 484 608 825 277 677 328 626 348 576 207 750 552 574 185 643 223 
465 351 485 544 332 379 200 148 405 73 347 152 237 330 150 404 542 675 362 430 389 538 356 447 445 291 444 134 314 493 -1 295 620 647 93 315 355 330 187 237 278 246 106 339 257 297 226 564 311 467 
605 436 750 289 382 668 455 411 684 254 501 235 99 315 421 197 251 639 186 308 107 451 287 588 213 258 633 162 60 258 295 -1 583 523 330 529 650 53 479 270 369 299 349 244 545 295 318 273 547 172 
354 947 704 477 291 758 560 574 718 659 965 476 650 298 756 777 715 56 402 281 659 144 301 1065 782 351 459 572 527 432 620 583 -1 180 547 489 808 629 742 388 871 374 727 341 813 839 812 617 537 640 
503 935 838 338 361 863 642 641 834 667 973 494 609 323 795 702 595 205 338 225 574 118 291 1070 695 355 602 563 463 310 647 523 180 -1 594 601 899 560 800 413 860 411 750 315 875 809 803 482 648 533 
371 444 421 541 255 342 126 81 354 162 433 120 297 270 209 471 582 599 347 390 434 480 309 532 508 245 353 174 333 484 93 330 547 594 -1 226 340 375 207 182 371 182 189 302 282 388 319 585 229 501 
187 651 249 671 250 268 126 174 232 388 618 293 515 321 372 691 773 529 477 460 636 485 381 711 724 338 131 390 513 608 315 529 489 601 226 -1 323 578 315 285 585 261 389 401 369 612 537 749 47 688 
503 534 255 882 537 87 257 268 157 408 453 460 587 584 265 741 897 850 687 718 743 781 634 518 786 574 413 488 665 825 355 650 808 899 340 323 -1 685 181 510 497 500 335 636 151 573 478 917 277 822 
658 424 796 298 435 708 500 455 727 280 499 285 106 368 446 148 212 684 228 351 59 495 336 581 160 311 685 201 102 277 330 53 629 560 375 578 685 -1 510 324 363 352 372 293 572 279 318 255 595 142 
500 376 380 730 452 233 196 168 283 230 317 320 409 476 87 559 721 792 543 596 567 685 516 402 605 452 440 321 501 677 187 479 742 800 207 315 181 510 -1 389 327 388 153 508 75 395 301 750 285 650 
334 561 529 389 119 495 260 242 487 271 578 88 297 92 382 460 498 443 193 208 376 301 126 677 482 64 370 192 240 328 237 270 388 413 182 285 510 324 389 -1 485 28 343 126 465 463 426 465 316 411 
743 76 706 657 596 560 461 410 610 218 138 397 269 573 240 321 533 927 529 635 398 766 579 219 369 521 716 300 422 626 278 369 871 860 371 585 497 363 327 485 -1 503 196 547 347 102 58 613 571 493 
305 579 507 410 95 480 246 234 469 287 591 105 324 88 387 488 526 429 216 217 404 297 134 691 510 79 342 215 268 348 246 299 374 411 182 261 500 352 388 28 503 -1 353 143 463 486 445 490 294 440 
555 262 516 622 438 382 265 214 425 97 243 256 267 435 74 408 580 781 451 530 426 643 459 342 454 395 521 207 382 576 106 349 727 750 189 389 335 372 153 343 196 353 -1 438 203 247 156 622 374 514 
408 623 649 270 174 621 386 368 612 352 658 189 310 92 489 441 423 397 87 91 331 219 43 755 451 63 467 248 192 207 339 244 341 315 302 401 636 293 508 126 547 143 438 -1 583 503 489 365 436 338 
556 383 388 802 524 225 258 238 287 291 305 395 469 551 128 609 782 861 617 671 628 759 591 377 656 527 486 389 570 750 257 545 813 875 282 369 151 572 75 465 347 463 203 583 -1 428 332 817 332 714 
754 147 763 577 581 628 495 442 672 225 237 382 200 544 308 220 435 896 471 585 306 723 540 306 268 488 741 271 353 552 297 295 839 809 388 612 573 279 395 463 102 486 247 503 428 -1 95 521 607 400 
691 135 673 607 539 534 416 363 580 161 182 339 218 514 214 297 500 868 473 577 358 708 520 272 346 463 668 242 370 574 226 318 812 803 319 537 478 318 301 426 58 445 156 489 332 95 -1 571 527 453 
773 668 989 143 539 927 701 665 935 527 751 471 361 457 694 321 127 663 279 358 215 473 401 827 288 418 830 430 252 185 564 273 617 482 585 749 917 255 750 465 613 490 622 365 817 521 571 -1 777 120 
228 635 213 705 293 220 111 164 186 385 595 313 525 360 349 700 795 577 509 500 654 531 419 685 736 373 155 400 536 643 311 547 537 648 229 47 277 595 285 316 571 294 374 436 332 607 527 777 -1 710 
739 547 918 213 506 841 624 582 855 422 631 397 248 428 588 204 86 692 253 363 95 497 380 706 178 379 782 334 174 223 467 172 640 533 501 688 822 142 650 411 493 440 514 338 714 400 453 120 710 -1 
