50
-1 345 147 477 401 417 523 297 575 743 365 583 367 117 419 359 451 568 122 534 105 222 253 421 227 461 644 466 356 423 460 340 237 489 138 107 320 532 435 386 388 382 348 360 296 303 628 423 315 547 
345 -1 243 650 597 71 368 86 582 880 301 551 599 394 182 123 127 263 409 618 300 558 235 328 388 152 827 481 652 505 456 652 118 271 216 447 286 486 545 508 372 727 425 358 589 639 507 96 350 312 
147 243 -1 441 376 311 378 229 467 695 384 463 366 250 372 303 366 430 169 454 60 325 108 436 164 330 618 355 409 336 343 410 172 342 48 224 182 406 363 317 262 508 425 406 346 447 490 301 371 401 
477 650 441 -1 79 702 491 664 282 265 820 341 136 583 808 738 777 708 357 157 412 397 414 874 276 658 178 261 268 178 289 314 611 559 489 427 379 349 129 146 324 541 826 830 266 596 482 664 788 601 
401 597 376 79 -1 653 484 603 318 344 749 369 64 504 747 678 724 682 279 206 342 319 364 803 212 621 245 268 205 177 291 248 548 537 422 348 342 362 137 126 304 472 749 756 192 520 497 620 713 585 
417 71 311 702 653 -1 369 143 609 923 334 571 660 463 183 147 85 216 479 657 369 629 289 351 448 117 877 514 719 548 487 721 187 263 287 519 328 507 591 558 408 799 472 398 656 710 508 62 397 292 
523 368 378 491 484 369 -1 441 282 635 661 225 525 628 546 491 453 251 491 378 420 646 270 694 371 264 636 233 644 314 203 670 430 110 405 576 207 170 362 358 184 840 760 710 594 809 139 308 691 122 
297 86 229 664 603 143 441 -1 632 908 220 607 596 325 143 74 154 349 382 652 277 517 260 254 390 239 842 525 630 535 503 624 61 352 189 403 326 543 571 529 417 675 338 274 567 576 579 182 264 395 
575 582 467 282 318 609 282 632 -1 356 835 66 379 692 763 698 694 532 486 128 475 597 380 880 352 524 380 111 521 165 128 561 597 383 512 577 306 111 184 220 215 775 892 868 494 793 216 554 836 404 
743 880 695 265 344 923 635 908 356 -1 1078 421 392 849 1050 981 1004 881 623 267 673 650 648 1131 533 857 138 416 496 375 447 543 859 730 743 692 595 465 336 379 517 765 1091 1093 514 843 567 876 1052 757 
365 301 384 820 749 334 661 220 835 1078 -1 817 725 314 175 187 288 550 484 838 407 569 455 56 545 447 995 725 719 719 707 700 239 571 335 461 529 755 747 701 620 676 159 69 661 548 798 388 95 613 
583 551 463 341 369 571 225 607 66 421 817 -1 427 700 733 670 656 477 505 192 480 629 367 860 369 479 447 121 567 201 122 605 578 332 506 597 290 64 232 258 201 812 886 855 535 820 149 513 826 347 
367 599 366 136 64 660 525 596 379 392 725 427 -1 463 738 669 726 708 244 270 324 260 373 781 211 638 279 320 142 229 341 184 538 568 409 301 364 416 195 174 341 408 713 727 129 459 550 632 683 619 
117 394 250 583 504 463 628 325 692 849 314 700 463 -1 416 369 476 641 226 649 220 260 358 369 343 530 743 583 422 540 577 396 276 582 225 165 431 648 550 501 503 367 253 289 370 253 739 484 241 639 
419 182 372 808 747 183 546 143 763 1050 175 733 738 416 -1 69 117 392 517 792 417 640 401 176 534 300 986 660 765 676 636 756 200 444 329 526 462 668 713 672 551 781 332 245 702 668 686 245 261 475 
359 123 303 738 678 147 491 74 698 981 187 670 669 369 69 -1 114 363 452 724 349 581 332 207 465 261 916 594 700 607 570 692 132 394 261 466 395 606 644 603 485 729 329 251 637 622 631 203 254 431 
451 127 366 777 724 85 453 154 694 1004 288 656 726 476 117 114 -1 277 529 739 420 670 362 293 515 194 953 598 774 628 571 772 213 346 333 557 408 592 670 634 490 830 439 356 711 729 592 145 365 369 
568 263 430 708 682 216 251 349 532 881 550 477 708 641 392 363 277 -1 591 618 489 752 354 565 512 112 869 468 801 533 437 815 375 152 429 655 343 420 582 564 383 939 686 614 742 872 368 167 611 131 
122 409 169 357 279 479 491 382 486 623 484 505 244 226 517 452 529 591 -1 428 109 161 241 540 136 495 521 384 248 325 385 243 321 484 195 91 285 463 329 280 328 353 470 483 185 321 575 470 438 543 
534 618 454 157 206 657 378 652 128 267 838 192 270 649 792 724 739 618 428 -1 446 512 391 887 308 590 259 150 411 118 181 454 608 466 503 513 332 216 99 147 250 677 872 860 394 712 340 609 823 498 
105 300 60 412 342 369 420 277 475 673 407 480 324 220 417 349 420 489 109 446 -1 265 152 461 140 390 587 365 354 330 357 352 217 395 88 166 216 428 350 301 283 449 426 419 290 393 523 361 379 454 
222 558 325 397 319 629 646 517 597 650 569 629 260 260 640 581 670 752 161 512 265 -1 402 625 276 655 526 508 171 432 516 137 457 646 342 114 442 596 419 378 474 193 510 549 135 201 718 626 501 704 
253 235 108 414 364 289 270 260 380 648 455 367 373 358 401 332 362 354 241 391 152 402 -1 501 164 268 591 270 450 274 252 461 218 244 142 316 77 307 312 273 166 593 519 488 390 546 382 258 458 303 
421 328 436 874 803 351 694 254 880 1131 56 860 781 369 176 207 293 565 540 887 461 625 501 -1 598 468 1049 771 776 768 751 756 282 600 387 517 573 796 798 753 665 729 187 98 717 599 833 410 139 638 
227 388 164 276 212 448 371 390 352 533 545 369 211 343 534 465 515 512 136 308 140 276 164 598 -1 433 454 248 289 196 249 306 335 385 212 228 175 327 210 162 197 469 565 560 231 455 443 422 520 441 
461 152 330 658 621 117 264 239 524 857 447 479 638 530 300 261 194 112 495 590 390 655 268 468 433 -1 827 441 719 490 411 728 263 153 323 553 279 416 537 511 341 838 577 508 658 764 400 58 503 175 
644 827 618 178 245 877 636 842 380 138 995 447 279 743 986 916 953 869 521 259 587 526 591 1049 454 827 -1 404 365 337 434 411 789 717 665 581 551 475 289 319 487 630 991 1002 391 714 597 837 958 753 
466 481 355 261 268 514 233 525 111 416 725 121 320 583 660 594 598 468 384 150 365 508 270 771 248 441 404 -1 456 91 31 491 488 315 401 475 199 95 135 147 109 693 781 757 419 699 229 463 724 349 
356 652 409 268 205 719 644 630 521 496 719 567 142 422 765 700 774 801 248 411 354 171 450 776 289 719 365 456 -1 367 474 47 569 672 442 260 462 551 336 310 460 273 676 707 63 349 684 702 660 727 
423 505 336 178 177 548 314 535 165 375 719 201 229 540 676 607 628 533 325 118 330 432 274 768 196 490 337 91 367 -1 115 403 490 382 384 414 220 186 49 57 150 612 756 742 333 628 321 503 706 423 
460 456 343 289 291 487 203 503 128 447 707 122 341 577 636 570 571 437 385 181 357 516 252 751 249 411 434 31 474 115 -1 507 468 284 387 477 178 80 161 167 86 704 767 740 434 703 210 435 709 318 
340 652 410 314 248 721 670 624 561 543 700 605 184 396 756 692 772 815 243 454 352 137 461 756 306 728 411 491 47 403 507 -1 563 691 438 238 481 585 376 346 487 227 647 684 75 303 717 708 636 747 
237 118 172 611 548 187 430 61 597 859 239 578 538 276 200 132 213 375 321 608 217 457 218 282 335 263 789 488 569 490 468 563 -1 352 129 343 290 515 523 480 382 617 331 281 506 523 564 211 261 402 
489 271 342 559 537 263 110 352 383 730 571 332 568 582 444 394 346 152 484 466 395 646 244 600 385 153 717 315 672 382 284 691 352 -1 357 560 210 272 431 416 234 838 683 626 616 789 246 201 611 58 
138 216 48 489 422 287 405 189 512 743 335 506 409 225 329 261 333 429 195 503 88 342 142 387 212 323 665 401 442 384 387 438 129 357 -1 233 219 448 412 365 304 516 380 358 378 442 524 287 323 415 
107 447 224 427 348 519 576 403 577 692 461 597 301 165 526 466 557 655 91 513 166 114 316 517 228 553 581 475 260 414 477 238 343 560 233 -1 369 554 415 367 419 284 418 447 205 233 665 520 400 619 
320 286 182 379 342 328 207 326 306 595 529 290 364 431 462 395 408 343 285 332 216 442 77 573 175 279 551 199 462 220 178 481 290 210 219 369 -1 229 263 233 91 636 597 564 406 602 308 285 535 266 
532 486 406 349 362 507 170 543 111 465 755 64 416 648 668 606 592 420 463 216 428 596 307 796 327 416 475 95 551 186 80 585 515 272 448 554 229 -1 227 242 144 784 827 793 513 782 135 449 765 293 
435 545 363 129 137 591 362 571 184 336 747 232 195 550 713 644 670 582 329 99 350 419 312 798 210 537 289 135 336 49 161 376 523 431 412 415 263 227 -1 48 198 591 776 767 310 618 362 548 729 472 
386 508 317 146 126 558 358 529 220 379 701 258 174 501 672 603 634 564 280 147 301 378 273 753 162 511 319 147 310 57 167 346 480 416 365 367 233 242 48 -1 181 555 727 720 276 575 376 517 681 461 
388 372 262 324 304 408 184 417 215 517 620 201 341 503 551 485 490 383 328 250 283 474 166 665 197 341 487 109 460 150 86 487 382 234 304 419 91 144 198 181 -1 666 684 654 411 650 246 358 624 280 
382 727 508 541 472 799 840 675 775 765 676 812 408 367 781 729 830 939 353 677 449 193 593 729 469 838 630 693 273 612 704 227 617 838 516 284 636 784 591 555 666 -1 576 639 282 141 909 804 592 896 
348 425 425 826 749 472 760 338 892 1091 159 886 713 253 332 329 439 686 470 872 426 510 519 187 565 577 991 781 676 756 767 647 331 683 380 418 597 827 776 727 684 576 -1 91 624 438 891 520 75 731 
360 358 406 830 756 398 710 274 868 1093 69 855 727 289 245 251 356 614 483 860 419 549 488 98 560 508 1002 757 707 742 740 684 281 626 358 447 564 793 767 720 654 639 91 -1 651 505 845 450 48 670 
296 589 346 266 192 656 594 567 494 514 661 535 129 370 702 637 711 742 185 394 290 135 390 717 231 658 391 419 63 333 434 75 506 616 378 205 406 513 310 276 411 282 624 651 -1 331 643 640 604 672 
303 639 447 596 520 710 809 576 793 843 548 820 459 253 668 622 729 872 321 712 393 201 546 599 455 764 714 699 349 628 703 303 523 789 442 233 602 782 618 575 650 141 438 505 331 -1 897 723 460 847 
628 507 490 482 497 508 139 579 216 567 798 149 550 739 686 631 592 368 575 340 523 718 382 833 443 400 597 229 684 321 210 717 564 246 524 665 308 135 362 376 246 909 891 845 643 897 -1 446 823 238 
423 96 301 664 620 62 308 182 554 876 388 513 632 484 245 203 145 167 470 609 361 626 258 410 422 58 837 463 702 503 435 708 211 201 287 520 285 449 548 517 358 804 520 450 640 723 446 -1 445 230 
315 350 371 788 713 397 691 264 836 1052 95 826 683 241 261 254 365 611 438 823 379 501 458 139 520 503 958 724 660 706 709 636 261 611 323 400 535 765 729 681 624 592 75 48 604 460 823 445 -1 658 
547 312 401 601 585 292 122 395 404 757 613 347 619 639 475 431 369 131 543 498 454 704 303 638 441 175 753 349 727 423 318 747 402 58 415 619 266 293 472 461 280 896 731 670 672 847 238 230 658 -1 
