50
-1 293 498 683 391 304 120 284 278 789 365 275 718 435 754 419 249 517 462 31 191 464 356 195 415 726 517 330 61 599 80 420 166 217 183 314 709 133 560 462 560 175 112 615 426 216 273 665 653 243 
293 -1 244 446 220 538 413 135 188 564 352 170 795 477 548 369 43 601 204 292 467 548 63 234 128 585 240 316 354 446 286 428 181 170 475 591 511 349 416 242 657 126 230 353 199 423 50 559 569 503 
498 244 -1 202 150 661 617 369 250 320 343 407 753 464 312 316 276 593 314 508 636 550 202 478 225 389 289 327 558 260 460 403 339 294 678 749 281 583 249 388 650 326 464 116 355 548 235 396 422 652 
683 446 202 -1 296 797 799 570 413 119 441 609 764 532 131 390 476 646 491 697 799 617 403 680 414 278 448 441 740 211 634 474 518 468 857 901 124 778 233 568 698 517 662 117 541 693 434 330 373 804 
391 220 150 296 -1 515 504 354 116 397 196 387 624 321 363 180 227 451 378 408 503 406 217 427 279 368 379 176 446 229 337 261 225 173 561 609 320 497 197 439 509 238 388 254 398 405 182 338 350 512 
304 538 661 797 515 -1 267 575 412 875 362 573 498 330 820 422 498 330 735 331 142 296 594 500 666 725 779 355 276 638 262 361 358 384 260 131 774 400 599 750 346 415 416 769 711 116 498 640 609 79 
120 413 617 799 504 267 -1 388 388 901 446 371 740 490 862 506 369 548 572 122 126 499 476 273 532 820 631 417 59 700 168 489 280 330 62 229 817 140 660 563 581 296 206 734 531 224 394 752 735 190 
284 135 369 570 354 575 388 -1 303 689 465 38 899 582 678 491 132 699 187 269 475 644 167 137 179 720 251 426 337 581 313 540 250 265 448 599 643 284 551 177 752 182 182 468 143 468 173 692 700 523 
278 188 250 413 116 412 388 303 -1 513 164 329 607 289 476 188 172 415 384 297 389 363 219 343 293 458 406 128 331 325 221 240 112 61 444 499 431 391 287 430 471 145 289 363 387 299 138 410 409 402 
789 564 320 119 397 875 901 689 513 -1 512 727 774 584 69 455 591 685 609 804 891 664 522 797 534 246 563 521 844 245 734 531 622 571 957 986 108 889 280 685 732 628 774 233 659 778 548 325 372 890 
365 352 343 441 196 362 446 465 164 512 -1 488 444 128 457 62 335 258 545 393 398 210 378 485 450 379 560 39 401 276 287 75 235 201 490 478 411 495 237 594 316 292 416 434 551 272 302 306 289 385 
275 170 407 609 387 573 371 38 329 727 488 -1 916 601 716 517 161 715 213 256 466 660 205 107 216 755 281 449 324 615 314 562 264 286 430 589 680 258 585 192 767 199 167 506 163 470 205 724 731 518 
718 795 753 764 624 498 740 899 607 774 444 916 -1 318 704 444 774 202 989 750 628 257 822 889 893 535 1001 479 723 553 642 369 652 633 750 617 670 846 536 1037 159 717 807 811 994 516 745 449 402 573 
435 477 464 532 321 330 490 582 289 584 128 601 318 -1 522 149 456 130 673 466 410 87 506 584 579 402 688 161 456 339 354 61 339 316 520 459 477 568 305 719 188 403 508 545 676 277 427 313 279 377 
754 548 312 131 363 820 862 678 476 69 457 716 704 522 -1 398 571 618 617 771 844 600 513 777 534 178 577 469 806 183 694 470 587 536 917 935 46 860 221 693 665 600 748 247 663 727 527 255 302 840 
419 369 316 390 180 422 506 491 188 455 62 517 444 149 398 -1 359 276 550 446 460 236 385 525 453 317 557 89 458 216 344 88 278 237 551 540 352 548 176 605 333 328 462 395 563 335 321 246 233 447 
249 43 276 476 227 498 369 132 172 591 335 161 774 456 571 359 -1 577 239 249 424 523 107 206 171 596 281 297 310 457 243 411 143 142 432 548 533 310 425 269 632 83 191 387 226 383 45 563 569 460 
517 601 593 646 451 330 548 699 415 685 258 715 202 130 618 276 577 -1 800 549 445 55 633 686 707 475 818 289 526 442 440 190 450 435 565 459 576 647 413 844 57 517 605 669 800 324 551 382 339 397 
462 204 314 491 378 735 572 187 384 609 545 213 989 673 617 550 239 800 -1 451 649 747 166 321 98 703 69 511 518 569 476 620 382 374 633 774 591 471 551 76 856 320 367 375 60 622 252 700 719 692 
31 292 508 697 408 331 122 269 297 804 393 256 750 466 771 446 249 549 451 -1 211 496 355 170 411 749 509 357 68 621 111 449 184 236 184 332 728 103 582 446 592 182 89 624 412 246 277 690 680 266 
191 467 636 799 503 142 126 475 389 891 398 466 628 410 844 460 424 445 649 211 -1 402 529 380 595 777 702 377 146 670 182 423 302 342 121 124 798 263 630 652 471 342 300 751 616 132 436 700 676 63 
464 548 550 617 406 296 499 644 363 664 210 660 257 87 600 236 523 55 747 496 402 -1 582 631 656 468 767 238 474 419 386 148 395 381 520 427 556 595 387 790 109 462 550 632 747 276 498 376 336 358 
356 63 202 403 217 594 476 167 219 522 378 205 822 506 513 385 107 633 166 355 529 582 -1 285 75 568 189 344 417 429 347 453 236 217 539 652 479 409 404 221 690 187 290 302 180 479 96 551 566 563 
195 234 478 680 427 500 273 137 343 797 485 107 889 584 777 525 206 686 321 170 380 631 285 -1 314 794 388 445 233 656 255 554 249 287 329 498 738 151 622 297 734 198 85 586 270 408 250 752 752 436 
415 128 225 414 279 666 532 179 293 534 450 216 893 579 534 453 171 707 98 411 595 656 75 314 -1 609 114 418 475 474 414 524 308 291 595 719 506 451 454 165 764 254 337 303 130 551 169 602 621 631 
726 585 389 278 368 725 820 720 458 246 379 755 535 402 178 317 596 475 703 749 777 468 568 794 609 -1 678 404 770 139 655 364 568 519 867 850 157 847 172 775 515 600 747 373 739 649 551 93 138 760 
517 240 289 448 379 779 631 251 406 563 560 281 1001 688 577 557 281 818 69 509 702 767 189 388 114 678 -1 529 576 549 524 632 421 406 693 826 556 535 535 135 875 364 428 331 130 664 284 684 707 741 
330 316 327 441 176 355 417 426 128 521 39 449 479 161 469 89 297 289 511 357 377 238 344 445 418 404 529 -1 369 293 254 113 196 162 463 465 423 460 252 558 346 253 378 424 515 257 266 336 322 370 
61 354 558 740 446 276 59 337 331 844 401 324 723 456 806 458 310 526 518 68 146 474 417 233 475 770 576 369 -1 647 115 449 222 272 122 265 762 127 607 514 563 236 157 675 480 207 334 705 690 206 
599 446 260 211 229 638 700 581 325 245 276 615 553 339 183 216 457 442 569 621 670 419 429 656 474 139 549 293 647 -1 532 286 437 386 751 755 138 716 40 640 492 464 612 272 603 549 411 137 171 661 
80 286 460 634 337 262 168 313 221 734 287 314 642 354 694 344 243 440 476 111 182 386 347 255 414 655 524 254 115 532 -1 340 121 166 223 305 649 213 492 488 484 160 169 576 449 156 254 590 576 217 
420 428 403 474 261 361 489 540 240 531 75 562 369 61 470 88 411 190 620 449 423 148 453 554 524 364 632 113 449 286 340 -1 305 275 526 486 425 553 250 669 247 365 482 483 626 291 378 280 253 399 
166 181 339 518 225 358 280 250 112 622 235 264 652 339 587 278 143 450 382 184 302 395 236 249 308 568 421 196 222 437 121 305 -1 51 340 421 543 279 399 409 502 67 183 456 367 242 140 515 509 328 
217 170 294 468 173 384 330 265 61 571 201 286 633 316 536 237 142 435 374 236 342 381 217 287 291 519 406 162 272 386 166 275 51 -1 388 458 492 329 349 410 490 91 229 409 367 268 122 468 465 363 
183 475 678 857 561 260 62 448 444 957 490 430 750 520 917 551 432 565 633 184 121 520 539 329 595 867 693 463 122 751 223 526 340 388 -1 192 871 185 711 622 592 358 266 795 591 244 456 796 776 180 
314 591 749 901 609 131 229 599 499 986 478 589 617 459 935 540 548 459 774 332 124 427 652 498 719 850 826 465 265 755 305 486 421 458 192 -1 888 369 715 777 471 465 422 862 741 208 558 767 737 97 
709 511 281 124 320 774 817 643 431 108 411 680 670 477 46 352 533 576 591 728 798 556 479 738 506 157 556 423 762 138 649 425 543 492 871 888 -1 818 175 667 624 558 707 231 636 680 488 223 269 793 
133 349 583 778 497 400 140 284 391 889 495 258 846 568 860 548 310 647 471 103 263 595 409 151 451 847 535 460 127 716 213 553 279 329 185 369 818 -1 678 448 687 261 119 697 422 333 347 791 782 326 
560 416 249 233 197 599 660 551 287 280 237 585 536 305 221 176 425 413 551 582 630 387 404 622 454 172 535 252 607 40 492 250 399 349 711 715 175 678 -1 619 465 428 576 278 581 508 380 149 173 621 
462 242 388 568 439 750 563 177 430 685 594 192 1037 719 693 605 269 844 76 446 652 790 221 297 165 775 135 558 514 640 488 669 409 410 622 777 667 448 619 -1 899 343 357 452 43 640 292 768 785 701 
560 657 650 698 509 346 581 752 471 732 316 767 159 188 665 333 632 57 856 592 471 109 690 734 764 515 875 346 563 492 484 247 502 490 592 471 624 687 465 899 -1 569 651 724 856 357 607 422 377 419 
175 126 326 517 238 415 296 182 145 628 292 199 717 403 600 328 83 517 320 182 342 462 187 198 254 600 364 253 236 464 160 365 67 91 358 465 558 261 428 343 569 -1 149 442 301 301 97 555 554 377 
112 230 464 662 388 416 206 182 289 774 416 167 807 508 748 462 191 605 367 89 300 550 290 85 337 747 428 378 157 612 169 482 183 229 266 422 707 119 576 357 651 149 -1 578 325 322 228 698 693 355 
615 353 116 117 254 769 734 468 363 233 434 506 811 545 247 395 387 669 375 624 751 632 302 586 303 373 331 424 675 272 576 483 456 409 795 862 231 697 278 452 724 442 578 -1 427 659 350 406 443 765 
426 199 355 541 398 711 531 143 387 659 551 163 994 676 663 563 226 800 60 412 616 747 180 270 130 739 130 515 480 603 449 626 367 367 591 741 636 422 581 43 856 301 325 427 -1 600 249 729 746 663 
216 423 548 693 405 116 224 468 299 778 272 470 516 277 727 335 383 324 622 246 132 276 479 408 551 649 664 257 207 549 156 291 242 268 244 208 680 333 508 640 357 301 322 659 600 -1 382 570 545 112 
273 50 235 434 182 498 394 173 138 548 302 205 745 427 527 321 45 551 252 277 436 498 96 250 169 551 284 266 334 411 254 378 140 122 456 558 488 347 380 292 607 97 228 350 249 382 -1 519 526 468 
665 559 396 330 338 640 752 692 410 325 306 724 449 313 255 246 563 382 700 690 700 376 551 752 602 93 684 336 705 137 590 280 515 468 796 767 223 791 149 768 422 555 698 406 729 570 519 -1 47 679 
653 569 422 373 350 609 735 700 409 372 289 731 402 279 302 233 569 339 719 680 676 336 566 752 621 138 707 322 690 171 576 253 509 465 776 737 269 782 173 785 377 554 693 443 746 545 526 47 -1 651 
243 503 652 804 512 79 190 523 402 890 385 518 573 377 840 447 460 397 692 266 63 358 563 436 631 760 741 370 206 661 217 399 328 363 180 97 793 326 621 701 419 377 355 765 663 112 468 679 651 -1 
