50
-1 779 381 855 272 145 252 139 786 534 441 879 594 779 523 797 585 445 278 566 295 938 193 366 112 775 138 240 851 726 509 517 545 488 501 289 447 136 347 864 78 483 538 870 230 738 316 326 836 487 
779 -1 877 441 537 749 911 657 559 433 430 276 328 55 365 689 195 537 980 260 496 159 808 662 714 615 645 559 411 109 271 382 377 302 564 499 670 842 630 84 763 726 512 224 645 41 463 478 724 569 
381 877 -1 746 551 248 176 347 612 810 705 854 577 901 519 559 716 352 234 617 432 1021 188 216 304 572 379 381 756 871 655 768 518 587 357 528 239 259 246 953 306 219 418 869 270 839 511 577 587 813 
855 441 746 -1 726 753 861 716 171 776 719 198 278 497 343 305 480 426 937 362 580 480 779 554 751 236 725 621 31 532 510 712 315 451 394 670 507 847 546 457 801 532 338 249 637 438 615 684 326 889 
272 537 551 726 -1 320 487 208 712 269 170 695 447 528 387 769 344 409 534 378 176 695 393 419 264 724 178 187 713 469 271 245 418 286 476 56 488 381 381 621 294 546 482 672 289 497 112 59 812 263 
145 749 248 753 320 -1 171 113 665 588 486 805 512 760 442 663 563 328 232 509 254 905 72 229 58 648 142 192 753 716 492 556 457 447 377 310 307 97 217 832 67 339 421 804 117 709 312 358 701 573 
252 911 176 861 487 171 -1 283 747 756 655 939 649 925 582 714 730 438 76 662 422 1064 103 307 223 716 310 360 866 884 659 726 591 609 467 481 364 116 317 993 196 368 523 945 266 871 483 528 746 730 
139 657 347 716 208 113 283 -1 653 475 373 742 455 662 384 674 466 313 338 431 162 815 185 259 60 647 32 102 712 615 392 443 405 358 374 197 338 189 231 741 106 385 405 734 112 616 204 245 714 465 
786 559 612 171 712 665 747 653 -1 819 744 358 295 611 333 137 542 341 822 400 544 629 676 445 675 65 668 570 197 632 548 755 300 472 288 656 382 753 448 593 722 393 248 403 556 546 601 680 166 915 
534 433 810 776 269 588 756 475 819 -1 104 674 524 397 493 911 297 593 803 421 388 565 661 648 532 851 446 429 753 329 271 64 525 348 654 282 703 650 608 500 563 765 637 633 541 403 303 233 954 138 
441 430 705 719 170 486 655 373 744 104 -1 641 453 406 412 828 259 496 704 357 285 578 558 544 431 771 345 324 699 340 210 75 445 273 560 178 602 551 505 508 464 664 547 607 436 394 199 129 870 171 
879 276 854 198 695 805 939 742 358 674 641 -1 292 331 362 495 382 506 1015 319 585 284 845 643 788 422 741 639 167 381 437 614 349 409 498 643 618 902 624 270 840 657 437 55 687 287 592 642 520 802 
594 328 577 278 447 512 649 455 295 524 453 292 -1 368 71 398 252 225 724 106 306 452 553 361 498 331 458 354 266 368 253 460 58 180 238 391 352 609 337 392 550 403 184 296 395 300 336 406 439 624 
779 55 901 497 528 760 925 662 611 397 406 331 368 -1 398 739 196 568 992 289 505 172 821 688 721 666 648 568 467 68 271 351 413 317 600 494 702 850 655 103 769 759 551 278 660 68 463 468 775 535 
523 365 519 343 387 442 582 384 333 493 412 362 71 398 -1 418 249 172 656 109 237 502 485 302 427 358 388 283 333 385 229 429 32 145 203 330 305 539 275 436 479 361 160 363 325 331 275 350 460 582 
797 689 559 305 769 663 714 674 137 911 828 495 398 739 418 -1 650 367 785 504 594 765 659 434 685 75 695 606 333 755 645 848 386 563 301 715 358 741 449 728 725 346 287 541 567 672 663 747 43 994 
585 195 716 480 344 563 730 466 542 297 259 382 252 196 249 650 -1 403 796 146 309 354 626 509 525 583 452 372 456 155 75 235 274 129 447 304 535 653 473 280 572 596 409 347 466 154 268 285 691 420 
445 537 352 426 409 328 438 313 341 593 496 506 225 568 172 367 403 -1 514 278 232 673 352 137 334 334 330 239 429 550 361 535 167 278 67 357 134 421 121 609 382 193 93 518 216 503 309 395 409 652 
278 980 234 937 534 232 76 338 822 803 704 1015 724 992 656 785 796 514 -1 734 487 1135 172 383 277 790 362 424 942 948 724 777 666 677 543 534 439 152 393 1062 240 439 599 1020 336 940 542 579 816 765 
566 260 617 362 378 509 662 431 400 421 357 319 106 289 109 504 146 278 734 -1 270 405 561 402 483 438 427 328 344 276 150 356 130 92 312 325 412 605 370 336 534 470 268 304 397 224 273 329 545 528 
295 496 432 580 176 254 422 162 544 388 285 585 306 505 237 594 309 232 487 270 -1 654 318 259 218 552 157 63 571 461 237 340 264 195 299 125 320 345 220 580 268 381 307 574 165 455 85 168 637 426 
938 159 1021 480 695 905 1064 815 629 565 578 284 452 172 502 765 354 673 1135 405 654 -1 962 804 872 690 804 716 449 238 430 522 507 458 691 658 804 999 775 74 922 855 635 230 799 200 622 636 795 703 
193 808 188 779 393 72 103 185 676 661 558 845 553 821 485 659 626 352 172 561 318 962 -1 231 129 653 214 256 781 780 556 628 496 505 390 382 302 83 232 890 119 321 441 848 163 768 381 430 695 644 
366 662 216 554 419 229 307 259 445 648 544 643 361 688 302 434 509 137 383 402 259 804 231 -1 255 422 286 231 560 663 455 597 302 380 160 378 80 309 39 737 292 128 216 655 146 626 345 425 471 680 
112 714 304 751 264 58 223 60 675 532 431 788 498 721 427 685 525 334 277 483 218 872 129 255 -1 664 86 156 748 675 451 502 445 414 390 257 336 129 235 798 51 375 428 783 119 674 265 304 724 515 
775 615 572 236 724 648 716 647 65 851 771 422 331 666 358 75 583 334 790 438 552 690 653 422 664 -1 665 571 262 682 582 787 326 502 273 669 352 731 430 653 708 353 246 467 544 599 615 698 109 940 
138 645 379 725 178 142 310 32 668 446 345 741 458 648 388 695 452 330 362 427 157 804 214 286 86 665 -1 104 719 598 377 416 411 350 393 172 365 210 256 729 124 414 421 732 140 604 186 218 736 434 
240 559 381 621 187 192 360 102 570 429 324 639 354 568 283 606 372 239 424 328 63 716 256 231 156 571 104 -1 615 524 300 386 307 258 305 150 302 282 194 643 206 358 325 631 111 518 130 198 649 449 
851 411 756 31 713 753 866 712 197 753 699 167 266 467 333 333 456 429 942 344 571 449 781 560 748 262 719 615 -1 503 489 689 308 434 401 657 517 848 550 425 799 545 343 218 636 409 602 669 355 869 
726 109 871 532 469 716 884 615 632 329 340 381 368 68 385 755 155 550 948 276 461 238 780 663 675 682 598 524 503 -1 224 283 405 283 588 438 684 804 627 171 721 743 544 331 621 95 412 409 792 467 
509 271 655 510 271 492 659 392 548 271 210 437 253 271 229 645 75 361 724 150 237 430 556 455 451 582 377 300 489 224 -1 206 259 86 414 229 490 580 417 355 498 551 384 407 399 230 193 213 687 379 
517 382 768 712 245 556 726 443 755 64 75 614 460 351 429 848 235 535 777 356 340 522 628 597 502 787 416 386 689 283 206 -1 461 284 595 246 649 625 557 454 537 711 576 575 498 350 257 198 890 189 
545 377 518 315 418 457 591 405 300 525 445 349 58 413 32 386 274 167 666 130 264 507 496 302 445 326 411 307 308 405 259 461 -1 176 187 361 296 554 278 445 497 349 138 355 339 345 306 382 428 615 
488 302 587 451 286 447 609 358 472 348 273 409 180 317 145 563 129 278 677 92 195 458 505 380 414 502 350 258 434 283 86 284 176 -1 328 234 408 540 344 385 464 470 298 390 343 262 184 236 605 444 
501 564 357 394 476 377 467 374 288 654 560 498 238 600 203 301 447 67 543 312 299 691 390 160 390 273 393 305 401 588 414 595 187 328 -1 424 119 465 160 630 435 164 60 517 271 533 376 462 343 717 
289 499 528 670 56 310 481 197 656 282 178 643 391 494 330 715 304 357 534 325 125 658 382 378 257 669 172 150 657 438 229 246 361 234 424 -1 444 383 340 583 295 503 427 622 259 458 55 49 758 301 
447 670 239 507 488 307 364 338 382 703 602 618 352 702 305 358 535 134 439 412 320 804 302 80 336 352 365 302 517 684 490 649 296 408 119 444 -1 383 109 741 372 62 180 636 226 637 405 488 394 746 
136 842 259 847 381 97 116 189 753 650 551 902 609 850 539 741 653 421 152 605 345 999 83 309 129 731 210 282 848 804 580 625 554 540 465 383 383 -1 305 925 87 404 513 901 214 801 394 427 777 617 
347 630 246 546 381 217 317 231 448 608 505 624 337 655 275 449 473 121 393 370 220 775 232 39 235 430 256 194 550 627 417 557 278 344 160 340 109 305 -1 707 277 164 209 634 119 593 306 386 488 642 
864 84 953 457 621 832 993 741 593 500 508 270 392 103 436 728 280 609 1062 336 580 74 890 737 798 653 729 643 425 171 355 454 445 385 630 583 741 925 707 -1 848 794 576 214 727 125 548 562 759 638 
78 763 306 801 294 67 196 106 722 563 464 840 550 769 479 725 572 382 240 534 268 922 119 292 51 708 124 206 799 721 498 537 497 464 435 295 372 87 277 848 -1 406 475 835 166 722 309 339 764 533 
483 726 219 532 546 339 368 385 393 765 664 657 403 759 361 346 596 193 439 470 381 855 321 128 375 353 414 358 545 743 551 711 349 470 164 503 62 404 164 794 406 -1 223 680 273 693 466 548 378 805 
538 512 418 338 482 421 523 405 248 637 547 437 184 551 160 287 409 93 599 268 307 635 441 216 428 246 421 325 343 544 384 576 138 298 60 427 180 513 209 576 475 223 -1 457 309 483 375 460 330 711 
870 224 869 249 672 804 945 734 403 633 607 55 296 278 363 541 347 518 1020 304 574 230 848 655 783 467 732 631 218 331 407 575 355 390 517 622 636 901 634 214 835 680 457 -1 688 238 574 617 568 764 
230 645 270 637 289 117 266 112 556 541 436 687 395 660 325 567 466 216 336 397 165 799 163 146 119 544 140 111 636 621 399 498 339 343 271 259 226 214 119 727 166 273 309 688 -1 605 241 308 607 553 
738 41 839 438 497 709 871 616 546 403 394 287 300 68 331 672 154 503 940 224 455 200 768 626 674 599 604 518 409 95 230 350 345 262 533 458 637 801 593 125 722 693 483 238 605 -1 422 438 708 538 
316 463 511 615 112 312 483 204 601 303 199 592 336 463 275 663 268 309 542 273 85 622 381 345 265 615 186 130 602 412 193 257 306 184 376 55 405 394 306 548 309 466 375 574 241 422 -1 85 706 343 
326 478 577 684 59 358 528 245 680 233 129 642 406 468 350 747 285 395 579 329 168 636 430 425 304 698 218 198 669 409 213 198 382 236 462 49 488 427 386 562 339 548 460 617 308 438 85 -1 790 257 
836 724 587 326 812 701 746 714 166 954 870 520 439 775 460 43 691 409 816 545 637 795 695 471 724 109 736 649 355 792 687 890 428 605 343 758 394 777 488 759 764 378 330 568 607 708 706 790 -1 1037 
487 569 813 889 263 573 730 465 915 138 171 802 624 535 582 994 420 652 765 528 426 703 644 680 515 940 434 449 869 467 379 189 615 444 717 301 746 617 642 638 533 805 711 764 553 538 343 257 1037 -1 
