50
-1 538 511 225 178 305 246 232 690 229 483 464 390 357 224 527 509 664 154 567 621 290 185 891 875 476 273 740 317 121 700 782 595 143 794 395 720 480 127 81 610 396 760 557 150 242 288 190 67 326 
538 -1 574 411 676 432 702 310 883 376 257 719 260 719 335 668 863 544 395 860 912 488 596 751 764 757 741 255 248 465 845 276 825 519 273 460 486 812 421 601 625 588 643 345 582 297 725 353 478 685 
511 574 -1 629 476 224 427 434 311 602 323 216 323 322 395 103 388 207 423 335 375 221 369 394 371 257 455 586 396 398 270 642 269 370 680 138 326 334 432 587 99 139 271 276 658 486 410 505 463 311 
225 411 629 -1 404 405 468 206 867 37 472 646 386 564 238 676 721 729 209 766 822 422 390 964 958 667 498 654 285 261 862 684 778 321 684 493 745 686 208 243 721 548 834 570 184 164 509 126 212 530 
178 676 476 404 -1 330 81 367 575 407 561 357 476 221 342 457 353 664 283 428 478 286 112 870 847 354 98 845 433 211 601 893 477 164 912 399 749 336 258 192 572 339 746 609 292 395 125 353 211 201 
305 432 224 405 330 -1 316 215 486 378 243 291 178 292 174 278 431 358 198 432 485 58 220 586 573 327 355 538 201 185 468 591 410 179 618 92 424 379 210 385 318 165 455 278 444 268 325 281 248 260 
246 702 427 468 81 316 -1 401 497 467 558 284 480 143 369 393 272 624 320 347 397 263 106 819 793 277 39 849 454 244 527 900 399 183 923 370 719 255 299 271 519 287 698 592 371 436 44 401 263 129 
232 310 434 206 367 215 401 -1 699 173 276 492 185 447 43 494 603 522 84 626 682 250 298 758 752 521 439 509 91 158 684 550 619 218 562 295 543 558 111 303 521 376 628 369 313 52 430 82 168 411 
690 883 311 867 575 486 497 699 -1 847 635 226 626 353 656 215 273 448 660 171 156 450 507 499 457 220 502 889 683 607 75 945 97 554 985 427 581 255 659 746 298 323 438 582 838 751 457 753 665 374 
229 376 602 37 407 378 467 173 847 -1 435 629 350 554 208 653 712 695 187 753 809 400 383 930 925 652 498 617 248 247 840 648 760 309 648 464 709 674 190 259 692 526 801 534 212 129 506 97 205 519 
483 257 323 472 561 243 558 276 635 435 -1 494 93 529 265 422 655 297 332 633 681 300 456 521 526 535 596 295 188 371 591 349 585 398 379 230 276 600 358 563 367 365 402 104 588 308 568 358 416 500 
464 719 216 646 357 291 284 492 226 629 494 -1 458 143 449 134 172 419 443 141 194 243 281 569 536 42 297 780 493 385 244 836 132 329 870 264 542 118 439 521 278 130 463 475 612 542 250 538 441 155 
390 260 323 386 476 178 480 185 626 350 93 458 -1 470 171 410 607 353 238 599 651 237 376 587 586 497 520 369 101 280 593 419 564 312 443 200 359 555 264 469 389 328 461 184 494 221 495 267 322 438 
357 719 322 564 221 292 143 447 353 554 529 143 470 -1 407 266 158 528 380 210 264 233 174 701 672 133 154 825 475 308 384 879 256 244 908 310 639 123 367 401 403 189 588 538 498 492 107 472 352 35 
224 335 395 238 342 174 369 43 656 208 265 449 171 407 -1 452 562 492 69 583 639 207 264 727 720 479 408 516 94 131 641 561 576 185 576 256 522 517 96 301 484 333 597 350 323 95 396 112 156 372 
527 668 103 676 457 278 393 494 215 653 422 134 410 266 452 -1 298 291 466 235 272 253 361 436 405 171 415 689 471 426 189 745 166 384 783 212 418 248 470 596 145 131 329 379 677 547 368 556 489 266 
509 863 388 721 353 431 272 603 273 712 655 172 607 158 562 298 -1 588 538 101 134 375 330 718 682 130 262 946 624 467 329 1001 191 403 1033 425 713 54 525 544 442 290 624 644 643 649 228 631 508 193 
664 544 207 729 664 358 624 522 448 695 297 419 353 528 492 291 588 -1 542 523 554 384 553 235 232 459 655 465 452 543 382 518 442 534 562 271 133 537 560 744 154 341 107 198 799 567 612 603 605 515 
154 395 423 209 283 198 320 84 660 187 332 443 238 380 69 466 538 542 -1 570 626 213 220 775 765 468 357 585 162 76 653 629 574 139 642 289 582 496 27 232 517 339 644 412 261 115 352 94 87 344 
567 860 335 766 428 432 347 626 171 753 633 141 599 210 583 235 101 523 570 -1 56 381 382 631 593 105 345 915 632 506 230 971 95 445 1006 404 653 92 563 612 371 271 546 607 709 675 304 665 556 240 
621 912 375 822 478 485 397 682 156 809 681 194 651 264 639 272 134 554 626 56 -1 436 437 643 603 160 392 959 687 562 226 1015 112 501 1052 454 686 142 619 664 400 323 566 650 762 731 353 721 611 295 
290 488 221 422 286 58 263 250 450 400 300 243 237 233 207 253 375 384 213 381 436 -1 174 603 586 276 301 596 251 177 440 649 368 151 676 114 463 324 217 367 320 127 474 328 436 301 268 304 242 201 
185 596 369 390 112 220 106 298 507 383 456 281 376 174 264 361 330 553 220 382 437 174 -1 763 741 291 145 746 348 144 522 796 412 80 818 287 637 297 202 239 467 236 637 498 330 336 132 307 178 141 
891 751 394 964 870 586 819 758 499 930 521 569 587 701 727 436 718 235 775 631 643 603 763 -1 43 601 845 613 687 771 423 658 537 755 704 495 267 675 792 970 300 532 131 417 1030 802 799 839 834 697 
875 764 371 958 847 573 793 752 457 925 526 536 586 672 720 405 682 232 765 593 603 586 741 43 -1 567 817 638 685 757 382 684 499 737 730 481 286 639 781 953 274 507 125 424 1017 798 771 832 820 669 
476 757 257 667 354 327 277 521 220 652 535 42 497 133 479 171 130 459 468 105 160 276 291 601 567 -1 285 822 527 406 251 878 123 347 912 305 583 77 461 528 316 170 500 518 622 571 240 563 458 154 
273 741 455 498 98 355 39 439 502 498 596 297 520 154 408 415 262 655 357 345 392 301 145 845 817 285 -1 889 493 281 537 940 405 222 962 406 754 252 336 290 545 315 726 629 390 473 47 436 297 148 
740 255 586 654 845 538 849 509 889 617 295 780 369 825 516 689 946 465 585 915 959 596 746 613 638 822 889 -1 422 642 833 56 856 680 96 520 356 891 613 813 595 655 538 309 812 515 862 573 673 796 
317 248 396 285 433 201 454 91 683 248 188 493 101 475 94 471 624 452 162 632 687 251 348 687 685 527 493 422 -1 224 659 466 611 272 481 260 460 575 190 392 473 367 559 285 404 120 477 169 250 440 
121 465 398 261 211 185 244 158 607 247 371 385 280 308 131 426 467 543 76 506 562 177 144 771 757 406 281 642 224 -1 607 688 517 64 705 276 599 428 58 202 496 295 640 438 260 192 275 164 64 273 
700 845 270 862 601 468 527 684 75 840 591 244 593 384 641 189 329 382 653 230 226 440 522 423 382 251 537 833 659 607 -1 889 139 559 930 399 515 302 655 762 238 313 365 530 850 736 491 744 668 399 
782 276 642 684 893 591 900 550 945 648 349 836 419 879 561 745 1001 518 629 971 1015 649 796 658 684 878 940 56 466 688 889 -1 912 729 46 576 405 946 657 853 651 711 588 366 847 552 914 611 716 850 
595 825 269 778 477 410 399 619 97 760 585 132 564 256 576 166 191 442 574 95 112 368 412 537 499 123 405 856 611 517 139 912 -1 462 949 364 574 163 570 650 288 244 456 546 743 670 361 668 574 277 
143 519 370 321 164 179 183 218 554 309 398 329 312 244 185 384 403 534 139 445 501 151 80 755 737 347 222 680 272 64 559 729 462 -1 748 262 603 365 123 216 469 253 626 452 292 255 213 229 111 209 
794 273 680 684 912 618 923 562 985 648 379 870 443 908 576 783 1033 562 642 1006 1052 676 818 704 730 912 962 96 481 705 930 46 949 748 -1 608 451 979 670 863 692 743 633 404 852 560 938 618 730 878 
395 460 138 493 399 92 370 295 427 464 230 264 200 310 256 212 425 271 289 404 454 114 287 495 481 305 406 520 260 276 399 576 364 262 608 -1 350 371 301 474 228 135 365 228 536 347 368 367 339 285 
720 486 326 745 749 424 719 543 581 709 276 542 359 639 522 418 713 133 582 653 686 463 637 267 286 583 754 356 460 599 515 405 574 603 451 350 -1 660 604 802 286 449 182 175 843 580 714 626 656 621 
480 812 334 686 336 379 255 558 255 674 600 118 555 123 517 248 54 537 496 92 142 324 297 675 639 77 252 891 575 428 302 946 163 365 979 371 660 -1 486 522 393 235 576 589 619 606 212 590 474 156 
127 421 432 208 258 210 299 111 659 190 358 439 264 367 96 470 525 560 27 563 619 217 202 792 781 461 336 613 190 58 655 657 570 123 670 301 604 486 -1 205 528 341 661 436 240 137 333 105 60 332 
81 601 587 243 192 385 271 303 746 259 563 521 469 401 301 596 544 744 232 612 664 367 239 970 953 528 290 813 392 202 762 853 650 216 863 474 802 522 205 -1 686 466 839 638 100 304 316 248 147 374 
610 625 99 721 572 318 519 521 298 692 367 278 389 403 484 145 442 154 517 371 400 320 467 300 274 316 545 595 473 496 238 651 288 469 692 228 286 393 528 686 -1 233 185 294 756 572 499 595 560 398 
396 588 139 548 339 165 287 376 323 526 365 130 328 189 333 131 290 341 339 271 323 127 236 532 507 170 315 655 367 295 313 711 244 253 743 135 449 235 341 466 233 -1 411 356 546 428 271 431 357 174 
760 643 271 834 746 455 698 628 438 801 402 463 461 588 597 329 624 107 644 546 566 474 637 131 125 500 726 538 559 640 365 588 456 626 633 365 182 576 661 839 185 411 -1 300 899 674 681 709 703 581 
557 345 276 570 609 278 592 369 582 534 104 475 184 538 350 379 644 198 412 607 650 328 498 417 424 518 629 309 285 438 530 366 546 452 404 228 175 589 436 638 294 356 300 -1 673 405 594 451 491 514 
150 582 658 184 292 444 371 313 838 212 588 612 494 498 323 677 643 799 261 709 762 436 330 1030 1017 622 390 812 404 260 850 847 743 292 852 536 843 619 240 100 756 546 899 673 -1 297 416 239 196 469 
242 297 486 164 395 268 436 52 751 129 308 542 221 492 95 547 649 567 115 675 731 301 336 802 798 571 473 515 120 192 736 552 670 255 560 347 580 606 137 304 572 428 674 405 297 -1 468 58 186 456 
288 725 410 509 125 325 44 430 457 506 568 250 495 107 396 368 228 612 352 304 353 268 132 799 771 240 47 862 477 275 491 914 361 213 938 368 714 212 333 316 499 271 681 594 416 468 -1 437 301 101 
190 353 505 126 353 281 401 82 753 97 358 538 267 472 112 556 631 603 94 665 721 304 307 839 832 563 436 573 169 164 744 611 668 229 618 367 626 590 105 248 595 431 709 451 239 58 437 -1 141 437 
67 478 463 212 211 248 263 168 665 205 416 441 322 352 156 489 508 605 87 556 611 242 178 834 820 458 297 673 250 64 668 716 574 111 730 339 656 474 60 147 560 357 703 491 196 186 301 141 -1 318 
326 685 311 530 201 260 129 411 374 519 500 155 438 35 372 266 193 515 344 240 295 201 141 697 669 154 148 796 440 273 399 850 277 209 878 285 621 156 332 374 398 174 581 514 469 456 101 437 318 -1 
