50
-1 456 112 247 314 345 40 220 360 123 213 580 493 462 468 91 382 403 300 559 344 436 196 345 354 357 278 286 439 467 575 233 160 44 316 443 240 448 488 118 606 439 348 345 620 381 59 550 118 293 
456 -1 539 552 629 800 426 247 307 439 293 137 733 556 111 416 84 604 341 126 248 467 593 600 611 390 181 468 895 742 719 623 328 489 164 602 622 642 943 474 149 506 474 562 705 510 398 94 399 609 
112 539 -1 166 217 291 120 319 379 229 322 653 403 415 565 202 472 492 310 650 380 412 85 427 271 468 369 247 374 370 664 122 215 121 413 379 287 536 410 82 688 403 453 277 559 336 165 633 145 363 
247 552 166 -1 80 414 228 388 305 370 417 640 246 258 608 333 505 649 239 675 334 277 114 588 107 590 415 119 476 225 822 115 241 275 468 213 454 694 488 130 691 257 593 112 393 186 276 642 182 528 
314 629 217 80 -1 415 301 468 369 438 495 713 185 265 688 403 585 709 306 754 404 309 141 645 76 665 495 176 462 153 882 118 322 336 548 202 500 754 462 203 766 279 662 119 372 211 349 718 261 580 
345 800 291 414 415 -1 379 557 671 385 531 925 578 671 801 392 724 506 602 897 671 688 300 435 490 602 620 523 98 526 651 303 495 311 652 615 266 534 165 373 949 671 543 521 787 601 402 893 432 357 
40 426 120 228 301 379 -1 198 320 145 204 547 474 429 445 105 355 430 260 533 304 399 197 376 333 364 251 253 471 452 601 233 120 85 293 414 279 476 517 98 576 404 365 318 589 348 49 520 79 328 
220 247 319 388 468 557 198 -1 297 194 66 380 617 503 248 169 167 410 274 340 247 439 390 385 477 245 67 353 654 608 558 425 150 247 95 518 378 454 707 275 394 463 296 443 670 432 160 338 207 377 
360 307 379 305 369 671 320 297 -1 431 361 356 434 248 401 388 302 696 69 432 62 161 391 659 329 541 268 192 750 452 853 409 207 405 315 296 596 742 777 297 419 199 591 274 402 206 331 380 246 630 
123 439 229 370 438 385 145 194 431 -1 150 574 617 572 421 43 357 285 382 521 398 534 315 234 477 243 261 397 484 591 455 351 225 109 279 560 184 331 545 241 584 543 224 464 734 491 108 528 219 199 
213 293 322 417 495 531 204 66 361 150 -1 430 655 558 271 139 210 343 334 370 313 498 401 321 514 186 125 399 630 641 492 438 194 229 130 566 329 387 687 294 435 519 230 485 724 483 157 379 235 317 
580 137 653 640 713 925 547 380 356 574 430 -1 789 590 216 548 221 739 408 150 309 497 697 737 682 521 313 541 1018 808 847 725 438 616 301 649 758 775 1062 582 77 540 608 628 720 561 524 83 508 746 
493 733 403 246 185 578 474 617 434 617 655 789 -1 220 810 580 705 893 392 859 486 306 326 830 141 833 630 270 606 57 1066 300 466 519 685 146 686 938 587 376 853 262 839 175 234 227 521 813 420 766 
462 556 415 258 265 671 429 503 248 572 558 590 220 -1 648 528 547 856 233 679 309 93 373 805 191 744 495 176 725 260 1025 368 365 501 547 77 694 903 727 350 659 49 774 149 166 80 464 625 353 756 
468 111 565 608 688 801 445 248 401 421 271 216 810 648 -1 408 104 535 422 103 339 563 630 542 680 312 197 541 899 813 632 664 370 493 152 687 594 568 954 512 185 599 403 635 803 595 408 138 439 564 
91 416 202 333 403 392 105 169 388 43 139 548 580 528 408 -1 336 328 338 506 357 490 287 278 439 266 235 354 490 556 497 324 182 91 261 518 217 374 547 203 563 500 259 424 691 448 64 507 175 242 
382 84 472 505 585 724 355 167 302 357 210 221 705 547 104 336 -1 524 318 178 240 464 533 517 576 314 104 436 820 708 645 566 269 412 79 583 539 562 870 414 227 499 394 530 704 491 323 171 340 524 
403 604 492 649 709 506 430 410 696 285 343 739 893 856 535 328 524 -1 656 635 653 815 574 72 756 223 464 682 591 862 172 608 501 374 449 844 246 46 667 522 720 827 132 748 1019 776 392 670 503 150 
300 341 310 239 306 602 260 274 69 382 334 408 392 233 422 338 318 656 -1 467 98 164 321 615 274 519 261 132 681 403 818 340 156 344 314 265 539 703 707 228 466 189 559 222 398 173 277 422 182 579 
559 126 650 675 754 897 533 340 432 521 370 150 859 679 103 506 178 635 467 -1 374 589 710 644 737 411 282 595 995 869 724 742 445 587 245 728 696 666 1047 591 92 630 503 688 825 636 499 69 516 667 
344 248 380 334 404 671 304 247 62 398 313 309 486 309 339 357 240 653 98 374 -1 223 406 621 373 488 211 231 755 500 805 428 184 387 256 353 572 698 788 300 368 260 543 320 464 262 306 326 238 597 
436 467 412 277 309 688 399 439 161 534 498 497 306 93 563 490 464 815 164 589 223 -1 388 769 244 684 422 166 753 339 980 392 314 479 472 160 676 861 764 337 567 44 722 190 240 98 427 533 319 727 
196 593 85 114 141 300 197 390 391 315 401 697 326 373 630 287 533 574 321 710 406 388 -1 509 205 553 433 224 366 289 747 37 265 207 481 324 359 618 387 118 739 371 539 225 502 301 244 686 193 441 
345 600 427 588 645 435 376 385 659 234 321 737 830 805 542 278 517 72 615 644 621 769 509 -1 696 241 445 629 522 797 238 541 458 312 439 788 173 110 597 463 725 778 150 690 965 724 342 673 452 78 
354 611 271 107 76 490 333 477 329 477 514 682 141 191 680 439 576 756 274 737 373 244 205 696 -1 692 495 142 538 133 929 190 327 383 549 126 559 802 536 236 741 210 699 56 298 146 380 696 278 635 
357 390 468 590 665 602 364 245 541 243 186 521 833 744 312 266 314 223 519 411 488 684 553 241 692 -1 279 584 700 815 331 590 380 352 248 752 347 255 768 461 498 706 92 667 911 670 315 449 413 285 
278 181 369 415 495 620 251 67 268 261 125 313 630 495 197 235 104 464 261 282 211 422 433 445 495 279 -1 361 716 628 604 467 174 308 54 520 445 507 766 315 329 451 343 455 659 430 219 273 241 442 
286 468 247 119 176 523 253 353 192 397 399 541 270 176 541 354 436 682 132 595 231 166 224 629 142 584 361 -1 591 273 852 233 204 325 416 168 519 728 607 176 598 157 605 94 336 95 290 553 179 579 
439 895 374 476 462 98 471 654 750 484 630 1018 606 725 899 490 820 591 681 995 755 753 366 522 538 700 716 591 -1 550 728 361 585 407 749 664 358 617 76 455 1045 732 637 576 827 661 497 989 519 446 
467 742 370 225 153 526 452 608 452 591 641 808 57 260 813 556 708 862 403 869 500 339 289 797 133 815 628 273 550 -1 1034 259 458 489 682 182 647 906 530 354 869 297 815 180 291 251 500 825 406 730 
575 719 664 822 882 651 601 558 853 455 492 847 1066 1025 632 497 645 172 818 724 805 980 747 238 929 331 604 852 728 1034 -1 779 665 547 579 1016 406 129 805 694 815 994 262 920 1189 946 561 771 673 312 
233 623 122 115 118 303 233 425 409 351 438 725 300 368 664 324 566 608 340 742 428 392 37 541 190 590 467 233 361 259 779 -1 297 243 515 313 387 650 374 151 769 371 575 218 488 300 281 717 226 472 
160 328 215 241 322 495 120 150 207 225 194 438 466 365 370 182 269 501 156 445 184 314 265 458 327 380 174 204 585 458 665 297 -1 203 226 372 390 547 625 146 475 330 409 293 532 289 123 421 71 424 
44 489 121 275 336 311 85 247 405 109 229 616 519 501 493 91 412 374 344 587 387 479 207 312 383 352 308 325 407 489 547 243 203 -1 342 478 196 418 460 152 638 480 331 378 656 420 91 582 162 255 
316 164 413 468 548 652 293 95 315 279 130 301 685 547 152 261 79 449 314 245 256 472 481 439 549 248 54 416 749 682 579 515 226 342 -1 574 460 489 802 364 304 503 322 509 711 484 256 249 292 445 
443 602 379 213 202 615 414 518 296 560 566 649 146 77 687 518 583 844 265 728 353 160 324 788 126 752 520 168 664 182 1016 313 372 478 574 -1 665 891 661 325 715 116 772 101 180 92 455 677 344 733 
240 622 287 454 500 266 279 378 596 184 329 758 686 694 594 217 539 246 539 696 572 676 359 173 559 347 445 519 358 647 406 387 390 196 460 665 -1 281 431 344 764 676 279 564 845 614 266 708 358 95 
448 642 536 694 754 534 476 454 742 331 387 775 938 903 568 374 562 46 703 666 698 861 618 110 802 255 507 728 617 906 129 650 547 418 489 891 281 -1 693 567 753 873 168 793 1065 823 438 704 550 185 
488 943 410 488 462 165 517 707 777 545 687 1062 587 727 954 547 870 667 707 1047 788 764 387 597 536 768 766 607 76 530 805 374 625 460 802 661 431 693 -1 487 1093 739 708 580 816 669 547 1037 556 520 
118 474 82 130 203 373 98 275 297 241 294 582 376 350 512 203 414 522 228 591 300 337 118 463 236 461 315 176 455 354 694 151 146 152 364 325 344 567 487 -1 621 333 463 226 503 270 146 568 75 408 
606 149 688 691 766 949 576 394 419 584 435 77 853 659 185 563 227 720 466 92 368 567 739 725 741 498 329 598 1045 869 815 769 475 638 304 715 764 753 1093 621 -1 610 588 688 794 626 548 56 547 743 
439 506 403 257 279 671 404 463 199 543 519 540 262 49 599 500 499 827 189 630 260 44 371 778 210 706 451 157 732 297 994 371 330 480 503 116 676 873 739 333 610 -1 740 159 208 70 435 575 325 732 
348 474 453 593 662 543 365 296 591 224 230 608 839 774 403 259 394 132 559 503 543 722 539 150 699 92 343 605 637 815 262 575 409 331 322 772 279 168 708 463 588 740 -1 681 940 696 319 538 428 203 
345 562 277 112 119 521 318 443 274 464 485 628 175 149 635 424 530 748 222 688 320 190 225 690 56 667 455 94 576 180 920 218 293 378 509 101 564 793 580 226 688 159 681 -1 281 92 361 645 254 633 
620 705 559 393 372 787 589 670 402 734 724 720 234 166 803 691 704 1019 398 825 464 240 502 965 298 911 659 336 827 291 1189 488 532 656 711 180 845 1065 816 503 794 208 940 281 -1 243 627 765 515 912 
381 510 336 186 211 601 348 432 206 491 483 561 227 80 595 448 491 776 173 636 262 98 301 724 146 670 430 95 661 251 946 300 289 420 484 92 614 823 669 270 626 70 696 92 243 -1 384 587 272 675 
59 398 165 276 349 402 49 160 331 108 157 524 521 464 408 64 323 392 277 499 306 427 244 342 380 315 219 290 497 500 561 281 123 91 256 455 266 438 547 146 548 435 319 361 627 384 -1 492 111 302 
550 94 633 642 718 893 520 338 380 528 379 83 813 625 138 507 171 670 422 69 326 533 686 673 696 449 273 553 989 825 771 717 421 582 249 677 708 704 1037 568 56 575 538 645 765 587 492 -1 493 688 
118 399 145 182 261 432 79 207 246 219 235 508 420 353 439 175 340 503 182 516 238 319 193 452 278 413 241 179 519 406 673 226 71 162 292 344 358 550 556 75 547 325 428 254 515 272 111 493 -1 407 
293 609 363 528 580 357 328 377 630 199 317 746 766 756 564 242 524 150 579 667 597 727 441 78 635 285 442 579 446 730 312 472 424 255 445 733 95 185 520 408 743 732 203 633 912 675 302 688 407 -1 
