50
-1 352 607 772 660 335 697 233 379 147 757 536 230 536 718 516 550 195 405 306 149 332 360 567 51 299 322 559 203 398 172 378 380 432 352 691 280 322 142 796 807 326 352 466 137 535 508 451 924 385 
352 -1 442 646 463 621 391 315 62 367 405 354 188 279 386 362 402 191 388 146 479 373 415 332 300 206 31 284 357 49 253 27 325 82 261 593 484 390 228 610 455 213 216 163 312 305 198 298 571 483 
607 442 -1 204 67 659 288 387 382 500 524 787 392 191 376 92 57 570 241 581 642 316 836 746 571 637 440 213 733 418 626 449 763 417 700 170 493 805 573 188 560 650 268 303 477 727 585 161 684 371 
772 646 204 -1 206 748 441 540 586 646 690 991 576 391 534 285 245 763 370 782 778 448 1031 950 742 837 643 408 918 622 815 653 964 622 901 90 598 999 759 131 719 852 458 507 636 931 788 355 832 456 
660 463 67 206 -1 725 244 445 402 559 490 797 438 191 336 145 120 608 306 607 703 380 868 751 621 665 466 203 774 433 666 466 788 427 725 201 559 839 615 147 522 676 312 312 533 734 588 208 641 438 
335 621 659 748 725 -1 860 329 621 254 995 869 439 686 912 589 605 517 419 624 193 350 684 893 368 629 591 717 528 655 506 649 715 688 686 658 168 648 466 823 1045 657 500 671 309 860 808 553 1172 294 
697 391 288 441 244 860 -1 538 338 642 250 653 469 174 93 298 307 577 463 532 784 515 801 590 648 592 410 143 748 345 640 379 697 321 636 445 692 779 605 337 278 593 366 236 599 582 434 311 397 605 
233 315 387 540 445 329 538 -1 300 113 667 628 127 364 584 300 329 291 172 370 258 101 545 629 211 401 287 394 405 340 320 341 520 369 469 457 173 508 261 573 716 426 172 341 96 598 512 245 844 185 
379 62 382 586 402 621 338 300 -1 370 383 409 182 217 342 304 344 239 347 207 494 343 475 379 327 267 72 223 409 44 302 67 387 69 323 535 473 450 269 548 433 275 173 104 316 355 232 242 555 454 
147 367 500 646 559 254 642 113 370 -1 750 632 188 470 681 413 442 278 276 378 145 197 497 647 148 393 336 498 344 402 284 395 497 435 456 561 144 459 233 685 800 420 276 431 55 615 554 357 925 238 
757 405 524 690 490 995 250 667 383 750 -1 518 561 358 157 509 530 589 648 503 877 678 742 440 706 554 435 326 739 359 647 381 623 325 573 690 838 731 632 585 49 543 502 326 698 445 323 495 177 783 
536 354 787 991 797 869 653 628 409 632 518 -1 506 605 601 713 752 354 736 258 685 708 291 82 500 240 367 598 385 369 364 341 182 370 186 944 772 303 403 939 550 212 569 485 582 73 219 651 608 811 
230 188 392 576 438 439 469 127 182 188 561 506 -1 305 499 300 338 193 243 251 320 202 461 502 185 290 160 329 342 217 240 215 415 249 359 504 295 427 183 580 611 312 125 246 136 473 385 231 736 305 
536 279 191 391 191 686 174 364 217 470 358 605 305 -1 234 152 178 443 297 425 614 342 692 559 490 484 287 33 614 244 505 278 604 236 541 361 518 665 461 335 401 493 193 120 429 542 397 142 530 437 
718 386 376 534 336 912 93 584 342 681 157 601 499 234 -1 376 390 577 531 516 819 574 778 532 667 574 410 200 743 337 639 368 668 307 609 537 747 760 611 428 185 570 411 252 633 528 385 376 307 672 
516 362 92 285 145 589 298 300 304 413 509 713 300 152 376 -1 40 480 173 496 558 240 747 678 479 551 357 183 641 343 535 372 678 349 615 231 421 715 481 280 551 566 176 241 387 657 521 70 679 313 
550 402 57 245 120 605 307 329 344 442 530 752 338 178 390 40 -1 520 186 537 585 260 787 716 514 591 398 206 680 383 574 411 718 386 656 192 439 755 520 245 569 606 216 277 419 695 558 110 696 321 
195 191 570 763 608 517 577 291 239 278 589 354 193 443 577 480 520 -1 435 110 342 385 269 376 150 115 167 456 171 240 62 211 228 272 180 695 420 235 52 754 637 142 304 342 230 343 315 410 746 476 
405 388 241 370 306 419 463 172 347 276 648 736 243 297 531 173 186 435 -1 489 411 79 701 721 381 532 370 330 570 392 476 409 658 411 601 285 252 665 417 416 693 554 174 335 268 694 579 154 823 142 
306 146 581 782 607 624 532 370 207 378 503 258 251 425 516 496 537 110 489 -1 452 453 270 269 261 60 140 430 236 188 151 153 182 211 119 723 516 247 163 754 550 69 332 309 327 236 208 428 652 554 
149 479 642 778 703 193 784 258 494 145 877 685 320 614 819 558 585 342 411 452 -1 331 490 716 191 448 448 641 334 521 320 507 525 555 500 690 201 454 289 825 927 475 420 567 186 684 649 503 1049 339 
332 373 316 448 380 350 515 101 343 197 678 708 202 342 574 240 260 385 79 453 331 -1 645 700 312 490 350 375 506 387 419 397 613 411 559 363 181 608 360 495 725 514 179 355 195 672 570 204 856 111 
360 415 836 1031 868 684 801 545 475 497 742 291 461 692 778 747 787 269 701 270 490 645 -1 363 349 209 405 699 157 458 225 422 121 479 170 964 638 37 285 1016 784 208 573 579 465 338 419 677 866 725 
567 332 746 950 751 893 590 629 379 647 440 82 502 559 532 678 716 376 721 269 716 700 363 -1 526 269 351 548 438 336 399 313 246 329 231 909 783 369 427 889 471 242 548 442 595 32 162 621 526 808 
51 300 571 742 621 368 648 211 327 148 706 500 185 490 667 479 514 150 381 261 191 312 349 526 -1 260 270 511 198 346 140 327 353 380 318 663 291 311 98 759 755 288 310 416 119 494 459 412 872 378 
299 206 637 837 665 629 592 401 267 393 554 240 290 484 574 551 591 115 532 60 448 490 209 269 260 -1 198 490 190 248 129 213 128 270 69 775 535 187 162 812 599 27 383 369 345 237 245 482 696 586 
322 31 440 643 466 591 410 287 72 336 435 367 160 287 410 357 398 167 370 140 448 350 405 351 270 198 -1 295 337 76 230 58 322 110 259 586 455 378 201 614 485 210 201 177 281 323 224 291 602 459 
559 284 213 408 203 717 143 394 223 498 326 598 329 33 200 183 206 456 330 430 641 375 699 548 511 490 295 -1 628 245 518 280 607 232 544 384 550 674 477 341 368 497 222 120 456 532 385 175 497 471 
203 357 733 918 774 528 748 405 409 344 739 385 342 614 743 641 680 171 570 236 334 506 157 438 198 190 337 628 -1 406 109 374 206 435 206 845 483 120 159 919 786 209 464 513 317 407 436 571 886 577 
398 49 418 622 433 655 345 340 44 402 359 369 217 244 337 343 383 240 392 188 521 387 458 336 346 248 76 245 406 -1 302 35 362 34 299 575 512 435 277 578 409 252 217 124 348 313 187 284 527 498 
172 253 626 815 666 506 640 320 302 284 647 364 240 505 639 535 574 62 476 151 320 419 225 399 140 129 230 518 109 302 -1 272 213 333 180 744 429 189 59 811 694 156 358 405 245 366 360 465 800 502 
378 27 449 653 466 649 379 341 67 395 381 341 215 278 368 372 411 211 409 153 507 397 422 313 327 213 58 280 374 35 272 -1 327 61 263 603 511 400 251 612 430 217 235 159 340 289 173 310 545 507 
380 325 763 964 788 715 697 520 387 497 623 182 415 604 668 678 718 228 658 182 525 613 121 246 353 128 322 607 206 362 213 327 -1 379 63 903 641 123 265 935 664 112 511 486 454 219 300 609 744 705 
432 82 417 622 427 688 321 369 69 435 325 370 249 236 307 349 386 272 411 211 555 411 479 329 380 270 110 232 435 34 333 61 379 -1 316 579 542 458 310 571 374 272 237 115 381 309 173 294 493 522 
352 261 700 901 725 686 636 469 323 456 573 186 359 541 609 615 656 180 601 119 500 559 170 231 318 69 259 544 206 299 180 263 63 316 -1 842 600 159 223 872 615 49 450 423 410 200 251 547 702 655 
691 593 170 90 201 658 445 457 535 561 690 944 504 361 537 231 192 695 285 723 690 363 964 909 663 775 586 384 845 575 744 603 903 579 842 -1 509 930 687 192 723 792 393 468 554 888 750 295 843 366 
280 484 493 598 559 168 692 173 473 144 838 772 295 518 747 421 439 420 252 516 201 181 638 783 291 535 455 550 483 512 429 511 641 542 600 509 -1 600 377 663 887 562 337 511 190 752 679 384 1015 144 
322 390 805 999 839 648 779 508 450 459 731 303 427 665 760 715 755 235 665 247 454 608 37 369 311 187 378 674 120 435 189 400 123 458 159 930 600 -1 248 986 774 190 540 554 427 343 411 645 861 687 
142 228 573 759 615 466 605 261 269 233 632 403 183 461 611 481 520 52 417 163 289 360 285 427 98 162 201 477 159 277 59 251 265 310 223 687 377 248 -1 759 681 190 304 369 189 395 366 411 793 444 
796 610 188 131 147 823 337 573 548 685 585 939 580 335 428 280 245 754 416 754 825 495 1016 889 759 812 614 341 919 578 811 612 935 571 872 192 663 986 759 -1 609 823 455 456 664 874 727 349 716 529 
807 455 560 719 522 1045 278 716 433 800 49 550 611 401 185 551 569 637 693 550 927 725 784 471 755 599 485 368 786 409 694 430 664 374 615 723 887 774 681 609 -1 587 550 375 747 478 364 539 130 830 
326 213 650 852 676 657 593 426 275 420 543 212 312 493 570 566 606 142 554 69 475 514 208 242 288 27 210 497 209 252 156 217 112 272 49 792 562 190 190 823 587 -1 400 376 372 210 229 498 681 611 
352 216 268 458 312 500 366 172 173 276 502 569 125 193 411 176 216 304 174 332 420 179 573 548 310 383 201 222 464 217 358 235 511 237 450 393 337 540 304 455 550 400 -1 176 236 522 405 106 680 289 
466 163 303 507 312 671 236 341 104 431 326 485 246 120 252 241 277 342 335 309 567 355 579 442 416 369 177 120 513 124 405 159 486 115 423 468 511 554 369 456 375 376 176 -1 382 423 282 196 503 463 
137 312 477 636 533 309 599 96 316 55 698 582 136 429 633 387 419 230 268 327 186 195 465 595 119 345 281 456 317 348 245 340 454 381 410 554 190 427 189 664 747 372 236 382 -1 563 499 326 872 260 
535 305 727 931 734 860 582 598 355 615 445 73 473 542 528 657 695 343 694 236 684 672 338 32 494 237 323 532 407 313 366 289 219 309 200 888 752 343 395 874 478 210 522 423 563 -1 149 598 540 778 
508 198 585 788 588 808 434 512 232 554 323 219 385 397 385 521 558 315 579 208 649 570 419 162 459 245 224 385 436 187 360 173 300 173 251 750 679 411 366 727 364 229 405 282 499 149 -1 467 451 681 
451 298 161 355 208 553 311 245 242 357 495 651 231 142 376 70 110 410 154 428 503 204 677 621 412 482 291 175 571 284 465 310 609 294 547 295 384 645 411 349 539 498 106 196 326 598 467 -1 670 295 
924 571 684 832 641 1172 397 844 555 925 177 608 736 530 307 679 696 746 823 652 1049 856 866 526 872 696 602 497 886 527 800 545 744 493 702 843 1015 861 793 716 130 681 680 503 872 540 451 670 -1 960 
385 483 371 456 438 294 605 185 454 238 783 811 305 437 672 313 321 476 142 554 339 111 725 808 378 586 459 471 577 498 502 507 705 522 655 366 144 687 444 529 830 611 289 463 260 778 681 295 960 -1 
