50
-1 330 849 624 313 307 303 95 532 152 730 538 580 474 440 713 305 323 647 463 520 752 486 792 475 109 391 252 545 663 588 291 477 625 591 262 190 652 567 714 279 214 152 726 264 82 627 734 431 631 
330 -1 632 442 577 94 436 251 213 228 467 232 633 180 345 831 411 557 409 400 438 556 160 619 173 342 164 155 269 498 349 450 341 482 681 124 520 401 702 478 575 181 352 795 97 278 609 607 122 563 
849 632 -1 227 892 726 680 820 476 828 198 433 585 459 425 778 649 840 223 431 382 104 526 124 684 779 483 785 763 205 283 711 377 256 662 608 1013 235 747 156 945 802 750 670 622 767 454 235 663 364 
624 442 227 -1 672 537 459 602 344 616 199 299 420 294 198 634 426 622 115 213 174 128 378 178 536 551 280 586 629 59 129 490 149 76 496 394 785 143 570 135 721 598 523 544 412 542 310 180 502 220 
313 577 892 672 -1 590 212 402 734 462 838 722 415 658 477 463 245 56 743 460 510 787 704 798 745 241 553 552 830 686 697 181 532 636 386 463 269 758 323 796 80 518 224 516 483 313 521 706 696 570 
307 94 726 537 590 -1 479 215 289 173 557 316 701 270 429 890 460 580 502 482 523 651 232 714 169 349 257 73 241 593 443 488 431 575 743 186 488 494 755 571 575 111 370 863 156 277 689 699 130 649 
303 436 680 459 212 479 -1 356 554 408 628 534 278 473 265 421 34 164 532 248 300 576 534 590 609 194 368 467 705 475 489 31 320 425 289 311 382 549 279 584 266 444 151 423 339 248 345 503 559 375 
95 251 820 602 402 215 356 -1 461 59 684 473 623 413 434 776 350 405 608 468 523 728 411 776 384 173 343 157 451 647 547 351 462 614 644 213 273 609 631 677 373 118 210 776 205 107 652 730 343 641 
532 213 476 344 734 289 554 461 -1 441 286 45 671 81 356 887 522 703 262 413 424 425 57 499 208 520 185 360 290 403 217 577 319 409 735 279 722 244 780 321 748 392 517 824 269 468 604 524 192 532 
152 228 828 616 462 173 408 59 441 -1 681 458 670 401 460 829 400 465 611 500 552 740 388 792 340 231 345 106 400 664 550 406 483 635 695 222 319 609 685 680 431 65 267 826 206 162 691 754 303 674 
730 467 198 199 838 557 628 684 286 681 -1 247 619 286 364 833 594 793 96 397 368 186 340 261 494 679 341 622 567 231 144 658 308 271 695 471 909 80 767 73 878 645 660 740 478 652 507 335 477 415 
538 232 433 299 722 316 534 473 45 458 247 -1 636 65 322 853 502 688 217 378 386 380 93 454 251 516 169 385 335 358 172 559 282 365 702 279 727 200 751 277 741 413 510 787 274 469 565 479 230 490 
580 633 585 420 415 701 278 623 671 670 619 636 -1 593 315 218 274 360 531 258 259 490 674 467 794 471 505 708 895 399 516 295 355 351 77 516 648 556 163 553 492 694 427 161 546 518 134 356 745 220 
474 180 459 294 658 270 473 413 81 401 286 65 593 -1 277 807 442 625 236 335 351 393 87 462 241 451 105 336 336 353 180 497 245 351 655 214 663 225 699 302 676 360 445 748 210 404 532 472 209 464 
440 345 425 198 477 429 265 434 356 460 364 322 315 277 -1 531 231 429 268 58 94 322 360 353 490 357 195 459 591 226 230 295 56 185 379 251 590 286 432 319 523 459 326 471 278 358 265 296 444 220 
713 831 778 634 463 890 421 776 887 829 833 853 218 807 531 -1 433 420 747 475 477 691 887 655 997 607 715 885 1098 607 735 424 573 562 152 708 729 773 147 765 542 865 566 118 738 668 328 542 948 422 
305 411 649 426 245 460 34 350 522 400 594 502 274 442 231 433 -1 198 498 217 270 544 504 561 584 197 336 452 681 444 455 64 287 395 294 286 400 515 295 551 296 431 154 426 315 244 329 477 533 352 
323 557 840 622 56 580 164 405 703 465 793 688 360 625 429 420 198 -1 697 410 458 736 677 744 729 235 519 548 818 634 653 134 485 584 334 439 309 713 277 748 132 516 209 465 462 308 465 651 679 515 
647 409 223 115 743 502 532 608 262 611 96 217 531 236 268 747 498 697 -1 301 275 162 307 238 467 590 265 562 552 163 60 562 212 192 606 394 822 27 675 69 783 581 569 659 405 567 425 281 442 336 
463 400 431 213 460 482 248 468 413 500 397 378 258 335 58 475 217 410 301 -1 57 327 419 345 548 372 254 507 649 226 272 280 99 177 324 299 601 323 381 344 514 504 336 412 328 384 208 271 502 174 
520 438 382 174 510 523 300 523 424 552 368 386 259 351 94 477 270 458 275 57 -1 278 438 290 576 429 282 553 676 176 257 331 106 125 332 346 658 299 399 308 567 553 394 402 373 440 180 214 532 125 
752 556 104 128 787 651 576 728 425 740 186 380 490 393 322 691 544 736 162 327 278 -1 469 77 629 678 399 705 715 101 213 607 276 152 567 518 912 183 650 116 841 719 649 588 535 670 363 158 602 271 
486 160 526 378 704 232 534 411 57 388 340 93 674 87 360 887 504 677 307 419 438 469 -1 541 160 482 173 304 250 438 257 555 332 438 735 242 677 292 774 370 714 336 484 831 228 426 618 557 137 552 
792 619 124 178 798 714 590 776 499 792 261 454 467 462 353 655 561 744 238 345 290 77 541 -1 701 711 458 764 789 129 284 621 315 169 542 571 943 260 630 193 857 776 678 546 590 710 334 112 672 248 
475 173 684 536 745 169 609 384 208 340 494 251 794 241 490 997 584 729 467 548 576 629 160 701 -1 506 294 236 101 595 417 623 472 592 846 297 657 451 872 529 737 276 521 954 270 438 754 713 50 696 
109 342 779 551 241 349 194 173 520 231 679 516 471 451 357 607 197 235 590 372 429 678 482 711 506 -1 354 313 589 584 535 183 402 542 482 240 234 599 461 654 233 281 43 617 254 73 523 643 458 532 
391 164 483 280 553 257 368 343 185 345 341 169 505 105 195 715 336 519 265 254 282 399 173 458 294 354 -1 306 395 335 204 391 181 318 562 130 575 265 601 335 574 320 344 663 139 315 460 442 250 405 
252 155 785 586 552 73 467 157 360 106 622 385 708 336 459 885 452 548 562 507 553 705 304 764 236 313 306 -1 294 640 502 471 469 618 743 207 425 556 746 632 529 41 341 869 181 240 710 741 202 679 
545 269 763 629 830 241 705 451 290 400 567 335 895 336 591 1098 681 818 552 649 676 715 250 789 101 589 395 294 -1 688 506 717 572 688 946 394 719 533 971 610 816 335 608 1056 366 518 855 808 149 796 
663 498 205 59 686 593 475 647 403 664 231 358 399 353 226 607 444 634 163 226 176 101 438 129 595 584 335 640 688 -1 187 506 186 51 476 443 817 190 556 159 740 650 553 510 463 581 279 121 562 185 
588 349 283 129 697 443 489 547 217 550 144 172 516 180 230 735 455 653 60 272 257 213 257 284 417 535 204 502 506 187 -1 518 175 201 589 334 765 63 653 130 734 520 515 654 344 509 422 308 389 338 
291 450 711 490 181 488 31 351 577 406 658 559 295 497 295 424 64 134 562 280 331 607 555 621 623 183 391 471 717 506 518 -1 351 456 299 327 357 578 279 615 235 446 141 435 353 244 371 534 573 404 
477 341 377 149 532 431 320 462 319 483 308 282 355 245 56 573 287 485 212 99 106 276 332 315 472 402 181 469 572 186 175 351 -1 152 423 264 636 230 481 264 577 474 374 505 288 395 286 273 429 224 
625 482 256 76 636 575 425 614 409 635 271 365 351 351 185 562 395 584 192 177 125 152 438 169 592 542 318 618 688 51 201 456 152 -1 428 416 774 219 506 202 692 624 509 469 438 543 235 124 555 144 
591 681 662 496 386 743 289 644 735 695 695 702 77 655 379 152 294 334 606 324 332 567 735 542 846 482 562 743 946 476 589 299 423 428 -1 559 636 631 92 630 466 725 439 136 589 537 208 431 797 297 
262 124 608 394 463 186 311 213 279 222 471 279 516 214 251 708 286 439 394 299 346 518 242 571 297 240 130 207 394 443 334 327 264 416 559 -1 449 395 578 463 471 209 241 677 30 190 505 537 247 471 
190 520 1013 785 269 488 382 273 722 319 909 727 648 663 590 729 400 309 822 601 658 912 677 943 657 234 575 425 719 817 765 357 636 774 636 449 -1 829 586 887 196 384 264 771 453 259 727 871 617 752 
652 401 235 143 758 494 549 609 244 609 80 200 556 225 286 773 515 713 27 323 299 183 292 260 451 599 265 556 533 190 63 578 230 219 631 395 829 -1 699 78 797 577 579 686 404 573 452 307 428 363 
567 702 747 570 323 755 279 631 780 685 767 751 163 699 432 147 295 277 675 381 399 650 774 630 872 461 601 746 971 556 653 279 481 506 92 578 586 699 -1 705 403 723 420 196 607 523 297 519 822 382 
714 478 156 135 796 571 584 677 321 680 73 277 553 302 319 765 551 748 69 344 308 116 370 193 529 654 335 632 610 159 130 615 264 202 630 463 887 78 705 -1 841 651 631 670 474 634 437 261 506 345 
279 575 945 721 80 575 266 373 748 431 878 741 492 676 523 542 296 132 783 514 567 841 714 857 737 233 574 529 816 740 734 235 577 692 466 471 196 797 403 841 -1 492 231 596 487 299 593 769 690 636 
214 181 802 598 518 111 444 118 392 65 645 413 694 360 459 865 431 516 581 504 553 719 336 776 276 281 320 41 335 650 520 446 474 624 725 209 384 577 723 651 492 -1 312 853 186 208 703 747 241 677 
152 352 750 523 224 370 151 210 517 267 660 510 427 445 326 566 154 209 569 336 394 649 484 678 521 43 344 341 608 553 515 141 374 509 439 241 264 579 420 631 231 312 -1 574 259 104 481 608 472 493 
726 795 670 544 516 863 423 776 824 826 740 787 161 748 471 118 426 465 659 412 402 588 831 546 954 617 663 869 1056 510 654 435 505 469 136 677 771 686 196 670 596 853 574 -1 708 670 233 435 907 325 
264 97 622 412 483 156 339 205 269 206 478 274 546 210 278 738 315 462 405 328 373 535 228 590 270 254 139 181 366 463 344 353 288 438 589 30 453 404 607 474 487 186 259 708 -1 198 534 561 220 498 
82 278 767 542 313 277 248 107 468 162 652 469 518 404 358 668 244 308 567 384 440 670 426 710 438 73 315 240 518 581 509 244 395 543 537 190 259 573 523 634 299 208 104 670 198 -1 555 653 391 553 
627 609 454 310 521 689 345 652 604 691 507 565 134 532 265 328 329 465 425 208 180 363 618 334 754 523 460 710 855 279 422 371 286 235 208 505 727 452 297 437 593 703 481 233 534 555 -1 222 709 93 
734 607 235 180 706 699 503 730 524 754 335 479 356 472 296 542 477 651 281 271 214 158 557 112 713 643 442 741 808 121 308 534 273 124 431 537 871 307 519 261 769 747 608 435 561 653 222 -1 678 140 
431 122 663 502 696 130 559 343 192 303 477 230 745 209 444 948 533 679 442 502 532 602 137 672 50 458 250 202 149 562 389 573 429 555 797 247 617 428 822 506 690 241 472 907 220 391 709 678 -1 654 
631 563 364 220 570 649 375 641 532 674 415 490 220 464 220 422 352 515 336 174 125 271 552 248 696 532 405 679 796 185 338 404 224 144 297 471 752 363 382 345 636 677 493 325 498 553 93 140 654 -1 
