50
-1 581 785 553 775 117 444 317 144 744 351 172 346 261 662 287 718 524 559 700 821 388 289 666 85 68 427 379 333 594 666 460 759 568 322 596 632 767 228 379 825 511 673 577 389 402 505 429 808 619 
581 -1 839 572 1093 638 778 500 659 1121 241 748 585 513 506 294 657 621 136 688 681 269 584 276 658 588 168 548 394 676 995 475 741 705 563 829 731 686 794 500 860 935 458 627 809 373 477 505 808 639 
785 839 -1 279 435 902 419 485 686 535 710 890 439 532 353 746 200 268 704 153 269 621 495 618 847 720 725 413 539 196 412 394 117 217 464 263 152 200 950 433 41 543 416 231 530 507 373 392 75 204 
553 572 279 -1 557 670 336 236 488 617 431 688 229 292 175 469 164 77 443 152 275 341 285 392 627 496 447 179 264 106 480 115 213 148 242 290 159 214 751 175 309 510 229 54 431 228 95 126 273 76 
775 1093 435 557 -1 868 342 605 633 116 890 795 520 616 714 889 595 487 978 536 695 828 545 949 797 708 938 547 707 458 109 625 536 409 547 269 417 617 839 594 461 290 777 508 388 719 637 589 510 522 
117 638 902 670 868 -1 547 434 237 827 427 130 463 379 775 356 835 642 638 818 937 481 406 758 71 181 500 497 442 712 760 575 877 684 439 706 749 884 160 496 942 592 782 695 480 510 620 546 925 736 
444 778 419 336 342 547 -1 278 310 345 559 500 193 278 511 551 460 260 678 412 581 509 205 687 481 375 615 236 384 287 234 347 451 230 216 170 289 503 555 285 461 176 561 312 111 413 377 300 471 350 
317 500 485 236 605 434 278 -1 268 623 284 458 85 57 358 289 400 216 407 385 505 231 92 445 393 262 337 72 106 289 502 149 445 278 62 359 335 450 521 62 522 437 382 264 316 149 195 112 498 304 
144 659 686 488 633 237 310 268 -1 600 418 204 260 213 626 371 650 442 609 623 763 424 203 687 170 86 493 309 330 506 524 417 678 469 245 472 535 700 266 327 727 366 650 499 246 396 463 376 719 543 
744 1121 535 617 116 827 345 623 600 -1 905 740 537 623 784 895 679 542 1015 620 785 853 549 1003 755 682 960 574 728 527 137 668 628 472 561 329 493 706 778 623 564 235 844 573 356 751 688 627 609 594 
351 241 710 431 890 427 559 284 418 905 -1 522 370 283 443 73 563 456 210 575 628 94 356 339 433 350 76 346 186 523 787 316 635 535 344 638 577 604 575 304 741 705 423 480 576 203 340 327 699 507 
172 748 890 688 795 130 500 458 204 740 522 -1 463 401 815 456 852 646 731 826 962 560 405 837 90 200 598 509 495 710 690 607 882 673 446 668 740 901 62 520 931 508 832 702 413 565 654 570 923 746 
346 585 439 229 520 463 193 85 260 537 370 463 -1 103 382 370 390 182 487 362 504 316 58 510 411 282 423 58 191 249 417 182 419 223 28 280 286 439 526 100 479 357 418 239 242 224 224 134 463 282 
261 513 532 292 616 379 278 57 213 623 283 401 103 -1 415 273 456 266 432 439 562 248 73 485 336 205 345 119 130 338 510 206 498 320 74 384 380 506 464 119 571 423 437 316 296 188 252 169 549 358 
662 506 353 175 714 775 511 358 626 784 443 815 382 415 -1 502 156 253 369 201 185 349 431 265 744 616 429 325 334 257 647 209 242 313 387 455 298 180 878 299 366 685 64 212 603 269 162 252 308 191 
287 294 746 469 889 356 551 289 371 895 73 456 370 273 502 -1 611 483 282 618 685 155 346 413 366 295 144 358 207 553 783 353 679 557 342 648 605 655 506 322 778 684 487 515 554 245 383 354 741 545 
718 657 200 164 595 835 460 400 650 679 563 852 390 456 156 611 -1 213 520 58 121 468 447 421 792 661 562 343 416 172 543 267 86 232 406 358 188 49 915 339 210 622 217 155 566 366 229 289 152 112 
524 621 268 77 487 642 260 216 442 542 456 646 182 266 253 483 213 -1 498 180 333 373 241 462 593 463 484 146 275 72 405 146 236 83 203 218 122 261 708 164 305 433 307 58 358 257 150 129 283 102 
559 136 704 443 978 638 678 407 609 1015 210 731 487 432 369 282 520 498 -1 553 545 186 497 157 642 550 139 442 303 548 885 354 605 581 469 711 602 549 785 393 725 844 322 497 723 265 349 389 672 507 
700 688 153 152 536 818 412 385 623 620 575 826 362 439 201 618 58 180 553 -1 172 482 421 465 771 640 582 321 416 125 485 265 61 182 381 301 131 92 888 325 172 569 265 123 520 373 235 278 124 81 
821 681 269 275 695 937 581 505 763 785 628 962 504 562 185 685 121 333 545 172 -1 533 561 419 898 768 614 454 504 293 653 362 158 352 518 472 303 80 1025 443 260 741 223 275 687 446 318 393 198 232 
388 269 621 341 828 481 509 231 424 853 94 560 316 248 349 155 468 373 186 482 533 -1 317 277 474 370 111 280 124 438 728 229 542 455 294 568 492 510 617 234 650 667 332 393 543 116 248 247 607 416 
289 584 495 285 545 406 205 92 203 549 356 405 58 73 431 346 447 241 497 421 561 317 -1 537 353 224 417 108 194 307 438 225 477 278 43 321 343 497 467 136 536 351 463 297 226 241 270 179 522 340 
666 276 618 392 949 758 687 445 687 1003 339 837 510 485 265 413 421 462 157 465 419 277 537 -1 751 643 282 455 358 495 867 340 508 540 500 681 544 439 894 409 632 861 205 444 753 296 315 386 573 439 
85 658 847 627 797 71 481 393 170 755 433 90 411 336 744 366 792 593 642 771 898 474 353 751 -1 131 509 450 417 661 690 539 829 630 390 642 695 842 143 455 888 520 757 647 409 486 585 505 875 690 
68 588 720 496 708 181 375 262 86 682 350 200 282 205 616 295 661 463 550 640 768 370 224 643 131 -1 426 319 296 531 599 409 699 503 259 528 568 711 262 324 760 450 632 517 325 365 455 375 745 559 
427 168 725 447 938 500 615 337 493 960 76 598 423 345 429 144 562 484 139 582 614 111 417 282 509 426 -1 391 232 546 838 338 640 566 399 680 601 600 650 345 752 768 398 500 641 226 352 359 706 520 
379 548 413 179 547 497 236 72 309 574 346 509 58 119 325 358 343 146 442 321 454 280 108 455 450 319 391 -1 160 218 448 123 380 205 64 292 262 392 572 49 451 407 360 198 298 177 165 75 430 240 
333 394 539 264 707 442 384 106 330 728 186 495 191 130 334 207 416 275 303 416 504 124 194 358 417 296 232 160 -1 346 606 150 477 351 169 452 398 463 556 117 572 543 340 308 420 69 188 146 537 340 
594 676 196 106 458 712 287 289 506 527 523 710 249 338 257 553 172 72 548 125 293 438 307 495 661 531 546 218 346 -1 389 208 173 60 272 198 54 215 772 237 233 450 318 51 394 322 199 199 214 68 
666 995 412 480 109 760 234 502 524 137 787 690 417 510 647 783 543 405 885 485 653 728 438 867 690 599 838 448 606 389 -1 535 497 334 443 191 357 573 737 495 445 195 707 435 280 623 552 496 484 457 
460 475 394 115 625 575 347 149 417 668 316 607 182 206 209 353 267 146 354 265 362 229 225 340 539 409 338 123 150 208 535 -1 327 230 182 357 262 314 670 90 425 522 237 164 420 114 46 48 388 191 
759 741 117 213 536 877 451 445 678 628 635 882 419 498 242 679 86 236 605 61 158 542 477 508 829 699 640 380 477 173 497 327 -1 223 439 323 162 83 944 386 123 600 303 182 562 434 295 339 67 141 
568 705 217 148 409 684 230 278 469 472 535 673 223 320 313 557 232 83 581 182 352 455 278 540 630 503 566 205 351 60 334 230 223 -1 249 143 66 273 734 235 258 390 372 101 339 339 232 207 252 128 
322 563 464 242 547 439 216 62 245 561 344 446 28 74 387 342 406 203 469 381 518 294 43 500 390 259 399 64 169 272 443 182 439 249 -1 309 311 455 508 94 503 374 420 257 255 208 226 136 486 300 
596 829 263 290 269 706 170 359 472 329 638 668 280 384 455 648 358 218 711 301 472 568 321 681 642 528 680 292 452 198 191 357 323 143 309 -1 170 391 724 335 303 281 515 244 276 456 368 324 325 266 
632 731 152 159 417 749 289 335 535 493 577 740 286 380 298 605 188 122 602 131 303 492 343 544 695 568 601 262 398 54 357 262 162 66 311 170 -1 223 801 286 192 439 361 104 400 376 254 251 186 106 
767 686 200 214 617 884 503 450 700 706 604 901 439 506 180 655 49 261 549 92 80 510 497 439 842 711 600 392 463 215 573 314 83 273 455 391 223 -1 964 388 200 661 234 203 610 411 275 338 138 159 
228 794 950 751 839 160 555 521 266 778 575 62 526 464 878 506 915 708 785 888 1025 617 467 894 143 262 650 572 556 772 737 670 944 734 508 724 801 964 -1 583 991 550 894 765 463 626 716 633 985 808 
379 500 433 175 594 496 285 62 327 623 304 520 100 119 299 322 339 164 393 325 443 234 136 409 455 324 345 49 117 237 495 90 386 235 94 335 286 388 583 -1 468 455 327 206 343 128 136 50 441 245 
825 860 41 309 461 942 461 522 727 564 741 931 479 571 366 778 210 305 725 172 260 650 536 632 888 760 752 451 572 233 445 425 123 258 503 303 192 200 991 468 -1 582 427 264 571 537 401 427 62 234 
511 935 543 510 290 592 176 437 366 235 705 508 357 423 685 684 622 433 844 569 741 667 351 861 520 450 768 407 543 450 195 522 600 390 374 281 439 661 550 455 582 -1 737 481 130 581 554 475 606 516 
673 458 416 229 777 782 561 382 650 844 423 832 418 437 64 487 217 307 322 265 223 332 463 205 757 632 398 360 340 318 707 237 303 372 420 515 361 234 894 327 427 737 -1 271 648 272 194 284 368 254 
577 627 231 54 508 695 312 264 499 573 480 702 239 316 212 515 155 58 497 123 275 393 297 444 647 517 500 198 308 51 435 164 182 101 257 244 104 203 765 206 264 481 271 -1 414 278 150 163 234 43 
389 809 530 431 388 480 111 316 246 356 576 413 242 296 603 554 566 358 723 520 687 543 226 753 409 325 641 298 420 394 280 420 562 339 255 276 400 610 463 343 571 130 648 414 -1 464 457 371 582 454 
402 373 507 228 719 510 413 149 396 751 203 565 224 188 269 245 366 257 265 373 446 116 241 296 486 365 226 177 69 322 623 114 434 339 208 456 376 411 626 128 537 581 272 278 464 -1 139 133 497 303 
505 477 373 95 637 620 377 195 463 688 340 654 224 252 162 383 229 150 349 235 318 248 270 315 585 455 352 165 188 199 552 46 295 232 226 368 254 275 716 136 401 554 194 150 457 139 -1 90 359 168 
429 505 392 126 589 546 300 112 376 627 327 570 134 169 252 354 289 129 389 278 393 247 179 386 505 375 359 75 146 199 496 48 339 207 136 324 251 338 633 50 427 475 284 163 371 133 90 -1 396 198 
808 808 75 273 510 925 471 498 719 609 699 923 463 549 308 741 152 283 672 124 198 607 522 573 875 745 706 430 537 214 484 388 67 252 486 325 186 138 985 441 62 606 368 234 582 497 359 396 -1 197 
619 639 204 76 522 736 350 304 543 594 507 746 282 358 191 545 112 102 507 81 232 416 340 439 690 559 520 240 340 68 457 191 141 128 300 266 106 159 808 245 234 516 254 43 454 303 168 198 197 -1 
