50
-1 553 416 610 553 253 781 214 139 514 615 336 56 403 705 599 792 543 705 644 678 438 726 551 155 354 763 633 941 239 341 883 697 334 146 838 727 643 789 171 561 50 535 712 323 641 581 661 426 485 
553 -1 750 758 864 331 253 495 413 614 826 218 532 241 414 484 479 217 192 418 302 745 580 109 566 353 396 342 713 575 521 590 189 574 509 722 629 689 591 431 411 550 613 160 695 488 89 627 642 438 
416 750 -1 257 138 442 890 625 456 261 220 593 371 512 646 467 715 609 940 568 694 35 549 685 267 400 736 611 756 201 232 761 805 177 309 599 513 355 626 556 484 467 285 897 93 512 725 427 144 393 
610 758 257 -1 225 528 824 795 598 144 91 666 556 524 512 330 558 565 949 441 600 222 357 666 456 424 608 510 534 371 293 573 750 278 472 364 303 128 430 710 382 660 146 879 328 363 706 223 184 322 
553 864 138 225 -1 570 981 763 593 301 146 721 509 623 703 518 762 704 1056 627 771 125 572 790 406 510 798 683 759 338 343 789 899 294 446 589 523 349 648 694 551 603 320 1005 230 558 831 439 224 469 
253 331 442 528 570 -1 536 318 130 394 570 150 216 149 463 393 551 289 510 410 425 446 522 305 234 133 513 386 725 250 239 649 449 277 177 652 539 509 573 223 338 271 405 490 374 427 339 493 366 285 
781 253 890 824 981 536 -1 747 643 692 907 459 751 400 346 500 365 281 277 396 230 876 543 231 762 501 273 317 599 748 659 460 87 717 708 668 606 723 520 678 442 786 681 164 856 480 201 639 759 513 
214 495 625 795 763 318 747 -1 202 680 813 296 254 444 769 711 856 570 598 724 708 644 840 536 358 450 804 689 1042 434 506 959 673 516 326 968 856 805 891 94 655 167 696 638 533 745 553 803 613 601 
139 413 456 598 593 130 643 202 -1 479 624 197 124 276 593 514 681 414 570 539 552 470 643 413 198 254 642 516 851 255 306 778 559 324 148 768 655 603 699 111 464 145 494 573 372 551 442 601 420 402 
514 614 261 144 301 394 692 680 479 -1 216 527 458 380 401 216 462 425 806 326 473 231 288 524 368 282 496 384 497 286 175 501 614 185 369 351 255 128 365 590 253 560 25 737 292 258 563 171 123 182 
615 826 220 91 146 570 907 813 624 216 -1 715 564 587 602 418 650 641 1018 530 686 188 449 739 460 481 698 596 622 379 331 664 830 301 486 449 394 219 522 733 466 666 226 953 306 453 779 314 205 398 
336 218 593 666 721 150 459 296 197 527 715 -1 319 179 491 477 574 281 374 459 417 596 599 240 370 245 515 410 781 398 386 683 380 427 312 738 630 632 636 219 409 331 534 376 522 500 260 599 514 387 
56 532 371 556 509 216 751 254 124 458 564 319 -1 363 656 545 743 502 693 593 635 391 671 520 104 304 717 585 887 185 284 832 665 279 89 782 671 586 735 192 508 103 478 692 279 587 552 604 372 431 
403 241 512 524 623 149 400 444 276 380 587 179 363 -1 324 298 411 139 434 284 276 505 420 176 362 112 366 244 605 350 281 515 312 335 310 559 452 470 458 353 230 420 382 385 464 321 216 426 400 217 
705 414 646 512 703 463 346 769 593 401 602 491 656 324 -1 185 88 215 561 77 123 622 197 307 618 351 95 81 300 569 446 191 297 498 581 325 261 396 182 678 165 731 383 458 643 149 327 304 502 258 
599 484 467 330 518 393 500 711 514 216 418 477 545 298 185 -1 248 269 663 112 272 441 129 379 485 260 281 183 342 421 291 303 432 335 460 262 153 223 190 616 73 635 197 576 475 46 413 144 322 114 
792 479 715 558 762 551 365 856 681 462 650 574 743 411 88 248 -1 294 608 154 177 689 211 376 703 438 93 166 239 651 525 112 336 576 667 310 276 435 163 765 244 819 441 499 719 204 390 339 570 337 
543 217 609 565 704 289 281 570 414 425 641 281 502 139 215 269 294 -1 394 203 139 596 363 109 494 223 234 135 513 471 378 404 196 435 445 506 412 482 380 483 197 559 418 314 576 271 144 413 480 243 
705 192 940 949 1056 510 277 598 570 806 1018 374 693 434 561 663 608 394 -1 583 438 937 745 286 742 546 517 502 848 759 713 714 273 765 684 883 800 875 743 558 592 691 803 114 881 660 250 808 835 628 
644 418 568 441 627 410 396 724 539 326 530 459 593 284 77 112 154 203 583 -1 165 545 162 309 549 290 170 82 321 496 371 239 334 422 515 303 217 331 178 631 90 673 308 487 567 84 337 243 425 183 
678 302 694 600 771 425 230 708 552 473 686 417 635 276 123 272 177 139 438 165 -1 676 317 200 617 341 99 89 414 583 474 288 173 530 572 449 378 495 305 622 220 697 460 334 676 250 213 409 555 303 
438 745 35 222 125 446 876 644 470 231 188 596 391 505 622 441 689 596 937 545 676 -1 519 676 286 393 714 591 723 214 224 732 792 172 323 565 481 321 596 572 462 489 255 890 119 486 717 395 121 373 
726 580 549 357 572 522 543 840 643 288 449 599 671 420 197 129 211 363 745 162 317 519 -1 471 605 390 282 242 218 536 406 216 490 444 585 142 65 230 77 745 190 763 264 647 574 98 500 134 409 242 
551 109 685 666 790 305 231 536 413 524 739 240 520 176 307 379 376 109 286 309 200 676 471 -1 533 286 298 233 607 526 453 488 145 508 479 612 521 589 482 458 306 558 520 215 640 380 40 523 566 343 
155 566 267 456 406 234 762 358 198 368 460 370 104 362 618 485 703 494 742 549 617 286 605 533 -1 276 690 556 824 84 202 782 674 184 57 706 597 496 674 289 460 205 390 725 177 530 570 524 272 373 
354 353 400 424 510 133 501 450 254 282 481 245 304 112 351 260 438 223 546 290 341 393 390 286 276 -1 415 282 596 248 168 529 413 222 232 519 406 387 444 356 210 383 288 497 356 296 326 362 289 152 
763 396 736 608 798 513 273 804 642 496 698 515 717 366 95 281 93 234 517 170 99 714 282 298 690 415 -1 134 331 647 529 198 244 583 648 397 348 491 248 717 252 784 478 406 729 245 307 398 593 345 
633 342 611 510 683 386 317 689 516 384 596 410 585 244 81 183 166 135 502 82 89 591 242 233 556 282 134 -1 378 513 397 272 253 452 515 382 299 406 248 598 131 657 370 405 598 164 259 322 470 218 
941 713 756 534 759 725 599 1042 851 497 622 781 887 605 300 342 239 513 848 321 414 723 218 607 824 596 331 378 -1 755 625 139 575 661 802 176 242 410 152 948 387 977 472 738 788 301 625 328 621 456 
239 575 201 371 338 250 748 434 255 286 379 398 185 350 569 421 651 471 759 496 583 214 536 526 84 248 647 513 755 -1 130 723 660 101 109 629 523 414 607 358 406 288 309 729 124 467 565 447 187 314 
341 521 232 293 343 239 659 506 306 175 331 386 284 281 446 291 525 378 713 371 474 224 406 453 202 168 529 397 625 130 -1 594 573 57 194 503 395 303 477 418 281 385 194 666 201 337 493 323 127 188 
883 590 761 573 789 649 460 959 778 501 664 683 832 515 191 303 112 404 714 239 288 732 216 488 782 529 198 272 139 723 594 -1 441 639 752 261 270 445 142 867 323 913 477 603 778 256 501 350 619 409 
697 189 805 750 899 449 87 673 559 614 830 380 665 312 297 432 336 196 273 334 173 792 490 145 674 413 244 253 575 660 573 441 -1 631 621 623 550 655 478 600 369 703 605 162 769 417 120 574 676 433 
334 574 177 278 294 277 717 516 324 185 301 427 279 335 498 335 576 435 765 422 530 172 444 508 184 222 583 452 661 101 57 639 631 -1 193 530 426 313 517 433 333 382 208 720 145 382 549 348 96 239 
146 509 309 472 446 177 708 326 148 369 486 312 89 310 581 460 667 445 684 515 572 323 585 479 57 232 648 515 802 109 194 752 621 193 -1 693 583 497 650 248 428 191 389 668 223 503 514 515 288 346 
838 722 599 364 589 652 668 968 768 351 449 738 782 559 325 262 310 506 883 303 449 565 142 612 706 519 397 382 176 629 503 261 623 530 693 -1 112 245 148 874 329 879 326 783 643 240 640 182 473 366 
727 629 513 303 523 539 606 856 655 255 394 630 671 452 261 153 276 412 800 217 378 481 65 521 597 406 348 299 242 523 395 270 550 426 583 112 -1 175 128 761 224 767 230 705 547 141 552 86 379 254 
643 689 355 128 349 509 723 805 603 128 219 632 586 470 396 223 435 482 875 331 495 321 230 589 496 387 491 406 410 414 303 445 655 313 497 245 175 -1 302 714 287 689 109 794 406 248 626 96 238 253 
789 591 626 430 648 573 520 891 699 365 522 636 735 458 182 190 163 380 743 178 305 596 77 482 674 444 248 248 152 607 477 142 478 517 650 148 128 302 -1 797 235 824 341 639 650 148 506 208 486 304 
171 431 556 710 694 223 678 94 111 590 733 219 192 353 678 616 765 483 558 631 622 572 745 458 289 356 717 598 948 358 418 867 600 433 248 874 761 714 797 -1 561 140 606 583 467 651 480 709 530 507 
561 411 484 382 551 338 442 655 464 253 466 409 508 230 165 73 244 197 592 90 220 462 190 306 460 210 252 131 387 406 281 323 369 333 428 329 224 287 235 561 -1 593 240 507 478 91 342 216 341 93 
50 550 467 660 603 271 786 167 145 560 666 331 103 420 731 635 819 559 691 673 697 489 763 558 205 383 784 657 977 288 385 913 703 382 191 879 767 689 824 140 593 -1 580 707 374 676 585 703 475 521 
535 613 285 146 320 405 681 696 494 25 226 534 478 382 383 197 441 418 803 308 460 255 264 520 390 288 478 370 472 309 194 477 605 208 389 326 230 109 341 606 240 580 -1 732 318 238 559 145 149 176 
712 160 897 879 1005 490 164 638 573 737 953 376 692 385 458 576 499 314 114 487 334 890 647 215 725 497 406 405 738 729 666 603 162 720 668 783 705 794 639 583 507 707 732 -1 848 568 174 721 781 556 
323 695 93 328 230 374 856 533 372 292 306 522 279 464 643 475 719 576 881 567 676 119 574 640 177 356 729 598 788 124 201 778 769 145 223 643 547 406 650 467 478 374 318 848 -1 522 680 464 169 384 
641 488 512 363 558 427 480 745 551 258 453 500 587 321 149 46 204 271 660 84 250 486 98 380 530 296 245 164 301 467 337 256 417 382 503 240 141 248 148 651 91 676 238 568 522 -1 411 159 368 157 
581 89 725 706 831 339 201 553 442 563 779 260 552 216 327 413 390 144 250 337 213 717 500 40 570 326 307 259 625 565 493 501 120 549 514 640 552 626 506 480 342 585 559 174 680 411 -1 558 606 383 
661 627 427 223 439 493 639 803 601 171 314 599 604 426 304 144 339 413 808 243 409 395 134 523 524 362 398 322 328 447 323 350 574 348 515 182 86 96 208 709 216 703 145 721 464 159 558 -1 294 212 
426 642 144 184 224 366 759 613 420 123 205 514 372 400 502 322 570 480 835 425 555 121 409 566 272 289 593 470 621 187 127 619 676 96 288 473 379 238 486 530 341 475 149 781 169 368 606 294 -1 252 
485 438 393 322 469 285 513 601 402 182 398 387 431 217 258 114 337 243 628 183 303 373 242 343 373 152 345 218 456 314 188 409 433 239 346 366 254 253 304 507 93 521 176 556 384 157 383 212 252 -1 
