50
-1 441 591 153 518 468 112 383 655 703 80 230 437 401 384 212 746 341 890 89 458 160 412 360 507 377 326 295 621 200 785 411 692 107 245 519 250 827 312 541 758 261 764 58 268 832 535 742 616 291 
441 -1 172 315 83 158 468 83 508 277 469 325 50 469 671 533 395 109 741 367 118 536 676 620 177 65 629 225 268 287 580 31 611 425 197 266 296 404 355 626 753 594 527 497 270 752 812 308 471 421 
591 172 -1 480 147 293 632 255 442 111 605 497 210 508 753 642 238 250 646 526 141 659 750 699 130 233 721 397 133 456 475 202 559 554 358 216 395 237 526 642 718 699 412 643 367 685 880 153 413 593 
153 315 480 -1 385 317 152 245 646 590 218 94 301 446 508 336 668 234 890 64 363 301 530 474 423 250 453 141 537 47 762 284 708 207 123 461 242 717 182 605 803 394 729 211 244 854 662 624 605 194 
518 83 147 385 -1 146 536 140 550 230 551 380 84 543 753 617 385 192 772 441 169 618 757 702 211 142 712 275 271 352 605 109 660 508 273 308 378 352 394 697 809 677 546 576 352 796 894 251 516 465 
468 158 293 317 146 -1 456 118 666 373 519 279 107 601 768 611 531 221 898 381 276 597 779 721 334 160 720 180 412 273 736 152 767 488 240 424 403 489 268 765 906 673 681 526 383 909 917 386 629 343 
112 468 632 152 536 456 -1 396 752 742 189 182 452 510 489 320 811 383 991 112 511 261 518 469 567 403 430 276 682 186 878 437 797 219 273 594 341 869 243 653 868 363 852 136 354 939 636 776 713 202 
383 83 255 245 140 118 396 -1 565 358 423 244 55 483 655 504 477 104 804 303 186 496 665 607 250 45 609 142 349 212 648 57 660 386 140 330 286 484 271 647 794 566 598 442 265 805 802 386 526 338 
655 508 442 646 550 666 752 565 -1 480 612 718 558 294 554 554 321 474 245 647 390 611 530 506 339 520 558 661 319 656 139 516 120 558 553 243 411 526 790 307 284 581 154 679 402 245 617 526 40 831 
703 277 111 590 230 373 742 358 480 -1 716 602 307 596 851 749 202 361 652 637 250 769 846 797 223 341 823 500 164 565 480 308 600 664 468 289 502 126 624 717 764 804 413 755 474 711 972 50 458 694 
80 469 605 218 551 519 189 423 612 716 -1 304 474 342 304 131 737 363 840 157 467 83 331 280 508 408 246 355 617 265 747 442 638 57 283 504 230 837 388 471 692 182 732 68 254 774 455 758 576 371 
230 325 497 94 380 279 182 244 718 602 304 -1 296 536 601 427 705 271 964 146 399 387 623 567 463 265 544 104 574 63 828 295 788 300 168 517 327 728 88 697 890 483 789 284 325 935 754 629 678 112 
437 50 210 301 84 107 452 55 558 307 474 296 -1 506 694 549 440 130 791 357 168 545 702 645 228 69 650 193 315 267 631 47 659 434 192 317 321 432 317 666 800 610 577 495 297 801 839 333 521 386 
401 469 508 446 543 601 510 483 294 596 342 536 506 -1 275 262 523 379 502 423 384 324 260 222 378 442 269 518 444 474 433 458 297 295 400 309 214 689 621 166 359 287 437 410 225 432 377 646 265 639 
384 671 753 508 753 768 489 655 554 851 304 601 694 275 -1 174 797 564 722 455 616 228 37 54 628 624 58 631 710 552 691 651 520 301 531 575 375 955 688 282 500 125 705 353 401 619 153 900 531 675 
212 533 642 336 617 611 320 504 554 749 131 427 549 262 174 -1 734 424 763 281 501 68 200 149 528 479 117 463 627 381 693 509 557 129 371 500 247 863 514 361 587 61 690 188 275 683 327 795 522 502 
746 395 238 668 385 531 811 477 321 202 737 705 440 523 797 734 -1 436 456 699 306 770 783 743 245 444 782 614 131 655 287 420 438 681 547 234 507 208 748 605 602 780 219 790 483 529 895 236 313 810 
341 109 250 234 192 221 383 104 474 361 363 271 130 379 564 424 436 -1 716 276 130 427 571 514 192 62 522 192 304 219 568 86 563 317 111 250 190 487 326 543 692 485 524 396 166 709 708 400 434 380 
890 741 646 890 772 898 991 804 245 652 840 964 791 502 722 763 456 716 -1 889 622 826 690 683 565 759 741 905 513 901 172 752 206 788 799 475 653 657 1035 441 268 778 238 908 646 131 740 691 285 1076 
89 367 526 64 441 381 112 303 647 637 157 146 357 423 455 281 699 276 889 -1 401 241 479 424 456 302 398 206 571 111 770 336 699 156 169 482 235 763 232 576 782 337 742 146 246 844 608 673 607 225 
458 118 141 363 169 276 511 186 390 250 467 399 168 384 616 501 306 130 622 401 -1 519 615 562 65 145 582 312 174 349 463 131 495 414 241 148 254 370 447 531 641 558 412 509 226 634 748 294 354 506 
160 536 659 301 618 597 261 496 611 769 83 387 545 324 228 68 770 427 826 241 519 -1 258 212 553 477 169 437 657 348 749 509 621 110 358 536 268 887 471 429 655 102 742 125 295 749 376 813 577 451 
412 676 750 530 757 779 518 665 530 846 331 623 702 260 37 200 783 571 690 479 615 258 -1 57 623 632 90 648 701 573 666 657 490 323 544 566 381 946 710 250 464 157 682 384 405 585 137 895 509 701 
360 620 699 474 702 721 469 607 506 797 280 567 645 222 54 149 743 514 683 424 562 212 57 -1 573 575 60 590 655 516 644 601 478 268 487 521 324 900 655 248 472 118 655 336 349 585 195 846 482 648 
507 177 130 423 211 334 567 250 339 223 508 463 228 378 628 528 245 192 565 456 65 553 623 573 -1 210 599 377 114 411 402 194 449 453 302 97 284 334 512 513 602 582 349 555 257 584 751 272 305 570 
377 65 233 250 142 160 403 45 520 341 408 265 69 442 624 479 444 62 759 302 145 477 632 575 210 -1 580 169 314 223 605 34 615 366 132 286 251 467 304 605 749 541 556 433 228 759 770 373 481 366 
326 629 721 453 712 720 430 609 558 823 246 544 650 269 58 117 782 522 741 398 582 169 90 60 599 580 -1 578 688 497 697 608 536 245 481 554 334 930 631 309 533 67 706 295 361 645 210 871 532 617 
295 225 397 141 275 180 276 142 661 500 355 104 193 518 631 463 614 192 905 206 312 437 648 590 377 169 578 -1 484 95 760 196 743 334 117 442 304 625 135 684 859 523 716 353 294 890 784 526 621 196 
621 268 133 537 271 412 682 349 319 164 617 574 315 444 710 627 131 304 513 571 174 657 701 655 114 314 688 484 -1 524 342 291 439 562 416 135 390 245 618 555 601 678 279 667 364 557 822 213 295 679 
200 287 456 47 352 273 186 212 656 565 265 63 267 474 552 381 655 219 901 111 349 348 573 516 411 223 497 95 524 -1 767 256 725 251 110 459 263 691 147 636 827 439 730 258 261 872 706 596 615 174 
785 580 475 762 605 736 878 648 139 480 747 828 631 433 691 693 287 568 172 770 463 749 666 644 402 605 697 760 342 767 -1 594 199 692 660 319 537 492 893 432 344 720 68 812 524 246 744 520 172 940 
411 31 202 284 109 152 437 57 516 308 442 295 47 458 651 509 420 86 752 336 131 509 657 601 194 34 608 196 291 256 594 -1 615 399 167 277 276 434 328 619 754 570 543 468 252 758 794 339 478 393 
692 611 559 708 660 767 797 660 120 600 638 788 659 297 520 557 438 563 206 699 495 621 490 478 449 615 536 743 439 725 199 615 -1 588 629 352 466 644 865 244 164 571 245 706 463 147 554 646 145 899 
107 425 554 207 508 488 219 386 558 664 57 300 434 295 301 129 681 317 788 156 414 110 323 268 453 366 245 334 562 251 692 399 588 -1 248 447 173 785 387 434 650 189 676 120 198 727 455 708 521 381 
245 197 358 123 273 240 273 140 553 468 283 168 192 400 531 371 547 111 799 169 241 358 544 487 302 132 481 117 416 110 660 167 629 248 -1 349 187 595 236 566 742 433 621 302 176 776 682 503 513 280 
519 266 216 461 308 424 594 330 243 289 504 517 317 309 575 500 234 250 475 482 148 536 566 521 97 286 554 442 135 459 319 277 352 447 349 -1 274 380 576 428 505 548 273 559 251 488 687 339 208 628 
250 296 395 242 378 403 341 286 411 502 230 327 321 214 375 247 507 190 653 235 254 268 381 324 284 251 334 304 390 263 537 276 466 173 187 274 -1 618 409 379 563 305 514 286 27 612 518 548 372 435 
827 404 237 717 352 489 869 484 526 126 837 728 432 689 955 863 208 487 657 763 370 887 946 900 334 467 930 625 245 691 492 434 644 785 595 380 618 -1 747 794 809 916 425 879 591 736 1067 103 513 818 
312 355 526 182 394 268 243 271 790 624 388 88 317 621 688 514 748 326 1035 232 447 471 710 655 512 304 631 135 618 147 893 328 865 387 236 576 409 747 -1 783 973 569 850 361 405 1013 841 645 749 74 
541 626 642 605 697 765 653 647 307 717 471 697 666 166 282 361 605 543 441 576 531 429 250 248 513 605 309 684 555 636 432 619 244 434 566 428 379 794 783 -1 227 357 461 538 391 337 312 767 298 798 
758 753 718 803 809 906 868 794 284 764 692 890 800 359 500 587 602 692 268 782 641 655 464 472 602 749 533 859 601 827 344 754 164 650 742 505 563 809 973 227 -1 584 401 760 568 139 487 811 306 997 
261 594 699 394 677 673 363 566 581 804 182 483 610 287 125 61 780 485 778 337 558 102 157 118 582 541 67 523 678 439 720 570 571 189 433 548 305 916 569 357 584 -1 723 227 332 689 274 851 551 553 
764 527 412 729 546 681 852 598 154 413 732 789 577 437 705 690 219 524 238 742 412 742 682 655 349 556 706 716 279 730 68 543 245 676 621 273 514 425 850 461 401 723 -1 796 498 312 771 452 173 901 
58 497 643 211 576 526 136 442 679 755 68 284 495 410 353 188 790 396 908 146 509 125 384 336 555 433 295 353 667 258 812 468 706 120 302 559 286 879 361 538 760 227 796 -1 308 843 499 795 641 332 
268 270 367 244 352 383 354 265 402 474 254 325 297 225 401 275 483 166 646 246 226 295 405 349 257 228 361 294 364 261 524 252 463 198 176 251 27 591 405 391 568 332 498 308 -1 610 542 520 362 435 
832 752 685 854 796 909 939 805 245 711 774 935 801 432 619 683 529 709 131 844 634 749 585 585 584 759 645 890 557 872 246 758 147 727 776 488 612 736 1013 337 139 689 312 843 610 -1 621 754 280 1046 
535 812 880 662 894 917 636 802 617 972 455 754 839 377 153 327 895 708 740 608 748 376 137 195 751 770 210 784 822 706 744 794 554 455 682 687 518 1067 841 312 487 274 771 499 542 621 -1 1022 603 827 
742 308 153 624 251 386 776 386 526 50 758 629 333 646 900 795 236 400 691 673 294 813 895 846 272 373 871 526 213 596 520 339 646 708 503 339 548 103 645 767 811 851 452 795 520 754 1022 -1 506 717 
616 471 413 605 516 629 713 526 40 458 576 678 521 265 531 522 313 434 285 607 354 577 509 482 305 481 532 621 295 615 172 478 145 521 513 208 372 513 749 298 306 551 173 641 362 280 603 506 -1 790 
291 421 593 194 465 343 202 338 831 694 371 112 386 639 675 502 810 380 1076 225 506 451 701 648 570 366 617 196 679 174 940 393 899 381 280 628 435 818 74 798 997 553 901 332 435 1046 827 717 790 -1 
