50
-1 498 512 61 565 559 174 367 182 303 682 373 500 582 413 142 229 43 501 444 549 580 107 117 227 464 686 755 457 323 830 496 210 119 574 56 246 578 262 271 295 414 729 621 473 488 618 536 156 465 
498 -1 144 560 112 251 447 388 316 437 507 359 307 347 444 400 282 467 257 179 142 199 395 532 529 424 254 553 405 384 351 361 536 517 83 477 478 466 260 275 252 352 232 195 196 320 126 616 595 355 
512 144 -1 572 81 107 412 293 339 532 650 473 445 202 561 449 282 473 119 77 40 74 404 513 478 303 381 697 532 303 324 229 601 561 200 506 557 327 249 246 337 242 297 109 69 188 229 498 573 486 
61 560 572 -1 626 617 213 413 243 333 720 414 548 636 445 191 290 99 558 504 610 640 168 128 246 508 743 794 495 369 891 546 214 126 635 96 267 623 323 330 351 464 790 681 532 541 678 563 140 508 
565 112 81 626 -1 165 481 373 385 543 610 470 418 264 556 485 336 529 195 154 49 97 458 578 552 383 312 651 517 382 264 307 631 601 135 553 579 399 307 310 353 323 216 82 151 266 156 577 639 467 
559 251 107 617 165 -1 431 267 401 622 758 572 552 99 660 519 338 517 64 125 117 75 454 537 480 243 477 804 635 293 332 158 676 626 299 564 640 236 303 287 429 205 367 128 91 123 322 431 593 591 
174 447 412 213 481 431 -1 200 181 424 761 459 554 434 523 248 173 134 368 336 452 469 129 107 92 295 677 831 549 157 737 338 372 286 530 213 388 410 187 173 331 255 676 518 357 338 574 366 162 540 
367 388 293 413 373 267 200 -1 282 553 820 551 601 243 631 395 226 324 204 220 331 326 286 304 220 98 642 882 636 43 597 141 543 467 467 394 538 211 205 170 398 63 588 381 224 152 506 242 349 610 
182 316 339 243 385 401 181 282 -1 271 581 284 373 445 356 121 65 151 351 278 374 410 81 231 273 375 517 650 373 244 650 377 278 224 393 168 259 479 100 125 150 306 548 446 310 357 437 508 293 360 
303 437 532 333 543 622 424 553 271 -1 391 109 257 688 111 176 328 315 587 498 554 605 295 416 507 645 510 465 168 515 784 637 154 212 478 247 76 743 356 389 194 572 621 622 532 610 513 777 459 197 
682 507 650 720 610 758 761 820 581 391 -1 309 218 851 283 541 609 683 755 665 648 704 640 784 853 889 364 73 225 795 747 846 540 603 480 628 465 957 620 653 433 811 541 688 691 808 483 1062 836 221 
373 359 473 414 470 572 459 551 284 109 309 -1 148 648 88 231 327 373 546 453 489 543 334 475 549 635 403 382 89 519 696 613 260 303 388 320 182 723 346 380 155 558 523 552 486 581 418 788 526 95 
500 307 445 548 418 552 554 601 373 257 218 148 -1 642 190 358 395 493 543 451 450 506 440 591 646 671 268 282 124 577 604 630 408 445 304 451 330 741 402 435 223 592 412 500 480 593 322 844 647 69 
582 347 202 636 264 99 434 243 445 688 851 648 642 -1 736 566 379 539 101 195 216 171 484 541 464 185 576 900 717 280 398 104 723 663 398 596 697 144 345 321 499 181 461 219 163 95 421 354 590 676 
413 444 561 445 556 660 523 631 356 111 283 88 190 736 -1 280 405 422 634 542 577 631 394 524 609 718 458 356 71 597 775 699 257 323 467 357 183 808 428 461 240 642 594 638 575 668 494 864 569 121 
142 400 449 191 485 519 248 395 121 176 541 231 358 566 280 -1 187 143 472 395 481 522 119 245 330 491 558 614 317 354 747 498 157 117 466 94 144 597 221 247 165 425 621 553 428 479 508 607 295 323 
229 282 282 290 336 338 173 226 65 328 609 327 395 379 405 187 -1 192 287 217 320 352 122 250 263 316 504 676 413 192 601 313 344 287 363 226 323 416 35 61 177 243 514 391 248 292 407 461 313 393 
43 467 473 99 529 517 134 324 151 315 683 373 493 539 422 143 192 -1 459 404 511 540 71 102 197 421 664 756 461 280 793 452 240 152 544 80 266 535 223 230 279 371 699 582 432 444 588 500 154 464 
501 257 119 558 195 64 368 204 351 587 755 546 543 101 634 472 287 459 -1 93 147 126 398 475 415 190 501 807 616 228 393 111 629 574 319 509 599 209 251 232 397 143 409 182 63 70 349 383 529 575 
444 179 77 504 154 125 336 220 278 498 665 453 451 195 542 395 217 404 93 -1 118 136 337 438 401 246 431 718 522 227 400 184 551 503 252 444 515 293 183 173 306 176 368 182 34 144 288 439 497 482 
549 142 40 610 49 117 452 331 374 554 648 489 450 216 577 481 320 511 147 118 -1 56 442 553 519 336 360 692 543 343 284 258 631 595 182 542 585 349 287 285 361 278 263 72 107 217 205 529 613 495 
580 199 74 640 97 75 469 326 410 605 704 543 506 171 631 522 352 540 126 136 56 -1 473 573 528 315 407 747 599 346 271 232 675 634 233 578 632 312 318 310 411 268 291 56 112 194 251 505 632 551 
107 395 404 168 458 454 129 286 81 295 640 334 440 484 394 119 122 71 398 337 442 473 -1 153 215 384 597 711 423 243 722 404 257 182 473 112 262 495 155 166 220 325 627 513 367 391 517 488 213 418 
117 532 513 128 578 537 107 304 231 416 784 475 591 541 524 245 250 102 475 438 553 573 153 -1 117 395 747 857 563 263 838 444 327 235 613 173 363 510 274 268 373 362 764 621 461 445 658 435 63 564 
227 529 478 246 552 480 92 220 273 507 853 549 646 464 609 330 263 197 415 401 519 528 215 117 -1 299 766 923 638 187 799 362 436 346 613 277 463 411 273 254 423 284 755 580 417 372 656 318 137 631 
464 424 303 508 383 243 295 98 375 645 889 635 671 185 718 491 316 421 190 246 336 315 384 395 299 -1 677 948 717 142 573 85 641 566 497 493 634 114 290 257 480 78 599 370 235 120 531 194 434 687 
686 254 381 743 312 477 677 642 517 510 364 403 268 576 458 558 504 664 501 431 360 407 597 747 766 677 -1 381 392 635 384 610 651 666 181 650 577 709 492 514 393 606 178 372 444 568 156 870 810 337 
755 553 697 794 651 804 831 882 650 465 73 382 282 900 356 614 676 756 807 718 692 747 711 857 923 948 381 -1 299 859 765 901 614 677 517 702 539 1011 684 717 501 870 559 726 743 862 514 1125 909 292 
457 405 532 495 517 635 549 636 373 168 225 89 124 717 71 317 413 461 616 522 543 599 423 563 638 717 392 299 -1 605 722 689 321 378 417 403 244 800 431 465 237 639 535 600 554 656 440 874 612 55 
323 384 303 369 382 293 157 43 244 515 795 519 577 280 597 354 192 280 228 227 343 346 243 263 187 142 635 859 605 -1 617 181 500 424 465 351 498 255 175 142 368 99 594 399 237 186 506 269 310 582 
830 351 324 891 264 332 737 597 650 784 747 696 604 398 775 747 601 793 393 400 284 271 722 838 799 573 384 765 722 617 -1 487 887 864 308 817 829 538 570 569 603 537 206 219 382 456 282 752 898 667 
496 361 229 546 307 158 338 141 377 637 846 613 630 104 699 498 313 452 111 184 258 232 404 444 362 85 610 901 689 181 487 -1 653 586 428 516 636 111 281 252 459 82 520 287 165 41 459 273 490 654 
210 536 601 214 631 676 372 543 278 154 540 260 408 723 257 157 344 240 629 551 631 675 257 327 436 641 651 614 321 500 887 653 -1 91 592 159 78 750 378 403 284 578 743 702 584 635 631 739 354 351 
119 517 561 126 601 626 286 467 224 212 603 303 445 663 323 117 287 152 574 503 595 634 182 235 346 566 666 677 378 424 864 586 91 -1 583 73 142 677 323 342 278 507 738 667 535 572 624 652 263 398 
574 83 200 635 135 299 530 467 393 478 480 388 304 398 467 466 363 544 319 252 182 233 473 613 613 497 181 517 417 465 308 428 592 583 -1 549 529 527 343 358 309 428 155 208 263 386 44 691 676 363 
56 477 506 96 553 564 213 394 168 247 628 320 451 596 357 94 226 80 509 444 542 578 112 173 277 493 650 702 403 351 817 516 159 73 549 -1 190 605 261 277 256 436 704 614 475 503 592 580 212 414 
246 478 557 267 579 640 388 538 259 76 465 182 330 697 183 144 323 266 599 515 585 632 262 363 463 634 577 539 244 498 829 636 78 142 529 190 -1 738 355 384 226 565 677 654 549 613 566 750 400 273 
578 466 327 623 399 236 410 211 479 743 957 723 741 144 808 597 416 535 209 293 349 312 495 510 411 114 709 1011 800 255 538 111 750 677 527 605 738 -1 386 355 568 173 603 362 270 148 555 220 547 765 
262 260 249 323 307 303 187 205 100 356 620 346 402 345 428 221 35 223 251 183 287 318 155 274 273 290 492 684 431 175 570 281 378 323 343 261 355 386 -1 34 193 215 491 358 213 258 387 444 336 406 
271 275 246 330 310 287 173 170 125 389 653 380 435 321 461 247 61 230 232 173 285 310 166 268 254 257 514 717 465 142 569 252 403 342 358 277 384 355 34 -1 227 183 503 354 201 232 402 410 329 440 
295 252 337 351 353 429 331 398 150 194 433 155 223 499 240 165 177 279 397 306 361 411 220 373 423 480 393 501 237 368 603 459 284 278 309 256 226 568 193 227 -1 403 461 430 340 428 349 637 432 215 
414 352 242 464 323 205 255 63 306 572 811 558 592 181 642 425 243 371 143 176 278 268 325 362 284 78 606 870 639 99 537 82 578 507 428 436 565 173 215 183 403 -1 540 324 172 88 464 264 409 608 
729 232 297 790 216 367 676 588 548 621 541 523 412 461 594 621 514 699 409 368 263 291 627 764 755 599 178 559 535 594 206 520 743 738 155 704 677 603 491 503 461 540 -1 242 367 480 113 792 827 479 
621 195 109 681 82 128 518 381 446 622 688 552 500 219 638 553 391 582 182 182 72 56 513 621 580 370 372 726 600 399 219 287 702 667 208 614 654 362 358 354 430 324 242 -1 163 249 217 559 680 550 
473 196 69 532 151 91 357 224 310 532 691 486 480 163 575 428 248 432 63 34 107 112 367 461 417 235 444 743 554 237 382 165 584 535 263 475 549 270 213 201 340 172 367 163 -1 124 296 429 519 512 
488 320 188 541 266 123 338 152 357 610 808 581 593 95 668 479 292 444 70 144 217 194 391 445 372 120 568 862 656 186 456 41 635 572 386 503 613 148 258 232 428 88 480 249 124 -1 417 312 495 619 
618 126 229 678 156 322 574 506 437 513 483 418 322 421 494 508 407 588 349 288 205 251 517 658 656 531 156 514 440 506 282 459 631 624 44 592 566 555 387 402 349 464 113 217 296 417 -1 725 721 385 
536 616 498 563 577 431 366 242 508 777 1062 788 844 354 864 607 461 500 383 439 529 505 488 435 318 194 870 1125 874 269 752 273 739 652 691 580 750 220 444 410 637 264 792 559 429 312 725 -1 448 851 
156 595 573 140 639 593 162 349 293 459 836 526 647 590 569 295 313 154 529 497 613 632 213 63 137 434 810 909 612 310 898 490 354 263 676 212 400 547 336 329 432 409 827 680 519 495 721 448 -1 617 
465 355 486 508 467 591 540 610 360 197 221 95 69 676 121 323 393 464 575 482 495 551 418 564 631 687 337 292 55 582 667 654 351 398 363 414 273 765 406 440 215 608 479 550 512 619 385 851 617 -1 
