50
-1 836 535 509 83 174 700 324 733 745 787 632 250 449 361 213 479 672 427 316 468 607 252 191 763 632 667 600 800 560 629 563 771 257 143 334 67 131 686 541 366 485 489 153 356 654 132 424 502 650 
836 -1 368 578 919 669 147 691 196 138 243 519 626 409 703 635 403 652 494 663 738 394 1089 684 88 218 187 236 68 751 471 355 98 695 949 766 865 757 312 296 808 793 455 778 511 371 717 595 412 192 
535 368 -1 223 610 361 223 325 384 241 251 224 291 100 335 380 311 685 129 496 375 436 783 354 280 262 182 189 310 402 184 353 276 341 621 603 545 428 152 194 439 431 87 439 179 454 403 492 43 188 
509 578 223 -1 562 363 439 197 607 442 397 131 274 258 178 441 493 861 154 599 163 636 723 321 490 484 399 412 514 178 149 553 481 255 543 694 490 379 287 406 264 216 142 368 235 662 385 633 188 409 
83 919 610 562 -1 252 781 369 816 825 862 690 320 527 401 297 563 739 496 387 500 689 172 258 844 715 748 682 882 591 692 646 851 307 82 387 72 187 758 624 385 509 558 194 431 736 207 497 574 732 
174 669 361 363 252 -1 529 215 583 573 612 476 88 274 256 112 344 619 258 281 370 489 425 60 593 473 495 433 630 457 468 430 599 148 281 353 196 98 512 378 310 404 319 133 182 533 48 360 329 480 
700 147 223 439 781 529 -1 544 206 62 186 396 481 263 556 506 306 623 347 559 596 352 953 541 63 135 40 110 100 615 348 287 72 548 808 667 725 614 200 174 661 652 310 633 365 346 577 510 266 49 
324 691 325 197 369 215 544 -1 665 566 558 328 144 292 41 320 477 808 197 491 155 631 526 157 604 541 503 479 635 244 339 556 602 70 346 568 297 194 445 446 126 191 245 175 203 668 217 556 282 502 
733 196 384 607 816 583 206 665 -1 253 385 589 564 374 688 520 257 456 482 506 751 203 978 614 206 124 232 195 227 786 542 185 231 649 861 601 774 679 405 219 790 806 466 708 463 175 631 422 419 209 
745 138 241 442 825 573 62 566 253 -1 131 381 517 300 575 557 367 683 370 619 603 412 998 579 56 197 80 169 72 613 333 349 39 578 847 727 766 653 175 232 679 658 324 669 401 404 619 571 284 105 
787 243 251 397 862 612 186 558 385 131 -1 304 543 341 557 620 471 808 373 708 560 536 1034 605 182 319 180 273 177 550 261 468 158 585 872 817 797 679 112 330 656 611 315 688 430 532 655 675 289 212 
632 519 224 131 690 476 396 328 589 381 304 -1 388 301 309 538 533 907 230 684 273 660 852 441 435 476 361 403 451 247 48 577 420 382 674 785 618 504 207 418 389 318 182 496 320 677 504 700 210 380 
250 626 291 274 320 88 481 144 564 517 543 388 -1 217 184 179 349 665 176 349 295 502 492 62 544 446 444 395 580 378 381 433 548 93 330 431 254 136 438 348 259 335 238 152 116 542 118 411 254 434 
449 409 100 258 527 274 263 292 374 300 341 301 217 -1 313 282 237 609 111 397 381 378 699 278 327 250 226 187 362 430 268 296 330 287 547 504 466 352 250 157 416 436 122 369 101 405 320 400 91 217 
361 703 335 178 401 256 556 41 688 575 557 309 184 313 -1 361 510 846 210 532 113 664 553 198 616 563 516 498 645 203 325 587 611 111 371 610 329 232 444 470 104 150 250 209 232 699 258 596 291 517 
213 635 380 441 297 112 506 320 520 557 620 538 179 282 361 -1 266 507 309 171 473 398 459 172 567 424 477 400 605 556 521 350 578 257 349 254 262 199 532 338 423 512 364 238 219 444 142 248 359 456 
479 403 311 493 563 344 306 477 257 367 471 533 349 237 510 266 -1 374 341 260 599 153 721 386 355 185 294 199 392 659 495 86 373 442 613 364 525 442 424 141 602 651 359 476 280 192 389 204 323 264 
672 652 685 861 739 619 623 808 456 683 808 907 665 609 846 507 374 -1 707 356 949 271 847 677 649 488 628 541 677 1018 869 343 673 755 814 364 737 704 784 501 923 996 732 744 634 283 648 258 697 597 
427 494 129 154 496 258 347 197 482 370 373 230 176 111 210 309 341 707 -1 455 270 487 667 237 407 357 306 290 438 319 213 405 404 212 499 556 428 309 265 268 315 325 62 315 90 516 294 481 86 306 
316 663 496 599 387 281 559 491 506 619 708 684 349 397 532 171 260 356 455 -1 644 332 514 342 613 445 541 449 650 725 659 320 629 428 459 109 380 355 638 386 592 683 502 395 366 379 301 111 485 514 
468 738 375 163 500 370 596 155 751 603 560 273 295 381 113 473 599 949 270 644 -1 751 640 312 650 626 556 556 675 91 304 671 641 224 460 723 430 342 450 538 130 56 288 315 319 782 371 702 334 563 
607 394 436 636 689 489 352 631 203 412 536 660 502 378 664 398 153 271 487 332 751 -1 836 536 380 217 358 273 410 807 618 83 403 595 747 413 660 587 518 242 756 803 497 623 433 47 532 232 456 326 
252 1089 783 723 172 425 953 526 978 998 1034 852 492 699 553 459 721 847 667 514 640 836 -1 430 1016 882 920 852 1053 728 858 802 1023 470 181 482 238 357 930 793 514 638 729 357 604 884 380 626 747 903 
191 684 354 321 258 60 541 157 614 579 605 441 62 278 198 172 386 677 237 342 312 536 430 -1 604 499 504 452 640 401 438 472 608 88 268 412 191 74 500 402 250 345 299 94 178 578 64 419 317 493 
763 88 280 490 844 593 63 604 206 56 182 435 544 327 616 567 355 649 407 613 650 380 1016 604 -1 174 101 168 38 664 387 325 25 611 871 719 788 677 230 232 720 705 367 696 428 366 640 556 324 112 
632 218 262 484 715 473 135 541 124 197 319 476 446 250 563 424 185 488 357 445 626 217 882 499 174 -1 141 73 209 663 430 152 194 528 754 549 667 567 309 97 666 682 342 593 341 216 521 383 296 111 
667 187 182 399 748 495 40 503 232 80 180 361 444 226 516 477 294 628 306 541 556 358 920 504 101 141 -1 94 135 576 313 287 104 509 772 650 690 578 173 155 621 611 269 596 328 357 542 498 225 31 
600 236 189 412 682 433 110 479 195 169 273 403 395 187 498 400 199 541 290 449 556 273 852 452 168 73 94 -1 206 591 358 197 181 472 714 558 629 522 245 64 602 612 271 546 284 280 481 404 224 64 
800 68 310 514 882 630 100 635 227 72 177 451 580 362 645 605 392 677 438 650 675 410 1053 640 38 209 135 206 -1 685 403 358 34 644 907 757 825 713 243 270 750 730 395 732 464 394 677 592 354 149 
560 751 402 178 591 457 615 244 786 613 550 247 378 430 203 556 659 1018 319 725 91 807 728 401 664 663 576 591 685 -1 289 725 652 314 548 809 522 433 447 582 213 95 320 407 384 835 461 777 366 587 
629 471 184 149 692 468 348 339 542 333 261 48 381 268 325 521 495 869 213 659 304 618 858 438 387 430 313 358 403 289 -1 536 372 387 681 763 621 504 160 376 414 353 157 500 301 634 499 669 177 333 
563 355 353 553 646 430 287 556 185 349 468 577 433 296 587 350 86 343 405 320 671 83 802 472 325 152 287 197 358 725 536 -1 346 525 699 416 611 528 441 160 682 724 414 562 355 111 475 240 373 255 
771 98 276 481 851 599 72 602 231 39 158 420 548 330 611 578 373 673 404 629 641 403 1023 608 25 194 104 181 34 652 372 346 -1 611 876 737 794 682 213 245 716 697 361 700 431 391 646 576 320 121 
257 695 341 255 307 148 548 70 649 578 585 382 93 287 111 257 442 755 212 428 224 595 470 88 611 528 509 472 644 314 387 525 611 -1 294 501 236 126 475 431 167 256 270 113 187 634 147 500 299 503 
143 949 621 543 82 281 808 346 861 847 872 674 330 547 371 349 613 814 499 459 460 747 181 268 871 754 772 714 907 548 681 699 876 294 -1 467 87 194 764 659 336 460 560 184 447 793 233 567 582 759 
334 766 603 694 387 353 667 568 601 727 817 785 431 504 610 254 364 364 556 109 723 413 482 412 719 549 650 558 757 809 763 416 737 501 467 -1 401 407 747 494 657 757 606 446 466 458 360 181 591 622 
67 865 545 490 72 196 725 297 774 766 797 618 254 466 329 262 525 737 428 380 430 660 238 191 788 667 690 629 825 522 621 611 794 236 87 401 -1 118 692 573 319 441 490 122 368 706 148 485 509 676 
131 757 428 379 187 98 614 194 679 653 679 504 136 352 232 199 442 704 309 355 342 587 357 74 677 567 578 522 713 433 504 528 682 126 194 407 118 -1 573 470 252 364 371 40 252 631 56 446 390 566 
686 312 152 287 758 512 200 445 405 175 112 207 438 250 444 532 424 784 265 638 450 518 930 500 230 309 173 245 243 447 160 441 213 475 764 747 692 573 -1 285 543 503 205 580 330 524 553 621 183 200 
541 296 194 406 624 378 174 446 219 232 330 418 348 157 470 338 141 501 268 386 538 242 793 402 232 97 155 64 270 582 376 160 245 431 659 494 573 470 285 -1 572 594 263 496 244 260 426 345 219 127 
366 808 439 264 385 310 661 126 790 679 656 389 259 416 104 423 602 923 315 592 130 756 514 250 720 666 621 602 750 213 414 682 716 167 336 657 319 252 543 572 -1 124 354 217 330 793 296 667 396 622 
485 793 431 216 509 404 652 191 806 658 611 318 335 436 150 512 651 996 325 683 56 803 638 345 705 682 611 612 730 95 353 724 697 256 460 757 441 364 503 594 124 -1 344 333 371 836 400 746 390 619 
489 455 87 142 558 319 310 245 466 324 315 182 238 122 250 364 359 732 62 502 288 497 729 299 367 342 269 271 395 320 157 414 361 270 560 606 490 371 205 263 354 344 -1 376 145 521 356 518 46 274 
153 778 439 368 194 133 633 175 708 669 688 496 152 369 209 238 476 744 315 395 315 623 357 94 696 593 596 546 732 407 500 562 700 113 184 446 122 40 580 496 217 333 376 -1 268 666 95 485 399 586 
356 511 179 235 431 182 365 203 463 401 430 320 116 101 232 219 280 634 90 366 319 433 604 178 428 341 328 284 464 384 301 355 431 187 447 466 368 252 330 244 330 371 145 268 -1 467 224 398 147 319 
654 371 454 662 736 533 346 668 175 404 532 677 542 405 699 444 192 283 516 379 782 47 884 578 366 216 357 280 394 835 634 111 391 634 793 458 706 631 524 260 793 836 521 666 467 -1 577 278 478 327 
132 717 403 385 207 48 577 217 631 619 655 504 118 320 258 142 389 648 294 301 371 532 380 64 640 521 542 481 677 461 499 475 646 147 233 360 148 56 553 426 296 400 356 95 224 577 -1 390 369 528 
424 595 492 633 497 360 510 556 422 571 675 700 411 400 596 248 204 258 481 111 702 232 626 419 556 383 498 404 592 777 669 240 576 500 567 181 485 446 621 345 667 746 518 485 398 278 390 -1 492 468 
502 412 43 188 574 329 266 282 419 284 289 210 254 91 291 359 323 697 86 485 334 456 747 317 324 296 225 224 354 366 177 373 320 299 582 591 509 390 183 219 396 390 46 399 147 478 369 492 -1 229 
650 192 188 409 732 480 49 502 209 105 212 380 434 217 517 456 264 597 306 514 563 326 903 493 112 111 31 64 149 587 333 255 121 503 759 622 676 566 200 127 622 619 274 586 319 327 528 468 229 -1 
