50
-1 535 366 589 102 336 563 475 412 424 679 152 450 858 839 58 468 265 401 194 324 384 658 233 364 362 212 747 621 112 392 259 638 268 558 439 669 300 720 366 930 511 304 310 86 785 445 196 563 655 
535 -1 645 748 589 801 925 370 137 744 499 493 150 681 1121 477 917 383 377 367 727 153 719 305 552 287 327 871 822 636 627 792 794 542 600 537 805 250 682 247 741 782 817 844 483 744 303 527 699 617 
366 645 -1 228 280 258 279 349 511 99 478 234 500 606 503 367 317 269 293 479 148 510 321 407 104 359 393 384 254 433 46 487 274 118 262 177 307 519 420 398 672 154 353 451 305 473 380 179 213 372 
589 748 228 -1 508 448 314 385 630 227 405 446 597 462 385 582 451 426 371 675 348 641 126 579 239 470 572 157 81 662 196 711 51 323 168 213 79 687 255 513 516 150 558 663 520 286 446 395 49 242 
102 589 280 508 -1 239 461 459 457 327 652 119 483 820 739 136 370 259 383 282 223 435 588 285 300 371 263 664 532 154 313 249 555 202 500 383 588 374 665 387 891 417 228 265 105 726 444 135 487 603 
336 801 258 448 239 -1 262 581 664 221 733 307 675 864 552 375 131 428 512 521 110 649 563 507 347 542 487 581 433 329 305 297 480 286 520 432 516 607 674 571 930 308 115 223 336 721 593 275 451 630 
563 925 279 314 461 262 -1 616 790 180 700 476 780 776 290 586 181 545 568 722 238 787 440 671 379 639 655 392 256 582 304 558 319 386 457 428 350 782 570 678 831 176 371 476 532 596 656 424 345 552 
475 370 349 385 459 581 616 -1 273 442 208 341 224 398 768 431 664 209 75 437 478 297 349 314 245 143 322 501 464 585 313 708 428 296 230 190 437 389 327 175 470 450 645 715 389 394 70 333 335 257 
412 137 511 630 457 664 790 273 -1 609 444 357 65 637 995 353 779 246 260 267 589 37 617 178 421 160 200 763 701 518 496 671 678 405 495 417 693 165 599 117 704 651 683 716 352 666 202 389 582 530 
424 744 99 227 327 221 180 442 609 -1 552 311 599 659 419 436 241 365 390 560 126 607 344 498 200 458 483 364 218 471 128 494 260 209 318 260 296 610 461 497 721 93 332 439 376 504 477 257 233 425 
679 499 478 405 652 733 700 208 444 552 -1 537 383 194 777 637 792 414 278 643 624 476 307 520 386 347 529 457 485 787 433 901 429 467 243 301 420 585 211 371 265 524 814 896 592 260 261 519 361 172 
152 493 234 446 119 307 476 341 357 311 537 -1 375 710 731 136 429 140 265 248 247 341 506 202 213 254 183 603 485 251 251 367 496 122 406 286 525 309 568 274 783 387 330 382 74 632 325 54 416 503 
450 150 500 597 483 675 780 224 65 599 383 375 -1 574 971 393 785 248 227 323 593 101 573 220 404 141 240 723 671 560 479 709 644 404 453 386 656 227 546 105 640 633 705 747 382 611 155 399 548 478 
858 681 606 462 820 864 776 398 637 659 194 710 574 -1 781 821 899 598 463 836 754 669 337 713 532 540 721 446 529 962 559 1064 465 623 344 443 442 779 207 565 72 606 957 1048 771 199 455 685 433 234 
839 1121 503 385 739 552 290 768 995 419 777 731 971 781 -1 855 457 765 744 980 517 1001 470 909 576 836 896 335 304 869 505 847 350 621 553 585 356 1022 588 878 815 349 659 763 796 581 825 676 435 605 
58 477 367 582 136 375 586 431 353 436 637 136 393 821 855 -1 506 223 359 145 348 326 640 175 348 311 154 740 620 167 387 317 632 258 534 415 661 245 693 312 893 517 355 368 62 759 396 188 551 626 
468 917 317 451 370 131 181 664 779 241 792 429 785 899 457 506 -1 537 601 651 192 768 576 631 420 647 611 558 412 456 360 398 470 383 560 494 505 734 698 679 960 300 210 307 464 736 687 389 468 666 
265 383 269 426 259 428 545 209 246 365 414 140 248 598 765 223 537 -1 136 260 345 242 451 153 192 116 148 576 485 376 260 504 477 159 334 223 499 262 483 143 671 416 467 523 180 551 185 153 384 413 
401 377 293 371 383 512 568 75 260 390 278 265 227 463 744 359 601 136 -1 379 412 275 360 259 189 104 262 503 444 510 263 632 418 225 238 159 433 347 365 145 535 411 571 640 315 433 87 258 322 294 
194 367 479 675 282 521 722 437 267 560 643 248 323 836 980 145 651 260 379 -1 486 232 711 122 435 296 116 829 724 277 489 433 726 362 595 482 751 117 740 277 907 634 498 500 190 809 383 303 637 670 
324 727 148 348 223 110 238 478 589 126 624 247 593 754 517 348 192 345 412 486 -1 579 458 449 239 455 430 491 345 354 194 367 385 191 410 322 420 556 565 487 820 220 211 314 296 615 497 202 346 520 
384 153 510 641 435 649 787 297 37 607 476 341 101 669 1001 326 768 242 275 232 579 -1 635 152 425 172 174 779 710 489 498 643 691 401 513 428 707 127 624 130 737 655 663 692 330 691 227 378 595 554 
658 719 321 126 588 563 440 349 617 344 307 506 573 337 470 640 576 451 360 711 458 635 -1 602 293 464 599 156 192 742 280 809 129 390 122 229 114 702 130 505 390 276 669 771 579 160 417 462 111 135 
233 305 407 579 285 507 671 314 178 498 520 202 220 713 909 175 631 153 259 122 449 152 602 -1 343 173 22 729 636 340 406 492 630 289 483 376 653 112 623 157 785 560 513 539 179 691 261 248 538 552 
364 552 104 239 300 347 379 245 421 200 386 213 404 532 576 348 420 192 189 435 239 425 293 343 -1 264 334 395 293 452 75 536 290 98 200 88 317 453 365 305 601 230 429 516 287 426 277 169 204 306 
362 287 359 470 371 542 639 143 160 458 347 254 141 540 836 311 647 116 104 296 455 172 464 173 264 -1 183 606 540 474 339 612 519 264 342 257 535 248 463 42 612 494 583 636 281 532 88 269 423 393 
212 327 393 572 263 487 655 322 200 483 529 183 240 721 896 154 611 148 262 116 430 174 599 22 334 183 -1 723 627 320 395 471 623 275 481 371 646 127 624 171 793 547 491 517 157 693 271 230 532 554 
747 871 384 157 664 581 392 501 763 364 457 603 723 446 335 740 558 576 503 829 491 779 156 729 395 606 723 -1 148 817 354 858 109 481 270 355 78 835 256 649 482 273 695 802 677 246 568 553 192 286 
621 822 254 81 532 433 256 464 701 218 485 485 671 529 304 620 412 485 444 724 345 710 192 636 293 540 627 148 -1 682 235 713 64 364 250 285 94 747 322 583 579 126 547 655 558 342 522 432 130 319 
112 636 433 662 154 329 582 585 518 471 787 251 560 962 869 167 456 376 510 277 354 489 742 340 452 474 320 817 682 -1 467 156 708 354 651 533 741 392 815 479 1034 564 260 230 196 878 558 284 641 752 
392 627 46 196 313 305 304 313 496 128 433 251 479 559 505 387 360 260 263 489 194 498 280 406 75 339 395 354 235 467 -1 529 245 129 215 134 276 519 375 380 626 156 400 496 324 429 351 199 174 326 
259 792 487 711 249 297 558 708 671 494 901 367 709 1064 847 317 398 504 632 433 367 643 809 492 536 612 471 858 713 156 529 -1 751 441 735 623 786 549 899 622 1135 588 188 101 330 957 690 381 701 842 
638 794 274 51 555 480 319 428 678 260 429 496 644 465 350 632 470 477 418 726 385 691 129 630 290 519 623 109 64 708 245 751 -1 373 204 262 35 738 259 561 514 174 593 699 569 277 491 444 95 260 
268 542 118 323 202 286 386 296 405 209 467 122 404 623 621 258 383 159 225 362 191 401 390 289 98 264 275 481 364 354 129 441 373 -1 298 182 403 401 463 299 694 273 350 429 196 524 307 72 294 402 
558 600 262 168 500 520 457 230 495 318 243 406 453 344 553 534 560 334 238 595 410 513 122 483 200 342 481 270 250 651 215 735 204 298 -1 119 208 581 164 383 410 281 615 709 476 226 297 367 121 110 
439 537 177 213 383 432 428 190 417 260 301 286 386 443 585 415 494 223 159 482 322 428 229 376 88 257 371 355 285 533 134 623 262 182 119 -1 280 480 282 299 513 260 517 605 357 346 240 249 167 220 
669 805 307 79 588 516 350 437 693 296 420 525 656 442 356 661 505 499 433 751 420 707 114 653 317 535 646 78 94 741 276 786 35 403 208 280 -1 760 239 577 489 209 628 734 599 250 502 475 115 249 
300 250 519 687 374 607 782 389 165 610 585 309 227 779 1022 245 734 262 347 117 556 127 702 112 453 248 127 835 747 392 519 549 738 401 581 480 760 -1 711 215 849 672 599 610 271 780 325 357 645 640 
720 682 420 255 665 674 570 327 599 461 211 568 546 207 588 693 698 483 365 740 565 624 130 623 365 463 624 256 322 815 375 899 259 463 164 282 239 711 -1 500 262 402 774 871 637 68 396 531 230 71 
366 247 398 513 387 571 678 175 117 497 371 274 105 565 878 312 679 143 145 277 487 130 505 157 305 42 171 649 583 479 380 622 561 299 383 299 577 215 500 -1 636 535 605 652 291 568 110 295 466 429 
930 741 672 516 891 930 831 470 704 721 265 783 640 72 815 893 960 671 535 907 820 737 390 785 601 612 793 482 579 1034 626 1135 514 694 410 513 489 849 262 636 -1 664 1025 1117 844 239 526 756 492 300 
511 782 154 150 417 308 176 450 651 93 524 387 633 606 349 517 300 416 411 634 220 655 276 560 230 494 547 273 126 564 156 588 174 273 281 260 209 672 402 535 664 -1 422 529 456 436 497 333 173 378 
304 817 353 558 228 115 371 645 683 332 814 330 705 957 659 355 210 467 571 498 211 663 669 513 429 583 491 695 547 260 400 188 593 350 615 517 628 599 774 605 1025 422 -1 108 333 825 646 316 558 725 
310 844 451 663 265 223 476 715 716 439 896 382 747 1048 763 368 307 523 640 500 314 692 771 539 516 636 517 802 655 230 496 101 699 429 709 605 734 610 871 652 1117 529 108 -1 364 925 707 382 659 819 
86 483 305 520 105 336 532 389 352 376 592 74 382 771 796 62 464 180 315 190 296 330 579 179 287 281 157 677 558 196 324 330 569 196 476 357 599 271 637 291 844 456 333 364 -1 702 362 125 490 570 
785 744 473 286 726 721 596 394 666 504 260 632 611 199 581 759 736 551 433 809 615 691 160 691 426 532 693 246 342 878 429 957 277 524 226 346 250 780 68 568 239 436 825 925 702 -1 464 594 271 139 
445 303 380 446 444 593 656 70 202 477 261 325 155 455 825 396 687 185 87 383 497 227 417 261 277 88 271 568 522 558 351 690 491 307 297 240 502 325 396 110 526 497 646 707 362 464 -1 329 397 327 
196 527 179 395 135 275 424 333 389 257 519 54 399 685 676 188 389 153 258 303 202 378 462 248 169 269 230 553 432 284 199 381 444 72 367 249 475 357 531 295 756 333 316 382 125 594 329 -1 367 469 
563 699 213 49 487 451 345 335 582 233 361 416 548 433 435 551 468 384 322 637 346 595 111 538 204 423 532 192 130 641 174 701 95 294 121 167 115 645 230 466 492 173 558 659 490 271 397 367 -1 206 
655 617 372 242 603 630 552 257 530 425 172 503 478 234 605 626 666 413 294 670 520 554 135 552 306 393 554 286 319 752 326 842 260 402 110 220 249 640 71 429 300 378 725 819 570 139 327 469 206 -1 
