50
-1 397 513 582 406 193 473 268 586 450 732 381 328 463 800 203 167 184 483 506 714 743 439 470 655 702 549 317 355 151 699 303 109 657 136 818 625 164 554 736 533 454 915 855 392 752 554 375 424 436 
397 -1 406 195 527 205 271 431 373 511 391 165 111 287 407 423 500 321 461 435 398 352 627 108 342 319 195 580 464 437 302 517 311 419 347 450 280 380 337 339 160 434 572 509 323 355 394 375 121 202 
513 406 -1 409 266 435 143 714 137 855 381 242 320 121 680 670 477 328 101 44 329 639 377 505 732 458 581 431 242 644 531 782 411 824 378 780 332 364 743 556 363 802 920 859 695 602 66 147 527 207 
582 195 409 -1 613 395 270 623 314 681 217 243 258 296 275 619 662 470 496 451 245 230 724 200 361 123 227 711 558 633 133 710 485 481 508 371 126 531 433 166 55 593 512 452 487 201 367 448 262 227 
406 527 266 613 -1 440 355 665 401 838 638 379 416 330 887 605 291 261 170 227 591 839 114 635 868 691 723 184 64 557 745 709 345 928 285 964 570 246 831 776 559 816 1094 1031 725 815 332 164 629 386 
193 205 435 395 440 -1 347 282 466 421 566 232 158 347 607 250 318 182 445 445 558 550 514 278 479 518 360 430 376 245 507 358 125 506 181 630 455 223 404 544 351 381 734 673 285 559 455 334 238 291 
473 271 143 270 355 347 -1 629 119 751 293 120 204 26 545 596 485 302 225 181 257 501 470 365 590 336 439 486 310 582 397 705 364 685 353 639 214 355 608 425 221 688 778 716 578 468 122 194 393 69 
268 431 714 623 665 282 629 -1 748 184 821 512 431 629 760 67 430 413 711 720 823 706 706 444 536 745 489 584 608 131 704 86 323 487 380 731 710 419 394 739 592 213 792 741 208 736 737 599 379 570 
586 373 137 314 401 466 119 748 -1 867 245 237 320 123 570 715 582 409 238 181 192 535 514 455 665 337 517 558 371 700 421 824 478 771 461 682 213 457 703 441 279 800 825 766 689 490 71 262 492 180 
450 511 855 681 838 421 751 184 867 -1 895 630 547 757 752 251 614 579 866 867 908 704 886 483 489 794 497 767 778 314 732 196 493 398 552 690 788 593 332 763 663 102 719 678 194 748 868 755 419 686 
732 391 381 217 638 566 293 821 245 895 -1 352 409 316 377 807 772 582 483 426 61 360 753 417 559 143 440 779 600 811 246 906 625 688 630 509 111 640 649 248 232 809 650 598 701 300 317 485 477 302 
381 165 242 243 379 232 120 512 237 630 352 -1 83 128 512 482 428 235 295 270 334 461 487 270 503 345 353 467 320 474 376 590 273 585 279 585 248 295 501 410 188 568 716 654 459 443 240 218 285 59 
328 111 320 258 416 158 204 431 320 547 409 83 -1 211 505 406 406 217 361 343 399 451 515 219 452 374 307 472 353 403 383 512 228 520 251 559 299 278 431 420 207 485 683 620 376 444 323 268 218 140 
463 287 121 296 330 347 26 629 123 757 316 128 211 -1 571 594 468 288 199 158 277 527 444 384 611 362 459 463 285 577 423 704 354 703 339 664 240 339 624 451 246 697 802 741 587 494 111 169 408 86 
800 407 680 275 887 607 545 760 570 752 377 512 505 571 -1 778 908 723 770 723 434 56 998 332 280 240 270 975 832 810 149 844 719 412 754 138 357 784 428 131 329 650 274 228 570 80 632 723 389 502 
203 423 670 619 605 250 596 67 715 251 807 482 406 594 778 -1 363 359 660 673 804 723 642 452 571 742 508 518 549 63 710 111 269 535 322 760 696 359 438 746 582 276 831 778 253 748 698 548 389 542 
167 500 477 662 291 318 485 430 582 614 772 428 406 468 908 363 -1 193 416 456 742 852 291 591 797 772 676 156 260 304 789 452 193 814 154 944 675 133 711 825 608 621 1052 991 557 850 532 329 556 471 
184 321 328 470 261 182 302 413 409 579 582 235 217 288 723 359 193 -1 302 322 555 668 332 421 643 579 509 260 199 322 599 469 90 684 51 771 482 61 584 635 416 554 888 826 464 662 371 192 398 280 
483 461 101 496 170 445 225 711 238 866 483 295 361 199 770 660 416 302 -1 58 431 726 278 566 799 554 648 346 162 625 622 771 392 879 347 863 429 322 792 649 446 824 1000 938 721 693 167 112 578 277 
506 435 44 451 227 445 181 720 181 867 426 270 343 158 723 673 456 322 58 -1 373 681 336 537 767 502 616 398 210 643 574 784 408 854 370 821 377 351 771 599 403 819 960 898 713 645 109 131 555 241 
714 398 329 245 591 558 257 823 192 908 61 334 399 277 434 804 742 555 431 373 -1 413 705 439 600 195 472 739 556 803 297 907 606 725 604 563 122 611 679 303 247 827 705 652 717 356 264 442 495 278 
743 352 639 230 839 550 501 706 535 704 360 461 451 527 56 723 852 668 726 681 413 -1 948 276 245 217 216 922 782 754 117 791 663 381 699 150 325 729 386 113 281 603 293 238 520 64 594 675 334 455 
439 627 377 724 114 514 470 706 514 886 753 487 515 444 998 642 291 332 278 336 705 948 -1 734 965 806 822 141 166 588 857 739 403 1015 341 1070 685 298 916 888 670 876 1198 1135 794 926 444 277 722 498 
470 108 505 200 635 278 365 444 455 483 417 270 219 384 332 452 591 421 566 537 439 276 734 -1 234 311 88 681 572 479 260 530 398 319 442 353 317 477 248 295 194 393 467 405 288 296 486 483 65 297 
655 342 732 361 868 479 590 536 665 489 559 503 452 611 280 571 797 643 799 767 600 245 965 234 -1 420 151 903 805 618 324 613 605 136 656 201 485 696 157 341 385 387 262 206 329 305 706 718 245 525 
702 319 458 123 691 518 336 745 337 794 143 345 374 362 240 742 772 579 554 502 195 217 806 311 420 -1 314 807 642 756 102 831 602 552 620 367 125 640 523 109 168 702 509 456 599 161 403 528 376 313 
549 195 581 227 723 360 439 489 517 497 440 353 307 459 270 508 676 509 648 616 472 216 822 88 151 314 -1 770 660 543 237 574 483 256 529 269 352 565 209 267 241 399 379 317 307 252 556 569 125 374 
317 580 431 711 184 430 486 584 558 767 779 467 472 463 975 518 156 260 346 398 739 922 141 681 903 807 770 -1 188 460 843 609 307 936 249 1030 696 208 834 877 655 768 1149 1086 694 909 495 297 658 494 
355 464 242 558 64 376 310 608 371 778 600 320 353 285 832 549 260 199 162 210 556 782 166 572 805 642 660 188 -1 505 691 656 285 863 228 904 524 191 767 723 503 753 1033 970 661 760 307 115 565 332 
151 437 644 633 557 245 582 131 700 314 811 474 403 577 810 63 304 322 625 643 803 754 588 479 618 756 543 460 505 -1 732 152 234 590 280 802 700 313 491 769 592 339 879 825 309 775 677 515 420 533 
699 302 531 133 745 507 397 704 421 732 246 376 383 423 149 710 789 599 622 574 297 117 857 260 324 102 237 843 691 732 -1 791 608 459 635 267 209 661 440 36 188 636 410 355 540 70 482 580 326 359 
303 517 782 710 709 358 705 86 824 196 906 590 512 704 844 111 452 469 771 784 907 791 739 530 613 831 574 609 656 152 791 -1 379 553 430 811 795 464 465 826 677 260 865 816 283 822 809 659 465 649 
109 311 411 485 345 125 364 323 478 493 625 273 228 354 719 269 193 90 392 408 606 663 403 398 605 602 483 307 285 234 608 379 -1 629 62 751 519 105 527 644 435 474 859 798 391 665 448 280 362 327 
657 419 824 481 928 506 685 487 771 398 688 585 520 703 412 535 814 684 879 854 725 381 1015 319 136 552 256 936 863 590 459 553 629 -1 687 314 607 729 103 477 497 301 321 284 281 441 805 788 302 617 
136 347 378 508 285 181 353 380 461 552 630 279 251 339 754 322 154 51 347 370 604 699 341 442 656 620 529 249 228 280 635 430 62 687 -1 795 528 43 585 671 455 535 907 845 452 696 422 239 412 327 
818 450 780 371 964 630 639 731 682 690 509 585 559 664 138 760 944 771 863 821 563 150 1070 353 201 367 269 1030 904 802 267 811 751 314 795 -1 474 829 358 260 417 588 143 90 527 208 738 802 394 587 
625 280 332 126 570 455 214 710 213 788 111 248 299 240 357 696 675 482 429 377 122 325 685 317 485 125 352 696 524 700 209 795 519 607 528 474 -1 542 557 228 124 705 617 560 596 277 278 409 373 204 
164 380 364 531 246 223 355 419 457 593 640 295 278 339 784 359 133 61 322 351 611 729 298 477 696 640 565 208 191 313 661 464 105 729 43 829 542 -1 627 696 477 578 944 882 496 723 413 219 451 338 
554 337 743 433 831 404 608 394 703 332 649 501 431 624 428 438 711 584 792 771 679 386 916 248 157 523 209 834 767 491 440 465 527 103 585 358 557 627 -1 465 439 230 399 352 185 438 730 697 216 539 
736 339 556 166 776 544 425 739 441 763 248 410 420 451 131 746 825 635 649 599 303 113 888 295 341 109 267 877 723 769 36 826 644 477 671 260 228 696 465 -1 222 666 401 350 571 52 505 611 360 390 
533 160 363 55 559 351 221 592 279 663 232 188 207 246 329 582 608 416 446 403 247 281 670 194 385 168 241 655 503 592 188 677 435 497 455 417 124 477 439 222 -1 580 556 495 471 256 326 394 248 173 
454 434 802 593 816 381 688 213 800 102 809 568 485 697 650 276 621 554 824 819 827 603 876 393 387 702 399 768 753 339 636 260 474 301 535 588 705 578 230 666 580 -1 621 578 111 649 808 716 332 621 
915 572 920 512 1094 734 778 792 825 719 650 716 683 802 274 831 1052 888 1000 960 705 293 1198 467 262 509 379 1149 1033 879 410 865 859 321 907 143 617 944 399 401 556 621 -1 62 583 349 880 935 496 723 
855 509 859 452 1031 673 716 741 766 678 598 654 620 741 228 778 991 826 938 898 652 238 1135 405 206 456 317 1086 970 825 355 816 798 284 845 90 560 882 352 350 495 578 62 -1 533 298 820 872 435 661 
392 323 695 487 725 285 578 208 689 194 701 459 376 587 570 253 557 464 721 713 717 520 794 288 329 599 307 694 661 309 540 283 391 281 452 527 596 496 185 571 471 111 583 533 -1 559 699 615 224 510 
752 355 602 201 815 559 468 736 490 748 300 443 444 494 80 748 850 662 693 645 356 64 926 296 305 161 252 909 760 775 70 822 665 441 696 208 277 723 438 52 256 649 349 298 559 -1 553 650 358 428 
554 394 66 367 332 455 122 737 71 868 317 240 323 111 632 698 532 371 167 109 264 594 444 486 706 403 556 495 307 677 482 809 448 805 422 738 278 413 730 505 326 808 880 820 699 553 -1 204 515 192 
375 375 147 448 164 334 194 599 262 755 485 218 268 169 723 548 329 192 112 131 442 675 277 483 718 528 569 297 115 515 580 659 280 788 239 802 409 219 697 611 394 716 935 872 615 650 204 -1 486 221 
424 121 527 262 629 238 393 379 492 419 477 285 218 408 389 389 556 398 578 555 495 334 722 65 245 376 125 658 565 420 326 465 362 302 412 394 373 451 216 360 248 332 496 435 224 358 515 486 -1 323 
436 202 207 227 386 291 69 570 180 686 302 59 140 86 502 542 471 280 277 241 278 455 498 297 525 313 374 494 332 533 359 649 327 617 327 587 204 338 539 390 173 621 723 661 510 428 192 221 323 -1 
