50
-1 401 447 806 506 721 99 620 276 439 118 708 798 655 558 639 269 616 834 482 415 297 215 133 717 202 466 163 280 575 736 149 900 891 341 148 252 460 578 360 674 644 636 255 63 77 313 631 123 555 
401 -1 94 408 245 494 315 342 249 131 283 358 397 301 389 375 202 287 469 160 175 382 290 309 522 216 348 348 431 338 691 400 506 507 91 509 488 95 579 464 561 322 394 455 358 326 91 451 369 256 
447 94 -1 365 327 401 352 248 235 217 336 398 365 343 305 447 201 196 393 237 107 360 292 335 431 285 441 423 416 247 615 415 454 444 106 534 485 166 516 433 478 379 469 448 414 378 140 362 390 161 
806 408 365 -1 475 477 715 363 593 433 691 340 52 329 513 500 565 282 187 410 439 703 654 700 534 624 633 752 764 422 803 779 103 138 468 899 840 381 767 761 650 397 535 802 767 733 493 521 755 341 
506 245 327 475 -1 721 456 563 469 114 398 221 438 181 632 141 417 489 609 92 421 600 489 472 756 310 158 376 638 573 936 569 578 607 323 646 676 161 822 686 805 144 152 651 445 432 297 690 531 479 
721 494 401 477 721 -1 626 158 445 616 647 723 519 681 166 824 464 242 328 629 343 464 506 588 58 638 842 769 519 160 336 611 489 429 460 734 603 560 353 468 191 736 851 566 719 679 505 104 613 241 
99 315 352 715 456 626 -1 521 181 373 63 643 709 588 465 595 170 517 736 416 316 228 126 43 625 146 446 184 230 478 665 119 806 795 247 196 234 385 511 304 591 585 597 220 98 63 224 538 80 456 
620 342 248 363 563 158 521 -1 347 459 530 571 396 527 152 666 351 91 265 471 211 408 414 488 199 506 688 642 469 65 444 533 404 357 321 660 554 403 405 441 292 580 693 514 607 567 365 161 525 86 
276 249 235 593 469 445 181 347 -1 360 209 607 598 550 285 609 51 357 581 399 158 134 67 143 445 230 518 339 183 299 514 192 673 652 158 318 249 342 373 217 421 568 621 213 275 236 172 358 179 291 
439 131 217 433 114 616 373 459 360 -1 323 270 406 216 519 249 310 392 538 43 307 493 387 382 648 237 231 337 535 464 822 479 536 554 210 569 580 60 708 578 692 214 264 552 383 362 188 579 443 374 
118 283 336 691 398 647 63 530 209 323 -1 593 680 540 492 536 183 515 728 366 319 281 168 99 651 88 383 132 290 493 712 183 785 780 230 248 297 342 562 362 629 532 537 284 78 42 198 565 143 458 
708 358 398 340 221 723 643 571 607 270 593 -1 290 56 683 172 559 481 514 227 505 740 645 650 770 506 360 593 789 603 998 746 429 478 449 840 842 266 912 820 852 81 206 811 651 631 442 724 711 502 
798 397 365 52 438 519 709 396 598 406 680 290 -1 283 543 453 567 311 239 379 448 714 657 697 575 609 596 733 774 452 840 780 142 188 464 897 847 358 796 777 687 350 488 810 755 723 485 557 754 365 
655 301 343 329 181 681 588 527 550 216 540 56 283 -1 633 171 503 438 492 173 451 684 588 594 726 453 331 544 732 556 948 690 425 467 392 785 786 210 859 764 804 68 206 755 599 578 385 677 656 455 
558 389 305 513 632 166 465 152 285 519 492 683 543 633 -1 752 311 232 413 542 216 298 342 425 159 494 732 619 354 91 315 445 556 509 332 567 439 472 253 309 173 678 775 401 561 521 375 73 447 185 
639 375 447 500 141 824 595 666 609 249 536 172 453 171 752 -1 558 583 661 215 548 741 630 613 864 449 214 499 780 685 1062 710 595 638 459 783 817 283 955 826 925 103 34 793 577 567 436 805 672 586 
269 202 201 565 417 464 170 351 51 310 183 559 567 503 311 558 -1 348 569 349 145 183 91 142 469 188 468 307 229 310 559 213 650 633 112 335 287 294 422 268 458 519 569 254 257 217 121 384 191 285 
616 287 196 282 489 242 517 91 357 392 515 481 311 438 232 583 348 -1 223 398 202 444 424 490 289 476 622 614 506 141 534 549 337 301 289 676 588 332 485 490 383 494 612 548 593 555 330 251 535 67 
834 469 393 187 609 328 736 265 581 538 728 514 239 492 413 661 569 223 -1 528 424 665 648 711 386 678 761 815 727 330 664 773 164 101 497 899 810 479 659 704 516 559 695 770 806 769 534 398 758 290 
482 160 237 410 92 629 416 471 399 43 366 227 379 173 542 215 349 398 528 -1 334 532 428 425 664 279 233 376 576 481 849 522 513 536 245 612 622 70 740 616 715 172 234 594 425 404 227 599 486 387 
415 175 107 439 421 343 316 211 158 307 319 505 448 451 216 548 145 202 424 334 -1 266 224 287 361 297 515 431 325 182 515 349 516 493 118 475 401 265 409 332 386 485 568 363 397 357 162 282 333 140 
297 382 360 703 600 464 228 408 134 493 281 740 714 684 298 741 183 444 665 532 266 -1 119 185 447 334 636 412 61 348 439 157 776 746 291 271 145 476 283 86 383 702 752 106 323 291 305 363 174 376 
215 290 292 654 489 506 126 414 67 387 168 645 657 588 342 630 91 424 648 428 224 119 -1 83 501 214 517 301 149 364 543 125 737 717 202 251 198 378 393 205 465 600 639 166 224 187 203 415 111 359 
133 309 335 700 472 588 43 488 143 382 99 650 697 594 425 613 142 490 711 425 287 185 83 -1 585 170 476 227 191 442 621 97 789 774 233 200 206 387 467 263 548 596 617 187 142 107 217 498 61 427 
717 522 431 534 756 58 625 199 445 648 651 770 575 726 159 864 469 289 386 664 361 447 501 585 -1 650 870 777 497 184 278 599 548 487 479 718 580 594 305 440 136 779 890 544 720 681 523 86 604 277 
202 216 285 624 310 638 146 506 230 237 88 506 609 453 494 449 188 476 678 279 297 334 214 170 650 -1 306 138 355 479 745 263 722 722 187 336 376 261 602 419 646 444 450 357 148 125 146 566 224 427 
466 348 441 633 158 842 446 688 518 231 383 360 596 331 732 214 468 622 761 233 515 636 517 476 870 306 -1 309 662 686 1020 566 736 764 401 614 680 291 890 723 901 278 196 663 402 403 363 797 527 602 
163 348 423 752 376 769 184 642 339 337 132 593 733 544 619 499 307 614 815 376 431 412 301 227 777 138 309 -1 414 611 845 292 852 856 325 310 405 376 694 489 760 520 491 399 103 123 284 692 256 564 
280 431 416 764 638 519 230 469 183 535 290 789 774 732 354 780 229 506 727 576 325 61 149 191 497 355 662 414 -1 408 460 131 837 807 340 226 85 523 301 80 422 747 788 47 317 290 349 416 160 438 
575 338 247 422 573 160 478 65 299 464 493 603 452 556 91 685 310 141 330 481 182 348 364 442 184 479 686 611 408 -1 398 479 467 422 300 606 493 411 344 377 248 605 710 454 567 527 344 120 475 101 
736 691 615 803 936 336 665 444 514 822 712 998 840 948 315 1062 559 534 664 849 515 439 543 621 278 745 1020 845 460 398 -1 590 825 765 620 679 521 779 160 381 152 992 1083 498 762 728 656 283 613 498 
149 400 415 779 569 611 119 533 192 479 183 746 780 690 445 710 213 549 773 522 349 157 125 97 599 263 566 292 131 479 590 -1 863 843 318 127 115 481 431 212 540 693 713 108 191 171 309 513 39 483 
900 506 454 103 578 489 806 404 673 536 785 429 142 425 556 595 650 337 164 513 516 776 737 789 548 722 736 852 837 467 825 863 -1 69 559 986 916 483 808 827 674 492 630 877 862 828 587 552 842 402 
891 507 444 138 607 429 795 357 652 554 780 478 188 467 509 638 633 301 101 536 493 746 717 774 487 722 764 856 807 422 765 843 69 -1 550 968 889 497 757 791 617 535 673 849 858 822 582 498 825 369 
341 91 106 468 323 460 247 321 158 210 230 449 464 392 332 459 112 289 497 245 118 291 202 233 479 187 401 325 340 300 620 318 559 550 -1 433 399 185 499 373 499 412 475 366 309 272 44 400 290 240 
148 509 534 899 646 734 196 660 318 569 248 840 897 785 567 783 335 676 899 612 475 271 251 200 718 336 614 310 226 606 679 127 986 968 433 -1 159 581 519 300 648 780 781 183 211 215 417 634 143 610 
252 488 485 840 676 603 234 554 249 580 297 842 847 786 439 817 287 588 810 622 401 145 198 206 580 376 680 405 85 493 521 115 916 889 399 159 -1 575 361 146 498 794 823 39 303 285 400 500 154 520 
460 95 166 381 161 560 385 403 342 60 342 266 358 210 472 283 294 332 479 70 265 476 378 387 594 261 291 376 523 411 779 481 483 497 185 581 575 -1 673 558 645 226 303 545 409 383 175 528 448 318 
578 579 516 767 822 353 511 405 373 708 562 912 796 859 253 955 422 485 659 740 409 283 393 467 305 602 890 694 301 344 160 431 808 757 499 519 361 673 -1 221 177 894 973 338 607 574 530 262 455 433 
360 464 433 761 686 468 304 441 217 578 362 820 777 764 309 826 268 490 704 616 332 86 205 263 440 419 723 489 80 377 381 212 827 791 373 300 146 558 221 -1 352 785 838 117 395 366 390 363 239 424 
674 561 478 650 805 191 591 292 421 692 629 852 687 804 173 925 458 383 516 715 386 383 465 548 136 646 901 760 422 248 152 540 674 617 499 648 498 645 177 352 -1 850 948 467 689 652 539 131 554 350 
644 322 379 397 144 736 585 580 568 214 532 81 350 68 678 103 519 494 559 172 485 702 600 596 779 444 278 520 747 605 992 693 492 535 412 780 794 226 894 785 850 -1 138 766 584 568 398 725 657 504 
636 394 469 535 152 851 597 693 621 264 537 206 488 206 775 34 569 612 695 234 568 752 639 617 890 450 196 491 788 710 1083 713 630 673 475 781 823 303 973 838 948 138 -1 799 573 566 449 829 675 612 
255 455 448 802 651 566 220 514 213 552 284 811 810 755 401 793 254 548 770 594 363 106 166 187 544 357 663 399 47 454 498 108 877 849 366 183 39 545 338 117 467 766 799 -1 299 277 369 463 143 480 
63 358 414 767 445 719 98 607 275 383 78 651 755 599 561 577 257 593 806 425 397 323 224 142 720 148 402 103 317 567 762 191 862 858 309 211 303 409 607 395 689 584 573 299 -1 39 275 634 157 536 
77 326 378 733 432 679 63 567 236 362 42 631 723 578 521 567 217 555 769 404 357 291 187 107 681 125 403 123 290 527 728 171 828 822 272 215 285 383 574 366 652 568 566 277 39 -1 241 594 133 497 
313 91 140 493 297 505 224 365 172 188 198 442 485 385 375 436 121 330 534 227 162 305 203 217 523 146 363 284 349 344 656 309 587 582 44 417 400 175 530 390 539 398 449 369 275 241 -1 443 277 283 
631 451 362 521 690 104 538 161 358 579 565 724 557 677 73 805 384 251 398 599 282 363 415 498 86 566 797 692 416 120 283 513 552 498 400 634 500 528 262 363 131 725 829 463 634 594 443 -1 518 222 
123 369 390 755 531 613 80 525 179 443 143 711 754 656 447 672 191 535 758 486 333 174 111 61 604 224 527 256 160 475 613 39 842 825 290 143 154 448 455 239 554 657 675 143 157 133 277 518 -1 470 
555 256 161 341 479 241 456 86 291 374 458 502 365 455 185 586 285 67 290 387 140 376 359 427 277 427 602 564 438 101 498 483 402 369 240 610 520 318 433 424 350 504 612 480 536 497 283 222 470 -1 
