50
-1 676 302 715 286 58 449 518 287 411 507 376 111 127 409 465 174 214 274 157 441 457 362 320 504 276 344 101 546 177 215 482 407 381 478 215 102 229 409 424 466 208 148 284 268 221 126 449 154 596 
676 -1 375 840 485 618 703 496 807 650 197 801 626 743 463 1093 818 780 473 572 265 236 750 692 381 447 614 695 277 705 600 285 785 1029 543 815 574 755 725 574 821 880 567 405 938 680 639 965 535 96 
302 375 -1 719 172 243 489 404 485 432 208 485 254 384 296 742 444 439 189 206 178 177 441 414 325 115 327 336 311 344 287 246 522 669 403 466 202 401 443 388 574 505 217 93 563 361 289 657 176 301 
715 840 719 -1 866 705 266 349 497 308 834 1087 795 628 428 719 864 559 537 801 633 667 1064 397 465 814 1000 622 564 888 508 575 338 737 321 596 683 944 1098 331 294 836 601 626 883 496 589 488 633 752 
286 485 172 866 -1 240 618 570 546 565 288 324 186 406 458 751 365 483 330 130 345 337 276 518 497 57 154 365 480 231 384 416 625 665 562 496 225 274 271 535 681 447 290 250 496 440 343 719 248 434 
58 618 243 705 240 -1 440 483 312 398 448 382 91 165 370 516 220 245 230 118 386 400 359 318 459 223 319 126 494 185 197 429 415 435 448 255 46 244 399 399 473 265 112 229 325 224 121 481 104 538 
449 703 489 266 618 440 -1 239 257 57 642 822 531 366 241 533 600 306 299 541 453 488 800 132 334 570 743 356 438 623 245 418 118 524 175 347 421 678 836 129 125 579 340 396 629 230 323 323 376 607 
518 496 404 349 570 483 239 -1 448 203 487 846 559 490 115 748 691 467 258 543 287 320 812 301 116 513 719 458 219 662 313 225 350 720 65 512 444 723 830 128 364 701 371 319 759 358 402 556 384 405 
287 807 485 497 546 312 257 448 -1 257 685 652 395 163 385 302 389 75 333 431 541 570 644 147 501 517 629 187 587 459 207 541 158 273 385 101 321 501 695 320 208 344 270 414 387 127 204 173 313 712 
411 650 432 308 565 398 57 203 257 -1 585 780 487 342 186 549 570 294 243 493 397 431 756 114 286 516 694 325 388 582 200 364 148 530 137 337 374 639 790 79 172 558 293 339 611 202 285 353 326 553 
507 197 208 834 288 448 642 487 685 585 -1 604 442 593 411 950 634 644 362 385 200 167 553 595 376 255 417 544 302 513 480 265 699 877 513 673 409 561 530 522 745 703 423 271 759 558 496 854 383 167 
376 801 485 1087 324 382 822 846 652 780 604 -1 293 489 731 728 283 576 588 303 663 659 52 696 796 375 190 477 796 199 579 730 784 631 821 562 409 150 108 778 842 369 490 539 381 598 499 795 466 757 
111 626 254 795 186 91 531 559 395 487 442 293 -1 238 444 568 191 324 301 58 421 428 269 410 522 192 233 208 542 103 287 476 506 479 529 327 116 165 307 484 564 264 196 273 318 315 212 560 175 556 
127 743 384 628 406 165 366 490 163 342 593 489 238 -1 396 358 236 88 289 281 489 511 481 233 506 387 471 48 569 295 180 512 301 286 438 90 189 338 532 376 357 216 176 338 271 139 106 321 210 655 
409 463 296 428 458 370 241 115 385 186 411 731 444 396 -1 688 583 388 143 427 215 249 696 246 115 402 605 359 207 547 216 177 327 648 107 432 331 609 715 113 358 600 260 208 659 276 300 520 269 366 
465 1093 742 719 751 516 533 748 302 549 950 728 568 358 688 -1 448 312 622 621 830 857 742 447 803 740 781 406 887 579 495 839 416 96 684 278 547 593 807 619 436 358 529 688 353 419 455 231 566 1001 
174 818 444 864 365 220 600 691 389 570 634 283 191 236 583 448 -1 315 448 248 602 613 293 467 677 381 345 245 714 144 382 649 537 352 648 291 266 145 358 592 592 93 322 447 132 369 291 517 324 746 
214 780 439 559 483 245 306 467 75 294 644 576 324 88 388 312 315 -1 309 363 517 544 569 179 503 458 557 118 580 383 184 528 224 260 409 44 260 425 621 344 278 277 222 378 324 112 150 236 263 688 
274 473 189 537 330 230 299 258 333 243 362 588 301 289 143 622 448 309 -1 285 208 237 555 233 229 277 470 244 280 404 127 222 339 566 236 347 189 466 576 205 387 475 126 97 536 206 183 496 127 379 
157 572 206 801 130 118 541 543 431 493 385 303 58 281 427 621 248 363 285 -1 379 383 270 426 494 133 204 244 505 138 296 438 528 534 520 371 121 197 296 480 586 323 201 239 376 337 235 600 168 506 
441 265 178 633 345 386 453 287 541 397 200 663 421 489 215 830 602 517 208 379 -1 34 618 427 180 289 499 441 135 517 336 75 524 771 314 554 340 576 617 328 564 650 313 157 710 414 382 699 289 171 
457 236 177 667 337 400 488 320 570 431 167 659 428 511 249 857 613 544 237 383 34 -1 613 460 210 283 489 463 151 521 364 100 558 795 348 580 354 578 607 362 598 665 335 175 725 443 406 730 308 144 
362 750 441 1064 276 359 800 812 644 756 553 52 269 481 696 742 293 569 555 270 618 613 -1 677 757 329 137 464 752 185 556 687 769 646 790 559 382 150 68 749 828 384 464 500 403 581 479 794 437 708 
320 692 414 397 518 318 132 301 147 114 595 696 410 233 246 447 467 179 233 426 427 460 677 -1 360 477 631 224 453 496 134 414 108 420 238 223 305 549 717 173 162 447 229 328 499 99 197 275 270 595 
504 381 325 465 497 459 334 116 501 286 376 796 522 506 115 803 677 503 229 494 180 210 757 360 -1 440 651 466 105 624 326 111 433 763 164 546 415 686 766 206 457 703 356 256 763 391 405 631 354 288 
276 447 115 814 57 223 570 513 517 516 255 375 192 387 402 740 381 458 277 133 289 283 329 477 440 -1 211 343 424 258 342 360 584 657 507 476 199 309 328 483 640 456 252 194 509 404 313 691 208 388 
344 614 327 1000 154 319 743 719 629 694 417 190 233 471 605 781 345 557 470 204 499 489 137 631 651 211 -1 441 634 202 500 571 732 687 706 558 325 210 117 674 790 437 404 400 473 542 439 793 368 575 
101 695 336 622 365 126 356 458 187 325 544 477 208 48 359 406 245 118 244 244 441 463 464 224 466 343 441 -1 525 278 145 466 307 335 410 133 144 328 511 350 365 243 128 289 301 125 61 355 161 607 
546 277 311 564 480 494 438 219 587 388 302 796 542 569 207 887 714 580 280 505 135 151 752 453 105 424 634 525 -1 642 397 66 533 840 270 621 448 702 752 309 560 752 404 269 813 469 464 727 391 188 
177 705 344 888 231 185 623 662 459 582 513 199 103 295 547 579 144 383 404 138 517 521 185 496 624 258 202 278 642 -1 381 575 585 485 631 375 217 61 239 584 643 235 296 373 275 398 299 611 278 642 
215 600 287 508 384 197 245 313 207 200 480 579 287 180 216 495 382 184 127 296 336 364 556 134 326 342 500 145 397 381 -1 344 242 443 266 224 175 439 591 209 297 388 95 208 446 79 91 374 136 507 
482 285 246 575 416 429 418 225 541 364 265 730 476 512 177 839 649 528 222 438 75 100 687 414 111 360 571 466 66 575 344 -1 502 787 262 568 383 635 688 289 536 689 343 203 750 419 406 689 327 189 
407 785 522 338 625 415 118 350 158 148 699 784 506 301 327 416 537 224 339 528 524 558 769 108 433 584 732 307 533 585 242 502 -1 412 285 258 407 635 813 227 58 501 334 435 545 190 293 206 377 688 
381 1029 669 737 665 435 524 720 273 530 877 631 479 286 648 96 352 260 566 534 771 795 646 420 763 657 687 335 840 485 443 787 412 -1 658 218 469 497 710 593 444 262 461 623 258 372 389 262 496 940 
478 543 403 321 562 448 175 65 385 137 513 821 529 438 107 684 648 409 236 520 314 348 790 238 164 507 706 410 270 631 266 262 285 658 -1 454 413 692 813 65 300 652 336 313 709 303 357 490 355 449 
215 815 466 596 496 255 347 512 101 337 673 562 327 90 432 278 291 44 347 371 554 580 559 223 546 476 558 133 621 375 224 568 258 218 454 -1 277 412 614 389 309 243 251 410 286 156 178 236 290 724 
102 574 202 683 225 46 421 444 321 374 409 409 116 189 331 547 266 260 189 121 340 354 382 305 415 199 325 144 448 217 175 383 407 469 413 277 -1 278 415 368 465 310 81 183 370 218 118 494 61 493 
229 755 401 944 274 244 678 723 501 639 561 150 165 338 609 593 145 425 466 197 576 578 150 549 686 309 210 328 702 61 439 635 635 497 692 412 278 -1 213 644 692 237 356 434 265 451 354 646 339 696 
409 725 443 1098 271 399 836 830 695 790 530 108 307 532 715 807 358 621 576 296 617 607 68 717 766 328 117 511 752 239 591 688 813 710 813 614 415 213 -1 776 872 450 497 512 471 623 520 850 465 691 
424 574 388 331 535 399 129 128 320 79 522 778 484 376 113 619 592 344 205 480 328 362 749 173 206 483 674 350 309 584 209 289 227 593 65 389 368 644 776 -1 251 591 288 294 648 239 300 430 312 478 
466 821 574 294 681 473 125 364 208 172 745 842 564 357 358 436 592 278 387 586 564 598 828 162 457 640 790 365 560 643 297 536 58 444 300 309 465 692 872 251 -1 552 391 484 595 249 352 211 433 724 
208 880 505 836 447 265 579 701 344 558 703 369 264 216 600 358 93 277 475 323 650 665 384 447 703 456 437 243 752 235 388 689 501 262 652 243 310 237 450 591 552 -1 349 493 60 356 300 449 362 803 
148 567 217 601 290 112 340 371 270 293 423 490 196 176 260 529 322 222 126 201 313 335 464 229 356 252 404 128 404 296 95 343 334 461 336 251 81 356 497 288 391 349 -1 161 409 152 73 443 44 479 
284 405 93 626 250 229 396 319 414 339 271 539 273 338 208 688 447 378 97 239 157 175 500 328 256 194 400 289 269 373 208 203 435 623 313 410 183 434 512 294 484 493 161 -1 553 286 233 582 133 318 
268 938 563 883 496 325 629 759 387 611 759 381 318 271 659 353 132 324 536 376 710 725 403 499 763 509 473 301 813 275 446 750 545 258 709 286 370 265 471 648 595 60 409 553 -1 410 359 474 422 862 
221 680 361 496 440 224 230 358 127 202 558 598 315 139 276 419 369 112 206 337 414 443 581 99 391 404 542 125 469 398 79 419 190 372 303 156 218 451 623 239 249 356 152 286 410 -1 102 296 196 586 
126 639 289 589 343 121 323 402 204 285 496 499 212 106 300 455 291 150 183 235 382 406 479 197 405 313 439 61 464 299 91 406 293 389 357 178 118 354 520 300 352 300 73 233 359 102 -1 378 113 550 
449 965 657 488 719 481 323 556 173 353 854 795 560 321 520 231 517 236 496 600 699 730 794 275 631 691 793 355 727 611 374 689 206 262 490 236 494 646 850 430 211 449 443 582 474 296 378 -1 487 869 
154 535 176 633 248 104 376 384 313 326 383 466 175 210 269 566 324 263 127 168 289 308 437 270 354 208 368 161 391 278 136 327 377 496 355 290 61 339 465 312 433 362 44 133 422 196 113 487 -1 450 
596 96 301 752 434 538 607 405 712 553 167 757 556 655 366 1001 746 688 379 506 171 144 708 595 288 388 575 607 188 642 507 189 688 940 449 724 493 696 691 478 724 803 479 318 862 586 550 869 450 -1 
